[38;2;11;15;11;48;2;13;13;10m▀[38;2;15;15;11;48;2;15;15;11m▀[38;2;17;17;13;48;2;18;18;11m▀[38;2;27;23;12;48;2;36;23;11m▀[38;2;15;15;12;48;2;33;23;13m▀[38;2;11;11;11;48;2;11;11;9m▀[38;2;62;38;16;48;2;69;38;12m▀[38;2;182;117;13;48;2;184;116;14m▀[38;2;115;65;20;48;2;140;80;23m▀[38;2;64;49;24;48;2;33;26;17m▀[38;2;30;30;20;48;2;31;25;14m▀[38;2;97;60;35;48;2;39;27;14m▀[38;2;98;49;22;48;2;74;38;18m▀[38;2;99;48;18;48;2;95;47;19m▀[38;2;29;23;13;48;2;42;27;16m▀[38;2;16;19;12;48;2;17;17;15m▀[38;2;24;23;13;48;2;22;22;14m▀[38;2;20;20;14;48;2;20;20;17m▀[38;2;17;17;13;48;2;14;14;14m▀[38;2;13;16;13;48;2;14;14;14m▀[38;2;14;11;14;48;2;16;16;16m▀[38;2;14;12;16;48;2;14;12;16m▀[38;2;12;10;14;48;2;11;8;13m▀[38;2;14;12;16;48;2;18;15;18m▀[38;2;43;28;19;48;2;28;20;16m▀[38;2;88;45;19;48;2;74;40;22m▀[38;2;112;59;19;48;2;122;63;22m▀[38;2;97;46;16;48;2;101;48;19m▀[38;2;172;94;17;48;2;168;90;19m▀[38;2;188;126;20;48;2;192;131;23m▀[38;2;192;137;26;48;2;200;150;37m▀[38;2;197;145;36;48;2;202;150;30m▀[38;2;195;146;43;48;2;194;133;32m▀[38;2;202;164;60;48;2;207;171;66m▀[38;2;204;172;69;48;2;205;167;63m▀[38;2;201;157;52;48;2;195;132;37m▀[38;2;127;96;28;48;2;138;97;33m▀[38;2;20;13;20;48;2;19;12;19m▀[38;2;98;69;28;48;2;93;68;26m▀[38;2;198;156;44;48;2;196;143;37m▀[38;2;186;128;25;48;2;188;130;29m▀[38;2;143;75;21;48;2;161;94;25m▀[38;2;127;66;22;48;2;132;71;22m▀[38;2;133;64;16;48;2;131;61;20m▀[38;2;137;71;20;48;2;126;61;15m▀[38;2;80;41;17;48;2;92;50;20m▀[38;2;96;51;19;48;2;99;51;16m▀[38;2;91;47;16;48;2;101;50;16m▀[38;2;54;32;13;48;2;62;31;13m▀[38;2;33;24;15;48;2;42;26;16m▀[38;2;22;19;17;48;2;24;18;16m▀[38;2;21;17;9;48;2;22;18;11m▀[38;2;17;16;9;48;2;18;15;11m▀[38;2;17;15;11;48;2;18;17;10m▀[38;2;14;14;10;48;2;14;14;10m▀[38;2;12;12;10;48;2;12;12;12m▀[38;2;10;10;12;48;2;12;12;12m▀[38;2;10;8;12;48;2;11;8;12m▀[0m
[38;2;14;14;14;48;2;14;14;14m▀[38;2;14;14;12;48;2;14;14;10m▀[38;2;17;17;11;48;2;18;18;11m▀[38;2;33;23;14;48;2;26;19;9m▀[38;2;48;28;15;48;2;49;29;14m▀[38;2;16;14;10;48;2;23;17;9m▀[38;2;37;24;13;48;2;12;9;9m▀[38;2;177;102;8;48;2;139;73;11m▀[38;2;163;84;18;48;2;139;68;18m▀[38;2;111;56;25;48;2;136;72;18m▀[38;2;112;56;22;48;2;135;67;12m▀[38;2;102;49;23;48;2;140;67;17m▀[38;2;81;43;19;48;2;125;58;16m▀[38;2;71;37;18;48;2;84;44;18m▀[38;2;39;28;16;48;2;48;34;20m▀[38;2;18;18;15;48;2;20;20;17m▀[38;2;22;22;19;48;2;20;20;17m▀[38;2;20;20;17;48;2;18;18;15m▀[38;2;16;16;16;48;2;16;16;16m▀[38;2;16;16;16;48;2;17;17;17m▀[38;2;18;18;18;48;2;21;17;17m▀[38;2;16;12;16;48;2;17;14;17m▀[38;2;13;10;15;48;2;10;10;15m▀[38;2;16;16;16;48;2;15;12;17m▀[38;2;47;27;20;48;2;44;27;21m▀[38;2;69;38;23;48;2;73;38;18m▀[38;2;113;61;21;48;2;125;68;19m▀[38;2;108;54;21;48;2;128;71;21m▀[38;2;157;80;22;48;2;155;81;23m▀[38;2;186;126;44;48;2;186;118;34m▀[38;2;197;140;31;48;2;202;141;29m▀[38;2;199;133;24;48;2;197;130;25m▀[38;2;199;141;35;48;2;203;143;28m▀[38;2;207;167;59;48;2;210;164;49m▀[38;2;177;107;30;48;2;168;108;41m▀[38;2;170;97;38;48;2;139;77;34m▀[38;2;135;73;27;48;2;85;45;25m▀[38;2;21;12;21;48;2;17;12;17m▀[38;2;82;55;20;48;2;72;47;17m▀[38;2;201;148;39;48;2;191;126;24m▀[38;2;194;133;26;48;2;178;111;23m▀[38;2;174;102;19;48;2;168;95;18m▀[38;2;144;79;20;48;2;131;72;19m▀[38;2;126;58;19;48;2;118;54;18m▀[38;2;140;66;19;48;2;120;56;16m▀[38;2;104;51;17;48;2;100;51;19m▀[38;2;103;53;20;48;2;92;48;17m▀[38;2;90;46;18;48;2;80;40;17m▀[38;2;82;41;16;48;2;72;36;16m▀[38;2;51;29;18;48;2;43;25;16m▀[38;2;21;17;16;48;2;21;19;12m▀[38;2;24;18;12;48;2;23;21;9m▀[38;2;19;18;10;48;2;19;16;12m▀[38;2;16;14;12;48;2;16;14;10m▀[38;2;14;14;10;48;2;15;15;11m▀[38;2;13;13;13;48;2;11;11;11m▀[38;2;12;12;12;48;2;13;13;13m▀[38;2;11;9;12;48;2;10;10;13m▀[0m
[38;2;12;14;14;48;2;14;16;16m▀[38;2;14;14;11;48;2;16;16;14m▀[38;2;16;16;12;48;2;18;18;12m▀[38;2;23;21;11;48;2;19;18;10m▀[38;2;38;25;12;48;2;32;23;13m▀[38;2;28;22;15;48;2;31;22;13m▀[38;2;10;12;10;48;2;11;11;11m▀[38;2;80;42;15;48;2;49;26;14m▀[38;2;148;73;12;48;2;125;61;16m▀[38;2;145;72;12;48;2;116;55;16m▀[38;2;156;77;10;48;2;127;58;14m▀[38;2;107;48;14;48;2;91;42;15m▀[38;2;96;47;16;48;2;71;37;15m▀[38;2;65;37;19;48;2;50;32;17m▀[38;2;40;31;25;48;2;34;27;18m▀[38;2;20;20;17;48;2;20;20;18m▀[38;2;18;18;14;48;2;19;19;19m▀[38;2;18;18;16;48;2;20;20;18m▀[38;2;17;17;17;48;2;19;19;19m▀[38;2;17;17;17;48;2;17;14;17m▀[38;2;19;19;19;48;2;21;18;18m▀[38;2;19;16;19;48;2;19;16;16m▀[38;2;13;10;15;48;2;13;11;15m▀[38;2;15;11;15;48;2;15;11;18m▀[38;2;39;24;16;48;2;36;23;19m▀[38;2;78;40;21;48;2;75;37;22m▀[38;2;133;69;16;48;2;126;62;20m▀[38;2;146;85;22;48;2;130;71;23m▀[38;2;144;72;21;48;2;129;64;23m▀[38;2;179;119;48;48;2;168;98;26m▀[38;2;198;141;46;48;2;179;106;26m▀[38;2;176;106;25;48;2;187;120;28m▀[38;2;194;129;26;48;2;190;124;27m▀[38;2;203;140;28;48;2;187;115;25m▀[38;2;168;99;37;48;2;125;74;29m▀[38;2;87;52;32;48;2;77;50;33m▀[38;2;55;36;26;48;2;44;31;24m▀[38;2;17;14;19;48;2;17;14;19m▀[38;2;50;32;18;48;2;32;21;20m▀[38;2;177;104;25;48;2;158;92;21m▀[38;2;166;95;20;48;2;150;83;22m▀[38;2;142;76;17;48;2;113;59;22m▀[38;2;116;62;19;48;2;68;38;23m▀[38;2;104;51;19;48;2;86;42;21m▀[38;2;116;57;17;48;2;88;42;18m▀[38;2;76;37;16;48;2;65;35;20m▀[38;2;87;47;17;48;2;55;32;16m▀[38;2;64;36;17;48;2;42;29;16m▀[38;2;59;35;14;48;2;27;21;19m▀[38;2;37;25;17;48;2;22;18;18m▀[38;2;23;21;16;48;2;19;17;15m▀[38;2;20;19;12;48;2;14;14;11m▀[38;2;17;13;11;48;2;14;14;14m▀[38;2;17;14;10;48;2;14;14;11m▀[38;2;15;15;11;48;2;12;12;12m▀[38;2;11;11;9;48;2;10;10;10m▀[38;2;11;11;11;48;2;10;10;10m▀[38;2;13;13;13;48;2;11;9;11m▀[0m
[38;2;12;16;18;48;2;11;22;17m▀[38;2;14;18;18;48;2;11;23;15m▀[38;2;16;18;18;48;2;15;23;15m▀[38;2;17;17;13;48;2;16;21;14m▀[38;2;21;18;14;48;2;17;17;13m▀[38;2;26;23;13;48;2;20;20;17m▀[38;2;14;14;12;48;2;14;14;14m▀[38;2;27;19;14;48;2;13;10;10m▀[38;2;81;41;13;48;2;45;31;16m▀[38;2;91;44;16;48;2;55;32;16m▀[38;2;103;48;15;48;2;58;34;17m▀[38;2;83;42;17;48;2;51;32;16m▀[38;2;43;27;13;48;2;31;25;14m▀[38;2;38;27;16;48;2;26;25;14m▀[38;2;28;24;19;48;2;23;23;12m▀[38;2;19;19;16;48;2;21;21;18m▀[38;2;17;17;17;48;2;15;15;15m▀[38;2;21;21;21;48;2;21;21;21m▀[38;2;19;19;19;48;2;19;19;19m▀[38;2;17;14;17;48;2;17;15;17m▀[38;2;21;16;16;48;2;19;15;15m▀[38;2;21;18;18;48;2;19;17;15m▀[38;2;14;14;14;48;2;14;14;14m▀[38;2;14;11;15;48;2;11;11;14m▀[38;2;30;20;20;48;2;25;19;17m▀[38;2;69;32;19;48;2;60;28;18m▀[38;2;117;61;21;48;2;97;49;21m▀[38;2;110;58;22;48;2;73;41;20m▀[38;2;102;55;23;48;2;79;41;21m▀[38;2;140;73;22;48;2;121;62;22m▀[38;2;159;89;28;48;2;141;70;22m▀[38;2;168;102;19;48;2;145;74;22m▀[38;2;129;72;28;48;2;119;63;25m▀[38;2;143;77;24;48;2;142;73;25m▀[38;2;89;50;25;48;2;97;54;24m▀[38;2;105;63;37;48;2;80;59;45m▀[38;2;27;23;21;48;2;22;22;22m▀[38;2;17;14;19;48;2;16;16;19m▀[38;2;17;14;17;48;2;15;15;17m▀[38;2;104;55;27;48;2;85;44;22m▀[38;2;95;47;19;48;2;111;55;26m▀[38;2;87;47;25;48;2;99;51;20m▀[38;2;50;31;21;48;2;57;36;19m▀[38;2;75;38;20;48;2;71;35;18m▀[38;2;86;41;18;48;2;81;39;17m▀[38;2;62;35;20;48;2;59;32;21m▀[38;2;49;29;16;48;2;53;32;17m▀[38;2;35;23;19;48;2;32;22;17m▀[38;2;24;19;19;48;2;26;20;19m▀[38;2;24;19;19;48;2;23;17;15m▀[38;2;18;15;11;48;2;20;15;14m▀[38;2;16;13;12;48;2;16;13;12m▀[38;2;14;14;14;48;2;14;14;10m▀▀[38;2;12;12;12;48;2;12;12;12m▀[38;2;10;10;10;48;2;12;9;12m▀[38;2;9;9;12;48;2;9;9;12m▀[38;2;12;9;12;48;2;9;9;12m▀[0m
[38;2;9;23;18;48;2;14;39;39m▀[38;2;11;26;17;48;2;12;32;26m▀[38;2;11;24;16;48;2;15;38;38m▀[38;2;14;23;18;48;2;12;33;31m▀[38;2;12;19;12;48;2;11;18;15m▀[38;2;15;20;15;48;2;12;16;14m▀[38;2;14;14;12;48;2;10;15;15m▀[38;2;13;10;10;48;2;11;11;11m▀[38;2;23;21;13;48;2;12;15;15m▀[38;2;28;26;14;48;2;17;17;12m▀[38;2;32;28;14;48;2;16;19;14m▀[38;2;23;21;13;48;2;16;19;16m▀[38;2;21;21;13;48;2;14;19;16m▀[38;2;17;17;14;48;2;14;17;17m▀[38;2;14;17;14;48;2;13;15;15m▀[38;2;15;15;15;48;2;15;17;17m▀[38;2;14;14;14;48;2;14;14;14m▀[38;2;15;17;17;48;2;16;16;16m▀[38;2;17;17;17;48;2;17;17;20m▀[38;2;18;18;18;48;2;13;18;18m▀[38;2;19;17;17;48;2;15;15;18m▀[38;2;20;17;15;48;2;20;17;17m▀[38;2;16;13;13;48;2;16;13;16m▀[38;2;12;12;9;48;2;12;9;9m▀[38;2;20;17;15;48;2;16;16;11m▀[38;2;54;27;20;48;2;45;27;14m▀[38;2;88;45;20;48;2;76;42;25m▀[38;2;81;44;18;48;2;77;44;20m▀[38;2;72;38;19;48;2;65;38;22m▀[38;2;122;61;20;48;2;119;61;23m▀[38;2;142;72;24;48;2;138;70;21m▀[38;2;154;79;24;48;2;154;80;21m▀[38;2;136;71;23;48;2;136;70;20m▀[38;2;135;69;21;48;2;119;59;23m▀[38;2;113;60;20;48;2;105;54;21m▀[38;2;76;57;38;48;2;43;35;25m▀[38;2;46;39;29;48;2;33;32;25m▀[38;2;21;19;21;48;2;22;17;20m▀[38;2;18;15;15;48;2;13;13;16m▀[38;2;81;48;26;48;2;78;47;26m▀[38;2;107;52;17;48;2;100;48;19m▀[38;2;100;48;18;48;2;94;48;19m▀[38;2;69;41;22;48;2;30;25;23m▀[38;2;64;35;19;48;2;43;28;18m▀[38;2;78;36;15;48;2;65;35;19m▀[38;2;57;33;20;48;2;48;30;21m▀[38;2;46;28;15;48;2;38;25;20m▀[38;2;31;22;17;48;2;29;21;17m▀[38;2;26;19;15;48;2;23;19;10m▀[38;2;21;20;11;48;2;20;18;11m▀[38;2;18;14;12;48;2;16;12;10m▀[38;2;14;14;10;48;2;15;15;10m▀[38;2;14;14;12;48;2;14;14;12m▀[38;2;12;12;10;48;2;14;14;12m▀[38;2;12;12;12;48;2;12;12;12m▀[38;2;10;10;10;48;2;11;11;11m▀[38;2;12;12;12;48;2;10;10;10m▀[38;2;10;10;10;48;2;9;9;12m▀[0m
[38;2;8;21;26;48;2;9;17;21m▀[38;2;11;28;30;48;2;11;20;19m▀[38;2;10;24;22;48;2;9;27;23m▀[38;2;10;24;22;48;2;11;30;23m▀[38;2;13;20;20;48;2;10;25;20m▀[38;2;14;18;18;48;2;11;20;17m▀[38;2;10;15;16;48;2;12;17;18m▀[38;2;9;11;13;48;2;10;13;13m▀[38;2;12;12;15;48;2;10;10;13m▀[38;2;14;19;16;48;2;14;19;16m▀[38;2;13;21;13;48;2;16;19;16m▀[38;2;13;21;16;48;2;14;17;14m▀[38;2;14;19;16;48;2;15;15;17m▀[38;2;15;19;19;48;2;13;13;17m▀[38;2;13;17;17;48;2;13;13;18m▀[38;2;13;18;18;48;2;13;13;18m▀[38;2;13;16;16;48;2;14;14;14m▀[38;2;13;16;18;48;2;16;13;18m▀[38;2;13;18;15;48;2;13;18;20m▀[38;2;13;18;18;48;2;13;18;18m▀[38;2;15;18;18;48;2;15;20;15m▀[38;2;18;18;18;48;2;15;20;17m▀[38;2;18;18;18;48;2;13;18;15m▀[38;2;12;9;12;48;2;12;7;10m▀[38;2;16;11;11;48;2;14;9;12m▀[38;2;24;27;16;48;2;17;23;17m▀[38;2;33;37;22;48;2;23;33;19m▀[38;2;62;43;25;48;2;41;36;19m▀[38;2;56;40;26;48;2;29;33;19m▀[38;2;97;55;25;48;2;72;47;25m▀[38;2;122;65;22;48;2;96;53;19m▀[38;2;136;69;17;48;2;123;67;21m▀[38;2;132;67;25;48;2;118;63;24m▀[38;2;113;58;24;48;2;95;52;22m▀[38;2;99;50;20;48;2;101;53;23m▀[38;2;40;35;28;48;2;52;39;24m▀[38;2;30;32;26;48;2;34;34;29m▀[38;2;22;19;19;48;2;25;22;22m▀[38;2;13;13;16;48;2;13;13;16m▀[38;2;39;31;22;48;2;35;31;22m▀[38;2;45;31;20;48;2;45;34;24m▀[38;2;48;32;21;48;2;54;35;22m▀[38;2;19;17;21;48;2;20;17;21m▀[38;2;17;15;17;48;2;21;18;18m▀[38;2;35;25;19;48;2;35;25;19m▀[38;2;21;16;19;48;2;19;16;16m▀[38;2;22;21;16;48;2;22;21;16m▀[38;2;23;21;15;48;2;19;14;12m▀[38;2;21;19;11;48;2;15;12;11m▀[38;2;20;16;11;48;2;13;13;10m▀[38;2;17;14;14;48;2;11;11;11m▀[38;2;15;15;12;48;2;11;11;11m▀[38;2;13;13;13;48;2;11;11;11m▀[38;2;13;13;13;48;2;9;9;9m▀▀[38;2;11;11;11;48;2;8;8;11m▀[38;2;11;11;11;48;2;9;9;9m▀[38;2;8;8;10;48;2;10;10;10m▀[0m
[38;2;15;53;61;48;2;11;29;27m▀[38;2;6;19;19;48;2;10;36;29m▀[38;2;13;49;50;48;2;10;37;36m▀[38;2;10;36;36;48;2;9;30;30m▀[38;2;11;32;24;48;2;12;27;25m▀[38;2;10;25;23;48;2;10;25;20m▀[38;2;11;21;21;48;2;9;21;21m▀[38;2;8;15;15;48;2;9;11;16m▀[38;2;11;11;13;48;2;9;9;13m▀[38;2;12;17;19;48;2;12;9;13m▀[38;2;14;19;19;48;2;11;11;15m▀[38;2;13;17;17;48;2;11;11;16m▀[38;2;13;16;17;48;2;12;9;14m▀[38;2;13;18;22;48;2;11;11;16m▀[38;2;11;16;18;48;2;11;14;16m▀[38;2;13;18;20;48;2;9;12;14m▀[38;2;11;16;18;48;2;9;12;14m▀[38;2;11;16;18;48;2;11;11;16m▀[38;2;15;18;20;48;2;11;14;16m▀[38;2;15;15;20;48;2;12;9;14m▀[38;2;13;16;18;48;2;12;9;14m▀[38;2;13;16;18;48;2;9;9;12m▀[38;2;13;18;15;48;2;10;10;10m▀[38;2;12;12;12;48;2;10;10;10m▀[38;2;12;9;9;48;2;10;10;10m▀[38;2;15;18;15;48;2;12;12;12m▀[38;2;17;22;12;48;2;15;18;18m▀[38;2;27;27;15;48;2;36;34;20m▀[38;2;22;22;12;48;2;33;34;20m▀[38;2;29;21;11;48;2;101;69;30m▀[38;2;32;24;16;48;2;130;79;31m▀[38;2;31;22;16;48;2;126;82;34m▀[38;2;28;19;14;48;2;65;60;40m▀[38;2;22;17;17;48;2;109;75;38m▀[38;2;20;17;15;48;2;63;58;41m▀[38;2;16;16;16;48;2;79;61;37m▀[38;2;15;15;18;48;2;51;49;34m▀[38;2;16;13;16;48;2;50;38;27m▀[38;2;14;11;16;48;2;14;11;16m▀[38;2;14;11;16;48;2;43;35;28m▀[38;2;11;11;16;48;2;39;32;22m▀[38;2;11;11;14;48;2;49;32;19m▀[38;2;12;9;14;48;2;14;14;14m▀[38;2;12;9;12;48;2;16;16;16m▀[38;2;12;9;9;48;2;43;31;20m▀[38;2;12;12;12;48;2;18;18;15m▀[38;2;12;9;7;48;2;30;25;17m▀[38;2;13;11;11;48;2;22;21;16m▀[38;2;13;13;11;48;2;22;21;16m▀[38;2;11;11;9;48;2;22;21;16m▀[38;2;11;11;11;48;2;14;14;17m▀[38;2;11;11;11;48;2;19;19;14m▀[38;2;11;11;11;48;2;13;13;13m▀[38;2;11;11;11;48;2;15;15;15m▀[38;2;11;11;11;48;2;11;11;11m▀[38;2;8;11;11;48;2;13;13;13m▀[38;2;8;8;11;48;2;12;10;14m▀[38;2;8;8;11;48;2;11;8;12m▀[0m
[38;2;7;16;16;48;2;9;18;18m▀[38;2;6;11;11;48;2;4;11;11m▀[38;2;7;11;11;48;2;7;15;16m▀[38;2;8;21;20;48;2;9;43;33m▀[38;2;8;29;25;48;2;10;52;31m▀[38;2;9;29;26;48;2;11;55;33m▀[38;2;12;29;24;48;2;16;48;34m▀[38;2;11;23;20;48;2;13;37;28m▀[38;2;9;9;13;48;2;13;17;19m▀[38;2;11;11;15;48;2;9;9;14m▀[38;2;9;9;12;48;2;11;14;18m▀[38;2;15;18;19;48;2;13;16;18m▀[38;2;15;18;18;48;2;28;30;22m▀[38;2;30;38;28;48;2;37;43;29m▀[38;2;23;30;29;48;2;20;28;27m▀[38;2;15;18;20;48;2;16;25;22m▀[38;2;12;22;23;48;2;19;25;25m▀[38;2;15;30;28;48;2;14;23;23m▀[38;2;18;28;28;48;2;17;23;23m▀[38;2;18;28;28;48;2;16;25;22m▀[38;2;16;25;25;48;2;14;22;23m▀[38;2;13;18;20;48;2;13;18;18m▀[38;2;11;14;14;48;2;13;16;18m▀[38;2;10;7;10;48;2;10;7;12m▀[38;2;9;9;12;48;2;10;7;12m▀[38;2;12;12;12;48;2;9;9;12m▀[38;2;12;20;17;48;2;13;16;18m▀[38;2;22;27;18;48;2;20;28;27m▀[38;2;29;36;22;48;2;22;37;30m▀[38;2;67;69;29;48;2;24;41;25m▀[38;2;61;60;24;48;2;22;39;28m▀[38;2;88;79;34;48;2;24;39;32m▀[38;2;39;49;30;48;2;22;39;28m▀[38;2;83;69;37;48;2;22;37;30m▀[38;2;39;44;31;48;2;23;34;27m▀[38;2;70;60;34;48;2;21;33;27m▀[38;2;33;39;33;48;2;20;28;24m▀[38;2;28;26;24;48;2;15;20;12m▀[38;2;14;11;14;48;2;12;12;12m▀[38;2;16;16;16;48;2;13;18;18m▀[38;2;16;16;16;48;2;17;20;22m▀[38;2;15;18;15;48;2;16;13;13m▀[38;2;14;14;14;48;2;14;11;11m▀[38;2;14;14;14;48;2;12;12;12m▀[38;2;16;13;16;48;2;14;14;14m▀[38;2;16;16;16;48;2;11;14;14m▀[38;2;16;16;13;48;2;14;14;14m▀[38;2;14;14;14;48;2;14;11;14m▀[38;2;15;15;15;48;2;14;11;14m▀[38;2;13;13;13;48;2;12;12;12m▀[38;2;11;13;13;48;2;12;12;12m▀[38;2;13;13;13;48;2;9;11;11m▀[38;2;11;11;11;48;2;9;11;11m▀[38;2;8;11;11;48;2;7;11;11m▀[38;2;11;11;11;48;2;8;11;11m▀[38;2;11;11;11;48;2;11;8;11m▀[38;2;11;6;13;48;2;11;6;11m▀[38;2;8;8;12;48;2;9;6;11m▀[0m
[38;2;10;24;22;48;2;23;46;29m▀[38;2;8;20;23;48;2;17;30;26m▀[38;2;8;23;23;48;2;10;24;23m▀[38;2;8;44;34;48;2;14;52;35m▀[38;2;10;38;24;48;2;9;47;29m▀[38;2;15;48;29;48;2;11;34;27m▀[38;2;17;41;29;48;2;18;49;36m▀[38;2;15;36;28;48;2;15;39;27m▀[38;2;10;17;17;48;2;14;29;26m▀[38;2;9;9;14;48;2;9;12;16m▀[38;2;16;24;24;48;2;10;18;18m▀[38;2;11;16;16;48;2;10;18;15m▀[38;2;26;30;23;48;2;21;26;26m▀[38;2;27;27;24;48;2;28;30;26m▀[38;2;17;20;22;48;2;22;22;22m▀[38;2;15;18;20;48;2;14;14;14m▀[38;2;12;20;20;48;2;15;20;15m▀[38;2;15;18;23;48;2;15;20;20m▀[38;2;15;15;20;48;2;13;16;18m▀[38;2;13;13;18;48;2;13;16;18m▀[38;2;13;13;18;48;2;11;16;18m▀[38;2;11;16;16;48;2;11;14;16m▀[38;2;12;20;20;48;2;11;11;14m▀[38;2;12;9;14;48;2;9;9;14m▀[38;2;10;7;12;48;2;10;7;12m▀▀[38;2;15;18;20;48;2;14;11;16m▀[38;2;17;23;23;48;2;15;15;18m▀[38;2;11;16;18;48;2;22;22;19m▀[38;2;13;13;16;48;2;20;20;17m▀[38;2;14;14;14;48;2;24;27;18m▀[38;2;17;20;22;48;2;21;23;21m▀[38;2;19;25;21;48;2;20;20;20m▀[38;2;17;23;22;48;2;23;21;19m▀[38;2;14;23;22;48;2;22;22;17m▀[38;2;14;22;19;48;2;20;20;17m▀[38;2;16;16;16;48;2;18;18;15m▀[38;2;14;14;14;48;2;18;18;15m▀[38;2;12;12;12;48;2;12;12;12m▀[38;2;12;12;12;48;2;14;14;14m▀[38;2;13;13;16;48;2;16;13;13m▀[38;2;16;16;16;48;2;16;16;16m▀[38;2;14;14;14;48;2;14;11;14m▀[38;2;14;14;14;48;2;12;9;9m▀[38;2;14;11;14;48;2;11;11;14m▀[38;2;9;9;12;48;2;13;13;16m▀[38;2;10;7;12;48;2;11;11;14m▀[38;2;10;7;12;48;2;12;9;14m▀[38;2;10;7;12;48;2;12;9;12m▀[38;2;12;7;14;48;2;12;9;14m▀[38;2;12;9;13;48;2;9;9;12m▀[38;2;11;9;13;48;2;9;9;11m▀[38;2;10;10;10;48;2;11;9;11m▀[38;2;9;9;11;48;2;11;9;11m▀[38;2;9;7;9;48;2;9;7;9m▀[38;2;8;8;11;48;2;9;9;9m▀[38;2;9;7;11;48;2;9;7;11m▀[38;2;9;6;11;48;2;8;8;11m▀[0m
[38;2;32;54;36;48;2;18;32;26m▀[38;2;23;43;35;48;2;9;18;15m▀[38;2;6;15;15;48;2;12;25;25m▀[38;2;16;58;42;48;2;11;30;25m▀[38;2;13;46;32;48;2;21;30;28m▀[38;2;43;74;53;48;2;37;58;46m▀[38;2;13;35;24;48;2;29;76;58m▀[38;2;13;32;26;48;2;12;32;25m▀[38;2;18;42;33;48;2;16;43;33m▀[38;2;11;16;17;48;2;8;16;16m▀[38;2;16;26;21;48;2;8;16;13m▀[38;2;10;20;17;48;2;14;24;22m▀[38;2;18;24;26;48;2;17;23;23m▀[38;2;17;22;22;48;2;14;22;23m▀[38;2;20;20;20;48;2;13;16;18m▀[38;2;19;22;22;48;2;22;19;19m▀[38;2;13;13;18;48;2;29;22;19m▀[38;2;15;18;23;48;2;14;11;16m▀[38;2;13;16;18;48;2;17;20;20m▀[38;2;17;20;20;48;2;20;20;17m▀[38;2;17;17;20;48;2;18;18;18m▀[38;2;20;20;20;48;2;13;13;16m▀[38;2;17;20;15;48;2;25;23;14m▀[38;2;12;9;14;48;2;13;13;16m▀[38;2;10;7;12;48;2;10;7;12m▀▀[38;2;12;9;14;48;2;14;11;16m▀[38;2;27;22;16;48;2;28;27;18m▀[38;2;31;27;20;48;2;22;25;18m▀[38;2;17;20;15;48;2;45;39;19m▀[38;2;37;27;17;48;2;61;40;17m▀[38;2;49;33;22;48;2;73;43;19m▀[38;2;47;32;18;48;2;84;43;16m▀[38;2;30;27;15;48;2;45;32;16m▀[38;2;37;27;20;48;2;41;30;19m▀[38;2;51;32;18;48;2;112;75;43m▀[38;2;68;38;16;48;2;111;59;21m▀[38;2;54;33;19;48;2;64;39;22m▀[38;2;12;12;12;48;2;12;12;12m▀[38;2;22;19;14;48;2;42;29;17m▀[38;2;66;39;17;48;2;95;47;19m▀[38;2;41;26;15;48;2;86;43;18m▀[38;2;14;14;14;48;2;28;21;16m▀[38;2;14;11;11;48;2;20;17;15m▀[38;2;28;19;14;48;2;50;28;14m▀[38;2;16;13;18;48;2;13;13;16m▀[38;2;14;11;16;48;2;12;9;14m▀[38;2;14;11;16;48;2;12;9;12m▀[38;2;12;9;14;48;2;12;9;14m▀[38;2;12;9;14;48;2;12;9;12m▀[38;2;10;7;12;48;2;10;7;10m▀[38;2;10;7;11;48;2;10;7;11m▀▀[38;2;9;7;11;48;2;9;7;11m▀[38;2;9;7;11;48;2;8;8;11m▀[38;2;9;7;11;48;2;9;7;11m▀[38;2;9;7;9;48;2;8;8;11m▀[38;2;9;6;11;48;2;9;6;11m▀[0m
[38;2;12;37;35;48;2;39;98;100m▀[38;2;14;39;40;48;2;20;134;129m▀[38;2;11;30;31;48;2;15;53;50m▀[38;2;8;17;17;48;2;28;41;39m▀[38;2;10;35;31;48;2;62;70;57m▀[38;2;11;32;29;48;2;16;41;38m▀[38;2;13;64;41;48;2;14;53;35m▀[38;2;13;32;25;48;2;15;38;21m▀[38;2;27;64;37;48;2;34;59;34m▀[38;2;10;19;16;48;2;26;49;28m▀[38;2;7;12;14;48;2;6;14;11m▀[38;2;25;36;35;48;2;86;81;60m▀[38;2;9;14;16;48;2;36;35;28m▀[38;2;11;16;18;48;2;43;34;32m▀[38;2;13;16;18;48;2;12;20;17m▀[38;2;15;18;18;48;2;22;25;16m▀[38;2;22;22;19;48;2;22;25;21m▀[38;2;18;15;18;48;2;13;18;18m▀[38;2;37;32;25;48;2;90;62;34m▀[38;2;54;57;42;48;2;179;185;159m▀[38;2;13;16;16;48;2;14;25;21m▀[38;2;13;16;16;48;2;49;88;87m▀[38;2;27;25;16;48;2;40;57;51m▀[38;2;16;16;16;48;2;17;22;17m▀[38;2;7;7;12;48;2;9;9;14m▀[38;2;10;7;12;48;2;10;7;12m▀[38;2;10;7;12;48;2;16;13;16m▀[38;2;11;14;16;48;2;36;32;22m▀[38;2;22;25;18;48;2;19;22;19m▀[38;2;46;38;18;48;2;31;31;21m▀[38;2;99;65;17;48;2;28;27;18m▀[38;2;112;72;26;48;2;13;16;13m▀[38;2;77;55;34;48;2;75;59;39m▀[38;2;72;54;37;48;2;91;66;38m▀[38;2;14;14;11;48;2;14;14;11m▀[38;2;214;194;138;48;2;213;190;114m▀[38;2;223;172;89;48;2;236;197;110m▀[38;2;115;79;37;48;2;211;173;97m▀[38;2;12;12;9;48;2;16;13;13m▀[38;2;65;39;24;48;2;59;39;26m▀[38;2;182;117;51;48;2;74;48;28m▀[38;2;62;42;27;48;2;14;14;14m▀[38;2;14;11;14;48;2;14;11;16m▀[38;2;33;30;29;48;2;40;32;31m▀[38;2;30;21;11;48;2;18;15;15m▀[38;2;11;11;14;48;2;12;9;14m▀[38;2;9;9;12;48;2;9;9;12m▀[38;2;9;9;12;48;2;9;9;14m▀[38;2;16;13;17;48;2;15;17;19m▀[38;2;15;13;17;48;2;13;17;14m▀[38;2;10;7;12;48;2;9;9;12m▀[38;2;10;7;11;48;2;10;7;10m▀[38;2;10;7;11;48;2;10;10;10m▀[38;2;9;9;9;48;2;9;7;9m▀[38;2;9;7;11;48;2;9;7;11m▀[38;2;9;7;11;48;2;9;7;9m▀[38;2;9;7;11;48;2;9;7;11m▀[38;2;9;6;9;48;2;9;6;11m▀[0m
[38;2;14;32;31;48;2;15;30;25m▀[38;2;11;30;29;48;2;13;26;27m▀[38;2;30;49;55;48;2;117;174;192m▀[38;2;62;73;71;48;2;90;98;120m▀[38;2;182;171;155;48;2;116;98;81m▀[38;2;126;132;119;48;2;172;159;134m▀[38;2;14;43;33;48;2;32;53;37m▀[38;2;29;63;33;48;2;14;43;30m▀[38;2;22;42;24;48;2;10;45;34m▀[38;2;29;45;32;48;2;14;38;28m▀[38;2;50;50;40;48;2;65;67;58m▀[38;2;66;57;47;48;2;49;45;44m▀[38;2;69;61;48;48;2;162;144;134m▀[38;2;126;102;90;48;2;100;149;130m▀[38;2;17;30;27;48;2;86;181;171m▀[38;2;34;42;30;48;2;51;121;110m▀[38;2;21;27;22;48;2;17;33;27m▀[38;2;79;65;36;48;2;113;91;41m▀[38;2;151;96;39;48;2;226;174;54m▀[38;2;225;207;168;48;2;205;161;85m▀[38;2;193;230;223;48;2;213;219;192m▀[38;2;205;236;238;48;2;194;247;250m▀[38;2;104;138;140;48;2;80;181;196m▀[38;2;41;75;75;48;2;78;168;182m▀[38;2;11;11;16;48;2;20;30;31m▀[38;2;10;7;12;48;2;7;10;12m▀[38;2;36;32;22;48;2;22;27;21m▀[38;2;141;128;85;48;2;189;175;139m▀[38;2;78;93;54;48;2;168;204;188m▀[38;2;96;87;29;48;2;94;127;94m▀[38;2;121;85;27;48;2;40;33;18m▀[38;2;104;79;39;48;2;33;30;29m▀[38;2;11;11;14;48;2;9;12;12m▀[38;2;14;14;14;48;2;11;14;14m▀[38;2;14;11;14;48;2;83;68;41m▀[38;2;185;174;132;48;2;172;135;74m▀[38;2;237;243;218;48;2;214;155;92m▀[38;2;225;201;154;48;2;199;128;67m▀[38;2;18;13;11;48;2;30;17;12m▀[38;2;39;24;15;48;2;53;32;16m▀[38;2;109;58;18;48;2;150;83;25m▀[38;2;12;9;12;48;2;69;45;28m▀[38;2;72;51;32;48;2;54;41;27m▀[38;2;30;22;18;48;2;18;15;18m▀[38;2;11;11;14;48;2;14;11;14m▀[38;2;10;10;10;48;2;12;9;12m▀[38;2;9;9;12;48;2;12;9;14m▀[38;2;11;14;14;48;2;15;17;17m▀[38;2;18;24;15;48;2;17;27;17m▀[38;2;15;26;15;48;2;15;24;20m▀[38;2;10;10;10;48;2;10;7;11m▀[38;2;7;7;10;48;2;10;7;11m▀[38;2;10;10;10;48;2;9;7;9m▀[38;2;9;9;9;48;2;9;9;9m▀[38;2;8;8;8;48;2;9;9;9m▀[38;2;7;7;7;48;2;9;7;11m▀[38;2;7;7;7;48;2;9;6;9m▀[38;2;9;9;9;48;2;8;8;11m▀[0m
[38;2;27;41;32;48;2;12;19;19m▀[38;2;18;32;32;48;2;18;24;24m▀[38;2;12;54;121;48;2;14;32;58m▀[38;2;30;74;154;48;2;11;27;42m▀[38;2;39;55;70;48;2;16;25;35m▀[38;2;96;110;100;48;2;22;39;48m▀[38;2;49;64;58;48;2;11;41;41m▀[38;2;31;44;40;48;2;58;57;52m▀[38;2;12;66;53;48;2;64;105;74m▀[38;2;12;59;44;48;2;43;98;56m▀[38;2;14;36;31;48;2;57;85;55m▀[38;2;13;17;19;48;2;27;34;27m▀[38;2;98;108;90;48;2;100;138;136m▀[38;2;83;121;105;48;2;80;129;116m▀[38;2;179;230;235;48;2;177;224;229m▀[38;2;97;174;175;48;2;124;219;221m▀[38;2;15;44;34;48;2;54;175;174m▀[38;2;32;83;72;48;2;64;146;145m▀[38;2;202;210;175;48;2;211;214;174m▀[38;2;228;230;194;48;2;232;214;130m▀[38;2;143;231;229;48;2;147;175;114m▀[38;2;130;246;250;48;2;181;240;245m▀[38;2;66;225;230;48;2;143;228;243m▀[38;2;33;91;102;48;2;71;161;180m▀[38;2;20;37;26;48;2;20;62;46m▀[38;2;7;10;12;48;2;7;12;14m▀[38;2;21;25;21;48;2;21;25;18m▀[38;2;190;178;140;48;2;149;176;151m▀[38;2;198;221;209;48;2;174;227;235m▀[38;2;146;221;202;48;2;97;207;207m▀[38;2;14;216;211;48;2;2;218;218m▀[38;2;30;215;223;48;2;0;218;227m▀[38;2;50;152;154;48;2;3;229;233m▀[38;2;49;122;128;48;2;80;229;239m▀[38;2;96;148;148;48;2;51;207;216m▀[38;2;184;150;100;48;2;84;102;88m▀[38;2;200;145;90;48;2;190;123;44m▀[38;2;207;124;51;48;2;96;50;26m▀[38;2;32;17;14;48;2;29;15;12m▀[38;2;9;9;14;48;2;11;11;14m▀[38;2;14;14;14;48;2;25;25;21m▀[38;2;20;17;17;48;2;23;21;19m▀[38;2;20;33;40;48;2;13;13;18m▀[38;2;50;53;44;48;2;14;14;14m▀[38;2;22;20;22;48;2;15;18;18m▀[38;2;11;14;16;48;2;14;22;18m▀[38;2;11;14;16;48;2;14;24;22m▀[38;2;11;14;15;48;2;10;21;22m▀[38;2;14;19;19;48;2;9;22;22m▀[38;2;9;13;13;48;2;9;13;13m▀[38;2;9;9;11;48;2;9;13;15m▀[38;2;10;7;11;48;2;9;13;15m▀[38;2;9;9;11;48;2;12;17;14m▀[38;2;7;7;9;48;2;13;20;13m▀[38;2;9;7;11;48;2;8;11;11m▀[38;2;9;7;11;48;2;8;11;13m▀[38;2;9;6;11;48;2;6;11;12m▀[38;2;9;6;11;48;2;8;11;12m▀[0m
[38;2;10;14;16;48;2;9;15;15m▀[38;2;18;22;23;48;2;12;19;19m▀[38;2;8;19;25;48;2;9;19;19m▀[38;2;9;27;34;48;2;9;18;18m▀[38;2;10;24;25;48;2;15;30;29m▀[38;2;10;23;25;48;2;9;20;20m▀[38;2;12;37;35;48;2;9;41;32m▀[38;2;19;44;36;48;2;18;62;41m▀[38;2;30;78;48;48;2;25;65;39m▀[38;2;89;140;80;48;2;80;135;69m▀[38;2;84;116;61;48;2;112;137;85m▀[38;2;50;59;39;48;2;45;59;38m▀[38;2;72;59;47;48;2;58;43;27m▀[38;2;61;67;72;48;2;86;75;59m▀[38;2;125;202;207;48;2;94;120;112m▀[38;2;144;217;219;48;2;128;134;124m▀[38;2;94;161;150;48;2;60;82;76m▀[38;2;67;62;41;48;2;15;30;25m▀[38;2;221;173;66;48;2;193;166;78m▀[38;2;230;189;76;48;2;179;185;115m▀[38;2;147;131;49;48;2;93;163;113m▀[38;2;89;152;156;48;2;22;126;89m▀[38;2;84;166;175;48;2;11;147;108m▀[38;2;42;137;127;48;2;0;145;106m▀[38;2;11;98;74;48;2;5;117;85m▀[38;2;8;20;18;48;2;19;40;33m▀[38;2;15;20;20;48;2;15;18;18m▀[38;2;131;136;112;48;2;88;93;47m▀[38;2;213;209;175;48;2;185;167;99m▀[38;2;127;122;78;48;2;119;100;50m▀[38;2;22;37;32;48;2;47;42;24m▀[38;2;19;25;22;48;2;23;22;17m▀[38;2;33;36;28;48;2;37;29;17m▀[38;2;171;130;59;48;2;164;94;7m▀[38;2;120;113;71;48;2;230;181;80m▀[38;2;89;74;54;48;2;121;120;96m▀[38;2;136;88;56;48;2;136;83;50m▀[38;2;120;51;21;48;2;134;56;20m▀[38;2;35;22;16;48;2;38;22;13m▀[38;2;11;11;14;48;2;20;20;17m▀[38;2;15;18;18;48;2;53;41;25m▀[38;2;11;14;16;48;2;11;16;16m▀[38;2;11;11;16;48;2;9;14;14m▀[38;2;9;9;14;48;2;9;14;14m▀[38;2;9;9;14;48;2;7;12;14m▀[38;2;9;9;12;48;2;7;12;12m▀[38;2;13;27;27;48;2;7;12;13m▀[38;2;11;24;24;48;2;7;11;13m▀[38;2;8;17;17;48;2;7;11;13m▀[38;2;7;11;13;48;2;7;11;13m▀[38;2;9;13;15;48;2;9;13;15m▀[38;2;8;13;15;48;2;8;15;15m▀[38;2;22;27;19;48;2;61;51;28m▀[38;2;19;24;19;48;2;15;29;19m▀[38;2;7;16;13;48;2;10;22;17m▀[38;2;7;14;14;48;2;6;16;14m▀[38;2;7;16;16;48;2;7;17;16m▀[38;2;7;17;17;48;2;9;26;29m▀[0m
[38;2;9;24;24;48;2;7;23;23m▀[38;2;8;20;20;48;2;9;25;24m▀[38;2;9;27;27;48;2;10;19;19m▀[38;2;12;26;24;48;2;13;28;23m▀[38;2;12;35;32;48;2;11;29;26m▀[38;2;8;24;22;48;2;9;27;26m▀[38;2;9;31;28;48;2;8;24;22m▀[38;2;9;41;32;48;2;19;41;30m▀[38;2;36;58;45;48;2;104;99;75m▀[38;2;48;96;52;48;2;26;51;34m▀[38;2;98;129;69;48;2;77;106;54m▀[38;2;85;83;50;48;2;97;103;56m▀[38;2;45;37;28;48;2;58;57;41m▀[38;2;76;55;37;48;2;29;47;33m▀[38;2;33;37;34;48;2;12;29;29m▀[38;2;39;61;47;48;2;13;64;46m▀[38;2;15;73;46;48;2;14;77;51m▀[38;2;14;66;43;48;2;14;63;45m▀[38;2;151;166;95;48;2;79;118;68m▀[38;2;100;157;101;48;2;25;109;61m▀[38;2;99;155;102;48;2;30;111;69m▀[38;2;7;89;55;48;2;9;77;47m▀[38;2;4;144;104;48;2;13;134;89m▀[38;2;5;147;107;48;2;6;141;92m▀[38;2;6;137;98;48;2;7;138;92m▀[38;2;10;44;30;48;2;8;57;36m▀[38;2;12;12;12;48;2;7;12;12m▀[38;2;37;56;39;48;2;26;44;31m▀[38;2;178;197;163;48;2;146;184;162m▀[38;2;120;141;122;48;2;156;200;182m▀[38;2;74;98;69;48;2;62;133;115m▀[38;2;38;51;38;48;2;39;78;73m▀[38;2;49;41;22;48;2;63;68;38m▀[38;2;160;103;31;48;2;190;142;47m▀[38;2;228;193;106;48;2;225;166;42m▀[38;2;147;131;96;48;2;116;83;26m▀[38;2;197;121;49;48;2;154;81;35m▀[38;2;135;47;14;48;2;139;49;16m▀[38;2;43;23;15;48;2;53;28;16m▀[38;2;18;15;13;48;2;19;17;15m▀[38;2;123;74;37;48;2;178;109;50m▀[38;2;26;23;17;48;2;71;45;24m▀[38;2;11;15;15;48;2;10;17;17m▀[38;2;8;15;15;48;2;8;17;17m▀[38;2;10;17;17;48;2;7;21;21m▀[38;2;10;17;17;48;2;7;22;21m▀[38;2;8;15;17;48;2;7;21;20m▀[38;2;8;15;17;48;2;7;20;19m▀[38;2;9;13;15;48;2;8;17;17m▀[38;2;8;15;15;48;2;8;16;16m▀[38;2;8;15;15;48;2;7;15;15m▀[38;2;11;20;17;48;2;9;20;18m▀[38;2;24;24;16;48;2;11;18;18m▀[38;2;13;29;26;48;2;16;24;21m▀[38;2;10;14;14;48;2;11;17;15m▀[38;2;8;12;14;48;2;10;20;21m▀[38;2;10;20;24;48;2;9;21;21m▀[38;2;8;10;12;48;2;9;18;18m▀[0m
[38;2;8;19;19;48;2;9;12;13m▀[38;2;8;21;21;48;2;10;18;18m▀[38;2;8;21;19;48;2;8;19;18m▀[38;2;11;23;23;48;2;10;17;14m▀[38;2;11;27;24;48;2;11;24;21m▀[38;2;12;27;26;48;2;13;27;23m▀[38;2;9;18;18;48;2;10;22;18m▀[38;2;83;88;80;48;2;13;26;21m▀[38;2;152;126;93;48;2;21;35;25m▀[38;2;65;65;48;48;2;47;60;42m▀[38;2;46;67;35;48;2;23;36;22m▀[38;2;101;105;51;48;2;104;102;52m▀[38;2;83;84;48;48;2;93;102;53m▀[38;2;44;45;31;48;2;59;47;29m▀[38;2;11;33;29;48;2;18;40;30m▀[38;2;14;59;40;48;2;12;39;31m▀[38;2;16;82;50;48;2;16;73;42m▀[38;2;14;72;46;48;2;17;73;49m▀[38;2;15;47;37;48;2;17;58;40m▀[38;2;15;88;57;48;2;13;47;37m▀[38;2;16;101;60;48;2;13;82;48m▀[38;2;14;68;43;48;2;17;71;42m▀[38;2;15;107;67;48;2;16;101;58m▀[38;2;12;130;75;48;2;15;105;65m▀[38;2;12;121;78;48;2;10;112;69m▀[38;2;9;61;43;48;2;11;61;44m▀[38;2;7;12;12;48;2;6;14;16m▀[38;2;8;18;18;48;2;8;16;13m▀[38;2;28;124;119;48;2;47;110;86m▀[38;2;33;168;181;48;2;125;188;172m▀[38;2;30;154;169;48;2;138;182;149m▀[38;2;53;123;126;48;2;116;152;89m▀[38;2;78;101;69;48;2;60;98;58m▀[38;2;204;177;94;48;2;170;161;94m▀[38;2;216;183;105;48;2;221;207;140m▀[38;2;79;80;47;48;2;166;177;120m▀[38;2;76;57;35;48;2;34;87;62m▀[38;2;152;70;34;48;2;83;94;74m▀[38;2;77;44;26;48;2;37;39;29m▀[38;2;28;18;12;48;2;15;15;12m▀[38;2;195;132;63;48;2;30;52;28m▀[38;2;64;49;25;48;2;11;43;33m▀[38;2;10;17;17;48;2;10;29;24m▀[38;2;9;23;22;48;2;10;35;30m▀[38;2;8;29;25;48;2;8;40;27m▀[38;2;8;29;25;48;2;10;38;29m▀[38;2;9;25;20;48;2;8;33;26m▀[38;2;7;20;18;48;2;8;24;23m▀[38;2;6;15;15;48;2;7;21;21m▀[38;2;7;16;18;48;2;6;20;20m▀[38;2;7;14;19;48;2;8;12;19m▀[38;2;12;16;20;48;2;8;12;18m▀[38;2;11;18;18;48;2;8;12;18m▀[38;2;9;16;16;48;2;10;11;18m▀[38;2;10;20;16;48;2;9;26;22m▀[38;2;8;21;18;48;2;8;23;21m▀[38;2;6;19;16;48;2;8;21;21m▀[38;2;10;40;40;48;2;8;20;24m▀[0m
[38;2;10;7;11;48;2;7;7;10m▀[38;2;8;8;10;48;2;8;8;8m▀[38;2;8;10;10;48;2;10;10;10m▀[38;2;10;10;10;48;2;8;8;8m▀[38;2;10;17;17;48;2;8;8;8m▀[38;2;12;21;20;48;2;6;10;10m▀[38;2;14;23;18;48;2;6;10;10m▀[38;2;11;20;19;48;2;8;12;12m▀[38;2;12;25;25;48;2;9;16;17m▀[38;2;12;27;25;48;2;9;19;20m▀[38;2;27;42;31;48;2;14;25;25m▀[38;2;79;72;39;48;2;12;24;20m▀[38;2;80;97;48;48;2;28;49;34m▀[38;2;59;47;29;48;2;32;35;28m▀[38;2;31;48;30;48;2;26;35;25m▀[38;2;13;31;28;48;2;12;25;25m▀[38;2;19;66;42;48;2;16;43;33m▀[38;2;16;63;45;48;2;21;57;41m▀[38;2;14;71;42;48;2;21;59;38m▀[38;2;12;53;36;48;2;18;63;39m▀[38;2;14;39;31;48;2;12;29;24m▀[38;2;17;68;40;48;2;14;61;38m▀[38;2;12;81;48;48;2;14;69;42m▀[38;2;13;82;57;48;2;11;75;54m▀[38;2;9;94;62;48;2;10;77;60m▀[38;2;11;76;47;48;2;11;81;61m▀[38;2;8;17;19;48;2;10;21;21m▀[38;2;7;12;12;48;2;7;12;13m▀[38;2;15;56;39;48;2;24;52;28m▀[38;2;55;129;71;48;2;164;163;79m▀[38;2;153;160;70;48;2;210;181;86m▀[38;2;154;158;69;48;2;166;155;70m▀[38;2;56;100;49;48;2;94;143;69m▀[38;2;132;124;53;48;2;101;116;51m▀[38;2;214;194;105;48;2;176;148;58m▀[38;2;218;211;141;48;2;219;210;146m▀[38;2;68;106;53;48;2;120;128;57m▀[38;2;11;56;41;48;2;9;60;38m▀[38;2;14;33;22;48;2;12;39;29m▀[38;2;10;13;10;48;2;13;13;13m▀[38;2;10;57;35;48;2;6;63;42m▀[38;2;9;59;35;48;2;8;65;41m▀[38;2;9;37;28;48;2;8;41;30m▀[38;2;8;40;29;48;2;6;48;28m▀[38;2;7;44;26;48;2;7;55;32m▀[38;2;7;39;26;48;2;4;49;27m▀[38;2;7;34;27;48;2;8;44;33m▀[38;2;7;30;27;48;2;7;38;31m▀[38;2;7;26;25;48;2;7;36;29m▀[38;2;9;30;27;48;2;6;33;28m▀[38;2;6;19;23;48;2;5;23;23m▀[38;2;6;17;21;48;2;5;23;25m▀[38;2;7;14;20;48;2;4;15;20m▀[38;2;6;10;16;48;2;6;8;14m▀[38;2;11;26;25;48;2;12;27;21m▀[38;2;10;19;18;48;2;15;22;19m▀[38;2;10;16;16;48;2;15;20;20m▀[38;2;10;18;18;48;2;11;17;17m▀[0m
[38;2;9;7;11;48;2;8;6;9m▀[38;2;8;8;8;48;2;7;7;9m▀[38;2;10;10;10;48;2;7;7;10m▀[38;2;8;8;8;48;2;10;10;10m▀[38;2;6;10;10;48;2;6;10;10m▀▀[38;2;6;10;10;48;2;8;10;10m▀[38;2;6;10;10;48;2;6;10;8m▀[38;2;6;10;16;48;2;6;10;14m▀[38;2;6;10;16;48;2;6;10;16m▀[38;2;8;12;17;48;2;6;10;15m▀[38;2;8;12;17;48;2;6;10;16m▀[38;2;10;14;20;48;2;6;11;17m▀[38;2;9;16;20;48;2;6;11;17m▀[38;2;9;16;20;48;2;8;10;17m▀[38;2;13;21;25;48;2;8;12;14m▀[38;2;17;33;27;48;2;8;13;14m▀[38;2;23;47;33;48;2;9;18;21m▀[38;2;23;49;35;48;2;10;22;25m▀[38;2;22;55;37;48;2;17;30;30m▀[38;2;15;34;29;48;2;16;27;28m▀[38;2;15;51;33;48;2;19;39;28m▀[38;2;16;58;47;48;2;24;60;45m▀[38;2;15;65;57;48;2;25;65;53m▀[38;2;11;73;60;48;2;17;69;55m▀[38;2;15;76;62;48;2;18;72;62m▀[38;2;14;29;28;48;2;15;33;36m▀[38;2;9;9;13;48;2;8;13;15m▀[38;2;62;53;21;48;2;40;35;17m▀[38;2;203;170;71;48;2;194;165;73m▀[38;2;208;176;70;48;2;208;176;68m▀[38;2;165;149;58;48;2;195;173;82m▀[38;2;125;142;65;48;2;160;153;66m▀[38;2;148;156;65;48;2;154;149;67m▀[38;2;163;134;36;48;2;187;163;62m▀[38;2;208;184;96;48;2;209;186;98m▀[38;2;138;150;71;48;2;195;198;129m▀[38;2;7;83;53;48;2;14;81;53m▀[38;2;11;45;31;48;2;9;43;34m▀[38;2;8;15;10;48;2;10;13;13m▀[38;2;8;58;41;48;2;7;61;42m▀[38;2;5;65;40;48;2;7;60;40m▀[38;2;7;43;31;48;2;8;43;30m▀[38;2;6;48;31;48;2;9;54;33m▀[38;2;4;58;33;48;2;10;59;40m▀[38;2;6;60;37;48;2;8;56;40m▀[38;2;6;54;33;48;2;6;54;36m▀[38;2;6;43;31;48;2;9;50;31m▀[38;2;9;29;26;48;2;8;41;26m▀[38;2;5;23;25;48;2;5;23;23m▀[38;2;6;21;24;48;2;6;21;23m▀[38;2;4;18;18;48;2;6;19;19m▀[38;2;4;17;19;48;2;5;13;19m▀[38;2;6;8;14;48;2;7;13;18m▀[38;2;10;18;19;48;2;7;13;18m▀[38;2;6;10;14;48;2;5;11;16m▀[38;2;6;10;13;48;2;7;11;16m▀[38;2;7;11;16;48;2;7;11;16m▀[0m
[38;2;7;7;9;48;2;9;7;10m▀▀[38;2;9;7;9;48;2;9;7;11m▀[38;2;7;9;9;48;2;6;9;9m▀[38;2;6;10;10;48;2;6;9;9m▀▀[38;2;6;8;8;48;2;6;10;10m▀[38;2;6;10;10;48;2;6;10;10m▀[38;2;6;10;14;48;2;6;10;11m▀[38;2;6;10;14;48;2;6;10;16m▀[38;2;8;9;16;48;2;8;12;17m▀[38;2;6;10;16;48;2;8;9;16m▀[38;2;6;10;16;48;2;8;12;18m▀[38;2;6;10;12;48;2;6;10;16m▀[38;2;6;11;12;48;2;8;12;14m▀▀[38;2;8;12;14;48;2;8;12;16m▀[38;2;8;12;18;48;2;8;12;18m▀[38;2;6;11;17;48;2;8;12;21m▀[38;2;8;13;19;48;2;8;12;18m▀[38;2;6;11;20;48;2;8;12;18m▀[38;2;6;11;17;48;2;8;12;18m▀[38;2;6;13;19;48;2;8;12;18m▀[38;2;11;21;22;48;2;8;12;17m▀[38;2;17;35;35;48;2;8;12;14m▀[38;2;17;46;44;48;2;10;13;14m▀[38;2;12;27;30;48;2;8;13;14m▀[38;2;8;11;15;48;2;8;13;14m▀[38;2;20;24;19;48;2;6;11;13m▀[38;2;154;128;45;48;2;35;33;19m▀[38;2;205;181;83;48;2;85;69;30m▀[38;2;203;177;76;48;2;104;89;39m▀[38;2;174;147;55;48;2;104;97;44m▀[38;2;169;147;56;48;2;122;115;45m▀[38;2;194;162;63;48;2;165;145;63m▀[38;2;202;168;71;48;2;126;97;31m▀[38;2;187;187;118;48;2;96;116;59m▀[38;2;13;78;57;48;2;11;69;52m▀[38;2;13;44;38;48;2;15;43;38m▀[38;2;12;14;14;48;2;11;14;11m▀[38;2;8;54;44;48;2;13;49;48m▀[38;2;5;60;41;48;2;11;58;46m▀[38;2;9;41;34;48;2;9;41;32m▀[38;2;9;49;33;48;2;9;48;40m▀[38;2;6;54;41;48;2;9;53;42m▀[38;2;10;57;39;48;2;9;48;35m▀[38;2;9;54;32;48;2;9;44;33m▀[38;2;9;48;31;48;2;8;43;32m▀[38;2;10;41;33;48;2;12;40;35m▀[38;2;6;29;25;48;2;12;36;31m▀[38;2;6;19;21;48;2;8;24;24m▀[38;2;7;15;19;48;2;7;18;22m▀[38;2;7;14;19;48;2;8;24;23m▀[38;2;7;17;20;48;2;9;19;22m▀[38;2;6;13;18;48;2;6;15;18m▀[38;2;5;11;16;48;2;5;11;16m▀[38;2;5;11;16;48;2;5;10;18m▀[38;2;7;8;14;48;2;5;12;17m▀[0m
