[38;2;165;165;165;48;2;170;170;170m▀[38;2;169;169;169;48;2;174;174;174m▀[38;2;172;172;172;48;2;171;173;173m▀[38;2;167;169;169;48;2;153;159;161m▀[38;2;113;120;127;48;2;118;116;123m▀[38;2;113;118;125;48;2;123;111;121m▀[38;2;129;131;144;48;2;128;129;140m▀[38;2;185;185;185;48;2;189;189;190m▀[38;2;189;189;189;48;2;193;193;193m▀[38;2;191;191;191;48;2;195;195;195m▀[38;2;193;193;193;48;2;198;198;198m▀[38;2;195;195;195;48;2;200;200;200m▀[38;2;197;197;197;48;2;202;202;202m▀[38;2;199;199;199;48;2;204;204;204m▀[38;2;201;201;201;48;2;206;206;206m▀[38;2;202;202;202;48;2;207;207;207m▀[38;2;204;204;204;48;2;209;209;209m▀[38;2;205;205;205;48;2;210;210;210m▀[38;2;207;207;207;48;2;210;210;210m▀[38;2;205;207;207;48;2;200;196;201m▀[38;2;192;190;195;48;2;207;205;207m▀[38;2;207;207;207;48;2;213;213;213m▀[38;2;210;210;210;48;2;214;214;214m▀[38;2;211;211;211;48;2;215;215;215m▀[38;2;209;209;211;48;2;212;210;212m▀[38;2;201;200;202;48;2;189;184;190m▀[38;2;176;170;177;48;2;195;191;195m▀[38;2;155;148;153;48;2;205;203;204m▀[38;2;166;166;171;48;2;151;151;146m▀[38;2;170;166;172;48;2;142;144;135m▀[38;2;174;172;175;48;2;146;141;139m▀[38;2;119;128;124;48;2;148;150;140m▀[38;2;106;110;105;48;2;100;106;93m▀[38;2;122;125;119;48;2;145;150;147m▀[38;2;132;138;131;48;2;117;124;117m▀[38;2;124;126;115;48;2;114;120;101m▀[38;2;91;103;84;48;2;109;114;104m▀[38;2;96;112;86;48;2;97;114;102m▀[38;2;94;109;89;48;2;99;105;92m▀[38;2;118;120;114;48;2;102;98;91m▀[38;2;108;108;100;48;2;83;80;70m▀[38;2;89;89;79;48;2;85;89;72m▀[38;2;62;70;60;48;2;98;103;91m▀[38;2;64;75;74;48;2;55;66;54m▀[38;2;76;85;84;48;2;48;63;50m▀[38;2;40;53;40;48;2;42;53;42m▀[38;2;42;56;42;48;2;43;58;45m▀[38;2;39;54;37;48;2;50;63;54m▀[38;2;51;69;52;48;2;73;84;77m▀[38;2;66;77;72;48;2;61;65;57m▀[38;2;60;69;60;48;2;61;64;54m▀[38;2;93;104;100;48;2;98;101;92m▀[38;2;72;81;70;48;2;87;91;76m▀[38;2;69;77;66;48;2;69;75;55m▀[38;2;46;52;41;48;2;43;49;39m▀[38;2;42;52;43;48;2;39;49;39m▀[38;2;51;55;46;48;2;47;52;46m▀[38;2;57;65;53;48;2;49;58;49m▀[0m
[38;2;175;175;175;48;2;179;179;179m▀[38;2;178;178;178;48;2;182;182;182m▀[38;2;158;160;162;48;2;137;146;151m▀[38;2;120;125;134;48;2;107;116;125m▀[38;2;114;109;117;48;2;110;114;121m▀[38;2;142;133;144;48;2;118;116;122m▀[38;2;116;118;128;48;2;115;120;127m▀[38;2;178;178;181;48;2;146;149;152m▀[38;2;185;187;188;48;2;177;172;176m▀[38;2;178;181;183;48;2;164;153;163m▀[38;2;202;202;202;48;2;206;206;206m▀[38;2;204;204;204;48;2;209;209;209m▀[38;2;206;206;206;48;2;210;210;210m▀[38;2;208;208;208;48;2;211;211;211m▀[38;2;210;210;210;48;2;213;213;213m▀[38;2;211;211;211;48;2;213;213;215m▀[38;2;212;212;212;48;2;168;162;164m▀[38;2;212;212;210;48;2;159;149;152m▀[38;2;205;202;206;48;2;215;215;215m▀[38;2;207;205;208;48;2;218;216;218m▀[38;2;216;216;216;48;2;221;221;221m▀[38;2;217;217;217;48;2;219;219;219m▀[38;2;218;218;218;48;2;217;217;217m▀[38;2;219;219;219;48;2;209;207;211m▀[38;2;214;212;214;48;2;212;210;212m▀[38;2;197;192;198;48;2;204;198;203m▀[38;2;201;197;202;48;2;195;193;197m▀[38;2;207;202;207;48;2;204;202;205m▀[38;2;197;192;196;48;2;221;223;223m▀[38;2;184;177;182;48;2;180;182;180m▀[38;2;195;194;196;48;2;153;156;151m▀[38;2;133;133;120;48;2;124;127;116m▀[38;2;124;123;111;48;2;122;122;111m▀[38;2;127;131;119;48;2;135;134;124m▀[38;2;123;123;111;48;2;95;98;86m▀[38;2;105;110;99;48;2;82;91;72m▀[38;2;109;113;105;48;2;106;119;116m▀[38;2;123;127;124;48;2;111;134;130m▀[38;2;86;85;77;48;2;103;111;99m▀[38;2;80;80;65;48;2;87;94;76m▀[38;2;66;72;58;48;2;95;99;82m▀[38;2;65;78;56;48;2;68;84;58m▀[38;2;84;88;77;48;2;66;86;60m▀[38;2;108;110;102;48;2;73;77;65m▀[38;2;86;90;79;48;2;89;90;79m▀[38;2;89;92;82;48;2;82;85;70m▀[38;2;94;96;80;48;2;76;78;67m▀[38;2;100;101;84;48;2;62;64;53m▀[38;2;107;108;96;48;2;68;73;55m▀[38;2;102;105;95;48;2;64;77;52m▀[38;2;90;92;82;48;2;71;72;57m▀[38;2;87;86;76;48;2;61;68;51m▀[38;2;69;74;57;48;2;78;84;76m▀[38;2;93;94;83;48;2;53;55;42m▀[38;2;84;87;72;48;2;54;57;40m▀[38;2;56;59;51;48;2;86;89;81m▀[38;2;37;40;36;48;2;62;68;54m▀[38;2;45;50;43;48;2;47;53;40m▀[0m
[38;2;183;183;183;48;2;187;187;187m▀[38;2;186;186;186;48;2;190;190;190m▀[38;2;118;122;129;48;2;171;171;173m▀[38;2;96;96;110;48;2;139;137;145m▀[38;2;88;90;105;48;2;127;131;138m▀[38;2;91;93;107;48;2;96;98;104m▀[38;2;87;91;105;48;2;98;99;107m▀[38;2;92;97;112;48;2;98;100;109m▀[38;2;147;141;153;48;2;100;101;112m▀[38;2;178;164;171;48;2;104;107;117m▀[38;2;208;210;210;48;2;113;116;127m▀[38;2;210;210;212;48;2;118;120;132m▀[38;2;212;212;212;48;2;128;131;143m▀[38;2;215;215;215;48;2;134;137;147m▀[38;2;214;213;214;48;2;146;147;152m▀[38;2;215;215;217;48;2;150;152;160m▀[38;2;167;151;157;48;2;175;158;159m▀[38;2;161;140;147;48;2;181;159;162m▀[38;2;217;215;217;48;2;170;170;176m▀[38;2;222;222;222;48;2;215;215;217m▀[38;2;225;225;225;48;2;228;228;228m▀[38;2;220;220;222;48;2;228;230;230m▀[38;2;204;204;207;48;2;213;212;213m▀[38;2;182;182;186;48;2;165;169;166m▀[38;2;200;195;201;48;2;193;196;199m▀[38;2;178;180;177;48;2;151;156;145m▀[38;2;137;144;137;48;2;165;165;162m▀[38;2;130;136;129;48;2;128;135;123m▀[38;2;129;141;127;48;2;103;116;96m▀[38;2;131;139;126;48;2;94;111;86m▀[38;2;138;141;130;48;2;102;114;95m▀[38;2;135;138;127;48;2;89;102;85m▀[38;2;106;118;96;48;2;74;93;72m▀[38;2;126;131;118;48;2;104;112;99m▀[38;2;96;104;90;48;2;79;87;73m▀[38;2;93;111;83;48;2;63;75;62m▀[38;2;82;91;72;48;2;65;81;64m▀[38;2;82;82;73;48;2;83;92;77m▀[38;2;97;100;89;48;2;74;89;70m▀[38;2;97;105;86;48;2;71;87;66m▀[38;2;89;98;79;48;2;80;98;74m▀[38;2;63;85;56;48;2;52;69;49m▀[38;2;61;85;56;48;2;49;69;44m▀[38;2;56;72;50;48;2;47;61;42m▀[38;2;51;64;46;48;2;62;77;50m▀[38;2;32;43;31;48;2;55;61;44m▀[38;2;39;47;35;48;2;54;61;43m▀[38;2;38;51;37;48;2;50;63;43m▀[38;2;50;58;45;48;2;68;74;54m▀[38;2;69;75;59;48;2;86;86;65m▀[38;2;69;68;58;48;2;89;86;67m▀[38;2;61;72;51;48;2;78;82;58m▀[38;2;70;77;56;48;2;70;81;56m▀[38;2;74;77;59;48;2;83;87;65m▀[38;2;55;58;40;48;2;72;83;64m▀[38;2;66;69;51;48;2;76;78;66m▀[38;2;81;82;65;48;2;60;59;46m▀[38;2;85;89;69;48;2;59;61;47m▀[0m
[38;2;190;190;190;48;2;194;194;194m▀[38;2;194;194;194;48;2;195;197;195m▀[38;2;179;181;181;48;2;180;182;183m▀[38;2;116;121;131;48;2;127;130;128m▀[38;2;107;111;113;48;2;106;107;111m▀[38;2;95;97;101;48;2;103;105;109m▀[38;2;94;95;101;48;2;100;101;105m▀[38;2;95;96;104;48;2;97;98;102m▀[38;2;97;97;105;48;2;102;103;107m▀[38;2;105;107;115;48;2;102;106;108m▀[38;2;98;100;110;48;2;96;97;101m▀[38;2;119;118;129;48;2;124;120;126m▀[38;2;175;173;182;48;2;165;169;176m▀[38;2;107;108;117;48;2;104;103;109m▀[38;2;113;113;118;48;2;110;107;113m▀[38;2;117;114;120;48;2;122;117;120m▀[38;2;166;145;146;48;2;186;158;159m▀[38;2;183;152;154;48;2;202;167;166m▀[38;2;141;134;141;48;2;155;147;148m▀[38;2;197;195;198;48;2;141;145;142m▀[38;2;230;230;230;48;2;196;200;198m▀[38;2;217;218;217;48;2;156;159;149m▀[38;2;156;156;153;48;2;129;135;117m▀[38;2;152;156;146;48;2;129;138;117m▀[38;2;221;219;221;48;2;199;201;199m▀[38;2;163;165;161;48;2;153;155;148m▀[38;2;162;162;162;48;2;145;148;144m▀[38;2;165;164;162;48;2;206;203;205m▀[38;2;121;135;121;48;2;153;163;149m▀[38;2;84;111;80;48;2;88;104;75m▀[38;2;99;112;88;48;2;95;109;80m▀[38;2;75;100;72;48;2;64;88;59m▀[38;2;85;101;78;48;2;88;101;78m▀[38;2;100;107;91;48;2;84;96;73m▀[38;2;81;92;72;48;2;75;91;69m▀[38;2;73;86;64;48;2;73;96;69m▀[38;2;62;79;59;48;2;72;93;66m▀[38;2;72;83;68;48;2;75;87;69m▀[38;2;57;69;53;48;2;69;80;60m▀[38;2;60;71;56;48;2;55;63;50m▀[38;2;65;71;61;48;2;71;82;68m▀[38;2;48;62;46;48;2;58;74;53m▀[38;2;40;52;37;48;2;50;56;42m▀[38;2;53;66;45;48;2;43;51;38m▀[38;2;45;60;39;48;2;56;63;45m▀[38;2;85;84;63;48;2;96;96;68m▀[38;2;64;71;50;48;2;80;87;59m▀[38;2;68;82;54;48;2;87;93;67m▀[38;2;115;116;87;48;2;121;121;90m▀[38;2;97;100;72;48;2;146;129;102m▀[38;2;67;76;52;48;2;93;84;65m▀[38;2;58;72;52;48;2;58;61;47m▀[38;2;53;63;45;48;2;44;59;40m▀[38;2;76;84;60;48;2;68;81;57m▀[38;2;92;94;73;48;2;92;96;72m▀[38;2;102;102;80;48;2;121;114;83m▀[38;2;115;112;86;48;2;86;89;62m▀[38;2;87;91;68;48;2;86;89;69m▀[0m
[38;2;196;196;196;48;2;196;198;198m▀[38;2;187;189;190;48;2;122;129;139m▀[38;2;96;108;116;48;2;75;81;93m▀[38;2;86;94;103;48;2;107;105;115m▀[38;2;80;88;95;48;2;112;104;111m▀[38;2;83;90;94;48;2;96;91;97m▀[38;2;86;95;101;48;2;86;80;87m▀[38;2;97;103;108;48;2;96;99;107m▀[38;2;127;129;133;48;2;109;113;118m▀[38;2;126;129;133;48;2;117;121;125m▀[38;2;126;126;132;48;2;118;122;126m▀[38;2;135;132;138;48;2;120;124;128m▀[38;2;128;125;131;48;2;130;135;140m▀[38;2;128;125;130;48;2;142;142;147m▀[38;2;128;124;127;48;2;140;135;139m▀[38;2;134;130;134;48;2;136;134;140m▀[38;2;151;147;145;48;2;141;145;150m▀[38;2;149;144;134;48;2;110;117;104m▀[38;2;132;138;119;48;2;101;115;82m▀[38;2;123;133;107;48;2;117;125;103m▀[38;2;127;130;110;48;2;109;113;98m▀[38;2;118;122;103;48;2;97;101;89m▀[38;2;115;116;96;48;2;98;103;85m▀[38;2;103;112;96;48;2;104;119;93m▀[38;2;123;130;121;48;2;129;135;119m▀[38;2;142;142;130;48;2;132;131;121m▀[38;2;137;143;129;48;2;114;122;102m▀[38;2;173;181;168;48;2;156;164;149m▀[38;2;108;128;92;48;2;115;137;95m▀[38;2;107;125;89;48;2;114;131;96m▀[38;2;93;113;79;48;2;106;125;89m▀[38;2;72;96;57;48;2;115;126;101m▀[38;2;94;102;79;48;2;85;94;71m▀[38;2;77;94;69;48;2;79;96;70m▀[38;2;81;100;72;48;2;81;99;67m▀[38;2;66;92;60;48;2;63;79;54m▀[38;2;61;80;55;48;2;106;106;86m▀[38;2;80;87;69;48;2;97;97;76m▀[38;2;65;77;57;48;2;88;90;66m▀[38;2;60;70;50;48;2;57;72;46m▀[38;2;74;87;66;48;2;78;87;63m▀[38;2;74;79;56;48;2;41;56;37m▀[38;2;58;67;47;48;2;74;81;58m▀[38;2;40;50;31;48;2;48;54;39m▀[38;2;54;62;44;48;2;87;88;61m▀[38;2;44;56;40;48;2;101;102;70m▀[38;2;48;62;47;48;2;93;90;77m▀[38;2;59;72;51;48;2;91;86;71m▀[38;2;115;113;87;48;2;67;73;52m▀[38;2;115;112;83;48;2;53;59;42m▀[38;2;80;85;58;48;2;58;66;47m▀[38;2;58;65;47;48;2;54;63;42m▀[38;2;41;54;35;48;2;37;58;35m▀[38;2;58;82;54;48;2;56;69;46m▀[38;2;67;83;56;48;2;64;77;53m▀[38;2;63;83;55;48;2;107;100;76m▀[38;2;73;88;55;48;2;118;101;82m▀[38;2;79;88;61;48;2;111;105;76m▀[0m
[38;2;201;201;201;48;2;204;204;204m▀[38;2;137;139;146;48;2;192;192;193m▀[38;2;87;84;95;48;2;130;125;129m▀[38;2;142;137;143;48;2;151;146;150m▀[38;2;148;142;144;48;2;160;153;154m▀[38;2;150;143;143;48;2;159;154;154m▀[38;2;144;137;136;48;2;152;147;147m▀[38;2;106;103;107;48;2;143;138;141m▀[38;2;66;62;66;48;2;127;114;127m▀[38;2;59;57;63;48;2;123;121;133m▀[38;2;69;67;73;48;2;116;104;105m▀[38;2;61;59;65;48;2;107;95;104m▀[38;2;61;59;66;48;2;123;120;133m▀[38;2;82;77;82;48;2;115;102;106m▀[38;2;93;89;94;48;2;118;107;114m▀[38;2;69;71;78;48;2;111;112;116m▀[38;2;83;89;86;48;2;107;109;99m▀[38;2;113;120;105;48;2;86;97;84m▀[38;2;102;117;89;48;2;86;97;76m▀[38;2;102;109;90;48;2;86;91;78m▀[38;2;113;116;104;48;2;96;100;86m▀[38;2;82;89;77;48;2;89;97;78m▀[38;2;89;91;79;48;2;87;90;80m▀[38;2;79;89;73;48;2;90;94;82m▀[38;2;135;133;121;48;2;113;117;101m▀[38;2;103;107;93;48;2;93;97;87m▀[38;2;100;106;90;48;2;105;112;90m▀[38;2;95;109;84;48;2;94;109;78m▀[38;2;91;109;77;48;2;115;128;99m▀[38;2;111;126;96;48;2;109;121;97m▀[38;2;110;117;92;48;2;109;118;91m▀[38;2;96;113;83;48;2;96;116;81m▀[38;2;95;112;82;48;2;93;109;77m▀[38;2;93;109;78;48;2;76;96;63m▀[38;2;99;108;79;48;2;63;80;50m▀[38;2;91;105;75;48;2;50;63;43m▀[38;2;101;107;85;48;2;51;67;44m▀[38;2;94;95;72;48;2;58;71;49m▀[38;2;61;68;52;48;2;54;67;46m▀[38;2;46;55;39;48;2;58;66;42m▀[38;2;73;78;56;48;2;106;103;76m▀[38;2;36;50;29;48;2;83;84;61m▀[38;2;62;69;50;48;2;71;75;54m▀[38;2;65;71;48;48;2;77;84;57m▀[38;2;89;93;67;48;2;92;97;71m▀[38;2;106;105;86;48;2;132;121;109m▀[38;2;78;75;59;48;2;112;104;81m▀[38;2;77;66;59;48;2;82;66;60m▀[38;2;81;81;61;48;2;90;84;69m▀[38;2;83;85;63;48;2;76;84;61m▀[38;2;44;51;34;48;2;74;80;56m▀[38;2;37;48;32;48;2;59;65;46m▀[38;2;38;49;31;48;2;61;67;51m▀[38;2;52;64;44;48;2;84;88;76m▀[38;2;73;87;57;48;2;118;115;104m▀[38;2;84;90;60;48;2;140;131;127m▀[38;2;133;116;85;48;2;139;133;130m▀[38;2;126;110;82;48;2;113;111;109m▀[0m
[38;2;206;206;206;48;2;201;201;203m▀[38;2;189;191;191;48;2;187;189;189m▀[38;2;134;130;133;48;2;132;130;130m▀[38;2;153;148;152;48;2;153;148;151m▀[38;2;161;155;155;48;2;155;149;151m▀[38;2;158;154;153;48;2;158;152;152m▀[38;2;155;148;148;48;2;158;150;149m▀[38;2;151;146;149;48;2;149;142;146m▀[38;2;163;151;163;48;2;160;155;165m▀[38;2;162;162;174;48;2;160;162;172m▀[38;2;148;135;134;48;2;149;141;144m▀[38;2;157;145;154;48;2;161;155;162m▀[38;2;177;184;193;48;2;172;178;183m▀[38;2;147;131;132;48;2;152;143;140m▀[38;2;157;146;154;48;2;153;150;145m▀[38;2;159;171;173;48;2;153;165;160m▀[38;2;112;117;96;48;2;92;105;84m▀[38;2;96;108;84;48;2;73;88;66m▀[38;2;86;99;76;48;2;92;106;75m▀[38;2;86;93;78;48;2;96;103;82m▀[38;2;87;91;79;48;2;98;99;85m▀[38;2;80;90;73;48;2;73;81;66m▀[38;2;93;96;83;48;2;87;89;77m▀[38;2;95;104;84;48;2;75;79;71m▀[38;2;101;107;90;48;2;83;90;75m▀[38;2;96;100;88;48;2;106;110;90m▀[38;2;92;97;81;48;2;116;120;98m▀[38;2;123;130;106;48;2;114;124;98m▀[38;2;109;125;93;48;2;108;122;84m▀[38;2;100;123;81;48;2;87;115;67m▀[38;2;81;105;65;48;2;79;107;61m▀[38;2;73;98;58;48;2;73;94;60m▀[38;2;78;94;64;48;2;86;99;74m▀[38;2;73;88;62;48;2;64;75;54m▀[38;2;50;66;42;48;2;51;69;44m▀[38;2;46;63;38;48;2;56;67;45m▀[38;2;48;60;43;48;2;63;72;51m▀[38;2;50;62;41;48;2;40;53;34m▀[38;2;62;70;49;48;2;73;81;62m▀[38;2;111;113;77;48;2;92;101;71m▀[38;2;126;122;101;48;2;90;91;70m▀[38;2;57;64;46;48;2;62;75;53m▀[38;2;87;92;66;48;2;85;95;64m▀[38;2;102;104;76;48;2;142;143;110m▀[38;2;126;117;99;48;2;157;150;143m▀[38;2;123;126;128;48;2;152;150;143m▀[38;2;95;95;80;48;2;146;148;149m▀[38;2;103;97;85;48;2;133;123;118m▀[38;2;84;75;67;48;2;88;79;68m▀[38;2;128;124;105;48;2;106;100;92m▀[38;2;132;128;112;48;2;146;137;130m▀[38;2;156;149;140;48;2;160;152;149m▀[38;2;155;145;143;48;2;161;150;151m▀[38;2;153;143;144;48;2;144;133;137m▀[38;2;148;139;141;48;2;144;134;136m▀[38;2;146;136;137;48;2;132;123;122m▀[38;2;110;98;97;48;2;126;116;116m▀[38;2;95;88;87;48;2;94;90;90m▀[0m
[38;2;152;155;147;48;2;106;111;92m▀[38;2;136;131;132;48;2;101;101;107m▀[38;2;141;138;129;48;2;108;105;112m▀[38;2;157;152;153;48;2;165;158;162m▀[38;2;153;149;148;48;2;170;165;163m▀[38;2;157;151;151;48;2;170;165;163m▀[38;2;160;153;152;48;2;134;129;127m▀[38;2;159;151;155;48;2;86;81;83m▀[38;2;148;137;142;48;2;87;81;81m▀[38;2;149;137;142;48;2;90;83;82m▀[38;2;157;151;154;48;2;87;80;84m▀[38;2;151;141;140;48;2;86;79;80m▀[38;2;150;137;139;48;2;82;79;81m▀[38;2;150;143;139;48;2;94;91;88m▀[38;2;149;149;139;48;2;92;105;77m▀[38;2;100;116;78;48;2;81;98;69m▀[38;2;84;101;70;48;2;99;118;80m▀[38;2;74;90;66;48;2;92;108;70m▀[38;2;75;92;65;48;2;74;84;63m▀[38;2;94;102;80;48;2;80;90;66m▀[38;2;101;100;88;48;2;92;96;76m▀[38;2;74;85;63;48;2;72;81;60m▀[38;2;85;93;76;48;2;71;77;63m▀[38;2;79;81;71;48;2;95;106;78m▀[38;2;84;91;74;48;2;108;115;94m▀[38;2;98;103;82;48;2;103;107;90m▀[38;2;111;109;94;48;2;126;124;105m▀[38;2;104;108;84;48;2;150;149;110m▀[38;2;107;121;85;48;2;152;151;108m▀[38;2;95;114;74;48;2;156;153;110m▀[38;2;77;97;57;48;2;146;149;107m▀[38;2;98;110;72;48;2;129;136;100m▀[38;2;108;115;86;48;2;123;131;93m▀[38;2;81;95;62;48;2;108;120;86m▀[38;2;72;93;58;48;2;68;85;56m▀[38;2;80;99;66;48;2;57;71;49m▀[38;2;99;109;82;48;2;59;72;51m▀[38;2;64;79;52;48;2;67;88;55m▀[38;2;67;82;58;48;2;65;85;60m▀[38;2;63;78;53;48;2;65;88;60m▀[38;2;70;88;63;48;2;83;97;73m▀[38;2;143;142;122;48;2;172;165;158m▀[38;2;172;165;151;48;2;164;151;148m▀[38;2;176;164;151;48;2;149;139;135m▀[38;2;158;155;159;48;2;157;151;154m▀[38;2;186;176;173;48;2;173;169;173m▀[38;2;182;174;171;48;2;179;174;178m▀[38;2;167;164;168;48;2;167;166;171m▀[38;2;148;144;146;48;2;134;127;133m▀[38;2;135;128;117;48;2;94;90;73m▀[38;2;148;136;133;48;2;91;77;70m▀[38;2;131;120;119;48;2;111;101;103m▀[38;2;117;106;109;48;2;106;104;109m▀[38;2;123;111;114;48;2;118;110;116m▀[38;2;121;117;120;48;2;93;86;90m▀[38;2;117;111;116;48;2;61;56;56m▀[38;2;118;111;111;48;2;101;93;83m▀[38;2;97;87;87;48;2;107;90;80m▀[0m
[38;2;84;90;77;48;2;113;116;97m▀[38;2;69;74;62;48;2;83;89;76m▀[38;2;85;86;72;48;2;96;86;87m▀[38;2;161;155;156;48;2;154;149;152m▀[38;2;167;160;159;48;2;165;159;158m▀[38;2;164;158;157;48;2;162;158;156m▀[38;2;149;142;140;48;2;161;153;152m▀[38;2;111;106;108;48;2;148;143;143m▀[38;2;75;64;64;48;2;117;92;96m▀[38;2;67;57;61;48;2;107;83;89m▀[38;2;85;77;78;48;2;126;113;111m▀[38;2;86;76;84;48;2;147;144;155m▀[38;2;101;97;104;48;2;167;173;181m▀[38;2;101;101;80;48;2;136;128;117m▀[38;2;101;111;80;48;2;113;115;87m▀[38;2;85;105;67;48;2;94;98;72m▀[38;2;83;100;68;48;2;86;99;74m▀[38;2;73;92;65;48;2;73;91;61m▀[38;2;85;103;68;48;2;69;89;59m▀[38;2;91;109;74;48;2;81;97;70m▀[38;2;94;102;77;48;2;88;95;74m▀[38;2;67;82;57;48;2;58;68;52m▀[38;2;80;89;69;48;2;74;80;68m▀[38;2;86;96;74;48;2;75;78;66m▀[38;2;96;103;84;48;2;104;104;94m▀[38;2;99;110;86;48;2;101;108;81m▀[38;2;100;109;81;48;2;162;151;116m▀[38;2;163;155;118;48;2;149;140;106m▀[38;2;156;154;115;48;2;146;149;101m▀[38;2;146;147;106;48;2;114;127;80m▀[38;2;115;129;86;48;2;120;121;89m▀[38;2;127;132;91;48;2;139;139;97m▀[38;2;101;117;73;48;2;123;132;96m▀[38;2;93;111;75;48;2;97;113;81m▀[38;2;79;99;68;48;2;70;89;67m▀[38;2;77;93;68;48;2;72;89;65m▀[38;2;67;84;57;48;2;79;99;69m▀[38;2;78;97;70;48;2;77;94;66m▀[38;2;53;75;50;48;2;55;72;48m▀[38;2;51;67;43;48;2;51;67;46m▀[38;2;70;80;58;48;2;86;95;74m▀[38;2;152;147;141;48;2;78;97;70m▀[38;2;134;124;128;48;2;115;112;106m▀[38;2;127;116;118;48;2;119;106;111m▀[38;2;94;85;84;48;2;72;65;65m▀[38;2;96;91;91;48;2;93;87;87m▀[38;2;65;61;57;48;2;66;66;57m▀[38;2;79;92;75;48;2;60;75;54m▀[38;2;97;111;96;48;2;65;80;53m▀[38;2;63;73;50;48;2;90;90;66m▀[38;2;68;82;53;48;2;95;92;68m▀[38;2;79;92;77;48;2;96;94;72m▀[38;2;118;108;112;48;2;96;92;89m▀[38;2;120;107;112;48;2;118;107;109m▀[38;2;133;127;132;48;2;151;146;149m▀[38;2;123;116;119;48;2;155;145;147m▀[38;2;121;111;96;48;2;128;120;106m▀[38;2;100;91;78;48;2;106;97;80m▀[0m
[38;2;90;98;59;48;2;66;78;45m▀[38;2;94;100;74;48;2;89;98;61m▀[38;2;114;101;101;48;2;126;120;107m▀[38;2;148;142;146;48;2;144;139;143m▀[38;2;154;148;148;48;2;155;148;147m▀[38;2;157;148;148;48;2;135;139;119m▀[38;2;156;157;159;48;2;139;155;148m▀[38;2;169;179;187;48;2;186;202;212m▀[38;2;111;112;117;48;2;132;147;139m▀[38;2;103;96;101;48;2;132;129;128m▀[38;2;146;132;131;48;2;174;159;158m▀[38;2;163;147;149;48;2;161;145;134m▀[38;2;152;150;132;48;2;148;147;118m▀[38;2;106;115;79;48;2;135;141;106m▀[38;2;95;103;72;48;2;97;108;69m▀[38;2;97;113;74;48;2;83;100;68m▀[38;2;77;96;61;48;2;92;105;75m▀[38;2;50;60;45;48;2;87;100;72m▀[38;2;79;90;68;48;2;86;99;73m▀[38;2;52;65;50;48;2;68;82;59m▀[38;2;76;81;65;48;2;67;71;56m▀[38;2;91;99;75;48;2;70;72;60m▀[38;2;91;105;76;48;2;71;76;63m▀[38;2;84;84;71;48;2;97;98;80m▀[38;2;107;103;97;48;2;119;111;103m▀[38;2;132;123;105;48;2;141;132;114m▀[38;2;131;126;101;48;2;124;138;105m▀[38;2;126;128;95;48;2;113;134;98m▀[38;2;127;133;100;48;2;101;124;91m▀[38;2;117;128;91;48;2;82;106;74m▀[38;2;97;113;79;48;2;87;107;76m▀[38;2;92;111;77;48;2;80;94;72m▀[38;2;97;111;86;48;2;79;97;71m▀[38;2;85;100;73;48;2;74;98;64m▀[38;2;83;104;73;48;2;93;122;85m▀[38;2;94;115;81;48;2;90;121;80m▀[38;2;89;111;76;48;2;91;117;80m▀[38;2;84;104;72;48;2;83;108;72m▀[38;2;65;83;57;48;2;78;102;69m▀[38;2;82;103;75;48;2;84;103;72m▀[38;2;97;108;86;48;2;97;113;87m▀[38;2;74;97;67;48;2;75;95;69m▀[38;2;111;109;99;48;2;110;116;107m▀[38;2;127;120;125;48;2;152;147;152m▀[38;2;125;116;119;48;2;126;114;115m▀[38;2;95;90;80;48;2;92;90;78m▀[38;2;78;78;74;48;2;114;120;121m▀[38;2;61;76;55;48;2;76;80;65m▀[38;2;68;76;53;48;2;49;57;39m▀[38;2;76;79;59;48;2;53;61;40m▀[38;2;76;76;52;48;2;90;90;69m▀[38;2;74;81;63;48;2;87;90;70m▀[38;2;101;99;98;48;2;102;102;98m▀[38;2;98;89;90;48;2;118;113;119m▀[38;2;156;149;154;48;2;156;149;151m▀[38;2;162;153;153;48;2;161;151;152m▀[38;2;113;113;97;48;2;111;110;99m▀[38;2;106;106;83;48;2;68;86;59m▀[0m
[38;2;80;93;55;48;2;75;91;54m▀[38;2;87;101;61;48;2;68;85;51m▀[38;2;105;117;84;48;2;99;112;90m▀[38;2;124;129;115;48;2;128;125;122m▀[38;2;143;143;131;48;2;143;130;129m▀[38;2;125;128;114;48;2;131;115;113m▀[38;2;118;125;114;48;2;131;124;119m▀[38;2;125;132;134;48;2;147;141;136m▀[38;2;137;134;136;48;2;142;132;130m▀[38;2;142;137;141;48;2;130;125;125m▀[38;2;147;138;133;48;2;131;124;124m▀[38;2;151;155;157;48;2;157;168;175m▀[38;2;123;118;116;48;2;111;105;103m▀[38;2;103;102;97;48;2;82;75;76m▀[38;2;57;55;54;48;2;88;75;79m▀[38;2;73;75;63;48;2;105;89;98m▀[38;2;69;74;56;48;2;108;106;98m▀[38;2;70;81;58;48;2;89;89;78m▀[38;2;52;64;45;48;2;71;74;64m▀[38;2;57;72;55;48;2;80;77;74m▀[38;2;84;83;70;48;2;80;83;73m▀[38;2;116;110;105;48;2;113;109;106m▀[38;2;90;86;77;48;2;87;85;73m▀[38;2;79;75;66;48;2;96;95;81m▀[38;2;130;119;109;48;2;139;139;116m▀[38;2;135;133;114;48;2;138;150;105m▀[38;2;128;138;104;48;2;135;146;107m▀[38;2;91;111;78;48;2;98;117;81m▀[38;2;83;108;68;48;2;70;90;51m▀[38;2;75;94;61;48;2;89;108;74m▀[38;2;79;96;69;48;2;94;107;78m▀[38;2;82;96;69;48;2;111;122;98m▀[38;2;84;95;69;48;2;96;119;87m▀[38;2;93;112;77;48;2;80;98;71m▀[38;2;86;114;80;48;2;65;86;59m▀[38;2;67;87;61;48;2;67;87;64m▀[38;2;71;86;59;48;2;99;114;91m▀[38;2;68;83;59;48;2;87;110;71m▀[38;2;81;108;70;48;2;79;96;67m▀[38;2;92;109;80;48;2;71;80;57m▀[38;2;96;115;85;48;2;76;91;67m▀[38;2;69;88;61;48;2;69;89;59m▀[38;2;119;127;118;48;2;116;124;112m▀[38;2;152;148;152;48;2;152;149;149m▀[38;2;121;111;111;48;2;138;131;131m▀[38;2;97;94;88;48;2;126;118;111m▀[38;2;110;103;96;48;2;137;126;114m▀[38;2;70;69;59;48;2;110;108;99m▀[38;2;46;57;40;48;2;107;108;94m▀[38;2;80;86;68;48;2;110;114;101m▀[38;2;103;102;84;48;2;121;121;101m▀[38;2;99;98;83;48;2;110;111;93m▀[38;2;113;115;108;48;2;135;131;127m▀[38;2;121;120;126;48;2;147;142;144m▀[38;2;153;146;147;48;2;151;144;142m▀[38;2;164;153;154;48;2;167;155;159m▀[38;2;118;117;108;48;2;119;115;108m▀[38;2;42;62;38;48;2;32;48;30m▀[0m
[38;2;52;63;38;48;2;59;72;44m▀[38;2;68;78;51;48;2;79;93;64m▀[38;2;141;140;134;48;2;147;146;141m▀[38;2;166;162;162;48;2;174;174;168m▀[38;2;162;155;151;48;2;136;134;114m▀[38;2;153;145;140;48;2;136;138;109m▀[38;2;160;154;152;48;2;162;158;153m▀[38;2;170;162;158;48;2;174;165;164m▀[38;2;150;143;138;48;2;119;116;115m▀[38;2;151;146;140;48;2;141;137;137m▀[38;2;111;113;110;48;2;162;162;163m▀[38;2;153;146;143;48;2;138;141;125m▀[38;2;92;96;81;48;2;79;98;69m▀[38;2;93;89;92;48;2;88;99;92m▀[38;2;98;98;103;48;2;85;89;89m▀[38;2;77;73;78;48;2;77;77;79m▀[38;2;72;74;72;48;2;84;84;79m▀[38;2;44;42;45;48;2;24;28;28m▀[38;2;83;79;84;48;2;42;42;45m▀[38;2;83;81;81;48;2;136;136;139m▀[38;2;107;105;92;48;2;149;151;123m▀[38;2;111;109;94;48;2;167;166;135m▀[38;2;138;138;110;48;2;165;161;159m▀[38;2;152;152;126;48;2;165;162;160m▀[38;2;144;148;119;48;2;151;143;142m▀[38;2;144;148;112;48;2;149;142;138m▀[38;2;127;139;102;48;2;146;145;135m▀[38;2;122;129;101;48;2;164;159;155m▀[38;2;103;117;86;48;2;136;145;127m▀[38;2;93;112;77;48;2;103;120;94m▀[38;2;80;100;67;48;2;90;113;86m▀[38;2;109;126;99;48;2;102;131;92m▀[38;2;84;103;73;48;2;107;130;94m▀[38;2;87;112;75;48;2;107;133;88m▀[38;2;89;114;74;48;2;114;132;98m▀[38;2;91;111;76;48;2;103;114;83m▀[38;2;84;108;69;48;2;80;100;74m▀[38;2;71;90;57;48;2;81;101;70m▀[38;2;84;99;69;48;2;81;94;68m▀[38;2;73;89;62;48;2;66;91;59m▀[38;2;89;99;77;48;2;70;90;60m▀[38;2;96;115;89;48;2;104;124;98m▀[38;2;169;163;167;48;2;173;173;178m▀[38;2;169;162;162;48;2;176;172;179m▀[38;2;154;150;150;48;2;176;172;177m▀[38;2;162;159;161;48;2;164;158;159m▀[38;2;142;137;141;48;2;144;141;138m▀[38;2;151;145;151;48;2;149;149;145m▀[38;2;138;133;138;48;2;159;157;157m▀[38;2;144;138;144;48;2;149;142;147m▀[38;2;142;139;139;48;2;136;131;133m▀[38;2;166;161;162;48;2;166;161;166m▀[38;2;159;151;158;48;2;149;143;149m▀[38;2;159;151;156;48;2;122;118;122m▀[38;2;139;133;132;48;2;135;129;129m▀[38;2;163;151;153;48;2;162;152;155m▀[38;2;111;101;99;48;2;108;98;96m▀[38;2;36;45;36;48;2;42;55;43m▀[0m
[38;2;59;68;47;48;2;87;87;78m▀[38;2;80;88;67;48;2;101;95;94m▀[38;2;171;166;170;48;2;150;145;148m▀[38;2;157;158;152;48;2;113;113;116m▀[38;2;148;148;138;48;2;120;120;125m▀[38;2;144;144;137;48;2;124;124;127m▀[38;2;151;147;146;48;2;140;135;131m▀[38;2;172;162;159;48;2;159;149;148m▀[38;2;108;103;106;48;2;98;95;95m▀[38;2;194;192;198;48;2;185;183;186m▀[38;2;139;144;129;48;2;133;137;124m▀[38;2;127;130;112;48;2;136;131;121m▀[38;2;100;107;92;48;2;161;155;156m▀[38;2;137;141;131;48;2;162;157;159m▀[38;2;78;91;74;48;2;133;133;131m▀[38;2;132;127;129;48;2;118;111;111m▀[38;2;150;145;144;48;2;118;109;108m▀[38;2;113;111;111;48;2;140;136;140m▀[38;2;105;100;106;48;2;133;129;133m▀[38;2;149;145;147;48;2;189;179;184m▀[38;2;163;159;156;48;2;223;219;219m▀[38;2;171;167;166;48;2;210;206;206m▀[38;2;176;169;166;48;2;171;164;157m▀[38;2;159;155;153;48;2;177;173;170m▀[38;2;172;169;171;48;2;177;173;175m▀[38;2;166;160;157;48;2;177;171;165m▀[38;2;166;160;156;48;2;186;179;176m▀[38;2;179;175;173;48;2;185;179;176m▀[38;2;175;174;169;48;2;183;185;177m▀[38;2;129;142;122;48;2;182;187;179m▀[38;2;136;145;130;48;2;122;138;115m▀[38;2;106;136;99;48;2;111;129;105m▀[38;2;106;133;100;48;2;132;143;121m▀[38;2;100;128;90;48;2;103;121;95m▀[38;2;137;150;132;48;2;131;147;125m▀[38;2;107;128;94;48;2;143;154;134m▀[38;2;87;103;80;48;2;140;148;135m▀[38;2;91;113;78;48;2;107;121;89m▀[38;2;84;99;68;48;2;79;97;65m▀[38;2;52;66;41;48;2;66;87;57m▀[38;2;64;82;56;48;2;85;101;79m▀[38;2;80;99;78;48;2;92;108;92m▀[38;2;163;161;165;48;2;156;152;160m▀[38;2;157;152;158;48;2;168;165;172m▀[38;2;156;151;158;48;2;147;143;150m▀[38;2;160;154;158;48;2;151;147;152m▀[38;2;156;153;151;48;2;152;148;150m▀[38;2;162;158;158;48;2;149;145;146m▀[38;2;159;155;161;48;2;143;141;140m▀[38;2;149;146;153;48;2;154;147;150m▀[38;2;163;160;167;48;2;154;148;152m▀[38;2;167;160;166;48;2;152;147;152m▀[38;2;162;158;165;48;2;140;137;142m▀[38;2;161;157;164;48;2;126;120;125m▀[38;2;137;130;132;48;2;110;106;105m▀[38;2;160;150;154;48;2;152;141;143m▀[38;2;117;108;105;48;2;110;97;98m▀[38;2;37;57;36;48;2;42;57;43m▀[0m
[38;2;74;83;59;48;2;58;74;46m▀[38;2;88;93;76;48;2;96;99;87m▀[38;2;121;123;117;48;2;113;109;105m▀[38;2;109;111;114;48;2;122;120;120m▀[38;2;127;126;131;48;2;131;126;126m▀[38;2;125;122;124;48;2;133;130;130m▀[38;2;126;121;121;48;2;133;128;128m▀[38;2;158;150;149;48;2;156;150;149m▀[38;2;149;145;144;48;2;140;136;128m▀[38;2;170;166;163;48;2;146;142;138m▀[38;2;129;135;123;48;2;118;118;111m▀[38;2;140;136;125;48;2;148;142;134m▀[38;2;151;146;143;48;2;127;122;114m▀[38;2;154;149;147;48;2;125;120;117m▀[38;2;130;120;121;48;2;111;108;104m▀[38;2;149;144;144;48;2;134;131;130m▀[38;2;103;94;91;48;2;158;153;152m▀[38;2;135;131;131;48;2;113;108;107m▀[38;2;161;150;149;48;2;169;164;166m▀[38;2;198;193;193;48;2;173;169;167m▀[38;2;208;204;206;48;2;167;164;162m▀[38;2;218;215;217;48;2;164;160;159m▀[38;2;176;167;160;48;2;133;126;113m▀[38;2;184;179;175;48;2;161;155;152m▀[38;2;166;163;161;48;2;163;159;157m▀[38;2;176;172;166;48;2;153;149;141m▀[38;2;190;185;180;48;2;166;165;158m▀[38;2;166;169;157;48;2;137;145;125m▀[38;2;119;138;108;48;2;110;130;104m▀[38;2;125;141;113;48;2;90;105;85m▀[38;2;133;143;129;48;2;64;93;62m▀[38;2;168;171;163;48;2;65;89;60m▀[38;2;158;157;145;48;2;74;103;65m▀[38;2;150;152;144;48;2;73;101;66m▀[38;2;133;139;127;48;2;64;83;57m▀[38;2;131;136;128;48;2;78;106;69m▀[38;2;91;107;81;48;2;82;113;67m▀[38;2;96;110;74;48;2;78;102;61m▀[38;2;73;98;62;48;2;62;84;51m▀[38;2;86;117;68;48;2;74;103;62m▀[38;2;73;96;65;48;2;62;70;53m▀[38;2;103;126;95;48;2;77;95;76m▀[38;2;159;155;162;48;2;136;138;135m▀[38;2;161;158;165;48;2;154;150;154m▀[38;2;157;152;159;48;2;160;153;158m▀[38;2;163;156;163;48;2;151;144;150m▀[38;2;165;159;165;48;2;130;126;132m▀[38;2;163;157;162;48;2;129;124;130m▀[38;2;148;142;146;48;2;141;130;136m▀[38;2;153;147;153;48;2;144;139;144m▀[38;2;137;130;134;48;2;165;157;160m▀[38;2;148;142;147;48;2;149;143;148m▀[38;2;138;133;139;48;2;147;142;147m▀[38;2;136;126;132;48;2;149;143;148m▀[38;2;130;123;122;48;2;131;126;123m▀[38;2;154;143;147;48;2;154;142;146m▀[38;2;108;102;97;48;2;106;96;93m▀[38;2;56;67;54;48;2;52;66;54m▀[0m
[38;2;97;94;85;48;2;62;73;51m▀[38;2;93;94;82;48;2;61;68;45m▀[38;2;80;76;69;48;2;90;94;83m▀[38;2;113;111;115;48;2;93;99;87m▀[38;2;125;122;124;48;2;123;119;119m▀[38;2;117;112;104;48;2;122;116;100m▀[38;2;107;102;82;48;2;120;117;95m▀[38;2;135;125;115;48;2;121;115;107m▀[38;2;124;119;110;48;2;141;136;133m▀[38;2;121;112;104;48;2;135;130;127m▀[38;2;129;124;120;48;2;123;111;100m▀[38;2;155;151;134;48;2;135;123;105m▀[38;2;146;138;108;48;2;142;133;121m▀[38;2;138;132;104;48;2;141;134;126m▀[38;2;117;115;87;48;2;131;126;119m▀[38;2;140;132;110;48;2;143;137;130m▀[38;2;145;138;123;48;2;142;136;127m▀[38;2;113;112;92;48;2;143;140;121m▀[38;2;136;133;111;48;2;142;139;122m▀[38;2;137;134;118;48;2;139;136;125m▀[38;2;152;151;136;48;2;133;130;119m▀[38;2;149;149;138;48;2;132;128;115m▀[38;2;142;140;134;48;2;111;107;93m▀[38;2;154;155;140;48;2;137;134;117m▀[38;2;168;168;150;48;2;152;146;132m▀[38;2;143;142;114;48;2;151;147;133m▀[38;2;119;130;96;48;2;151;145;133m▀[38;2;95;114;80;48;2;154;146;132m▀[38;2;88;108;71;48;2;164;151;136m▀[38;2;171;169;150;48;2;162;150;136m▀[38;2;95;112;73;48;2;113;102;84m▀[38;2;82;110;65;48;2;67;92;54m▀[38;2;73;102;61;48;2;53;70;43m▀[38;2;71;101;61;48;2;69;102;58m▀[38;2;78;106;69;48;2;64;84;55m▀[38;2;81;109;67;48;2;104;132;88m▀[38;2;78;106;65;48;2;69;98;50m▀[38;2;71;95;55;48;2;69;96;53m▀[38;2;60;83;51;48;2;60;78;48m▀[38;2;50;73;42;48;2;47;62;38m▀[38;2;44;55;38;48;2;43;52;33m▀[38;2;47;59;44;48;2;48;55;37m▀[38;2;89;94;88;48;2;116;121;117m▀[38;2;126;120;121;48;2;177;162;161m▀[38;2;118;106;104;48;2;162;146;143m▀[38;2;135;127;121;48;2;137;123;120m▀[38;2;132;131;125;48;2;85;81;62m▀[38;2;133;129;124;48;2;108;99;82m▀[38;2;110;105;101;48;2;95;98;92m▀[38;2;113;115;111;48;2;74;87;72m▀[38;2;137;130;131;48;2;54;61;48m▀[38;2;147;140;142;48;2;85;93;81m▀[38;2;144;137;143;48;2;84;83;79m▀[38;2;152;145;148;48;2;85;79;79m▀[38;2;130;123;120;48;2;120;115;112m▀[38;2;156;146;149;48;2;152;140;139m▀[38;2;116;105;105;48;2;120;110;108m▀[38;2;36;48;35;48;2;64;72;59m▀[0m
[38;2;55;58;42;48;2;78;80;69m▀[38;2;58;64;44;48;2;79;82;69m▀[38;2;86;88;83;48;2;99;98;90m▀[38;2;106;102;104;48;2;93;89;87m▀[38;2;112;107;103;48;2;109;105;105m▀[38;2;114;111;108;48;2;83;78;78m▀[38;2;121;116;115;48;2;77;71;69m▀[38;2;130;118;115;48;2;110;98;96m▀[38;2;121;116;119;48;2;121;116;114m▀[38;2;125;121;125;48;2;116;109;109m▀[38;2;126;121;118;48;2;120;114;109m▀[38;2;116;105;94;48;2;137;130;118m▀[38;2;117;113;100;48;2;151;147;138m▀[38;2;130;124;109;48;2;128;124;106m▀[38;2;124;116;97;48;2;136;130;120m▀[38;2;134;130;113;48;2;144;134;123m▀[38;2;139;134;122;48;2;156;149;141m▀[38;2;127;122;104;48;2;143;134;124m▀[38;2;107;103;86;48;2;125;113;101m▀[38;2;116;107;96;48;2;147;135;126m▀[38;2;128;117;107;48;2;124;116;104m▀[38;2;112;107;101;48;2;134;130;122m▀[38;2;112;105;100;48;2;140;132;118m▀[38;2;128;122;99;48;2;148;144;127m▀[38;2;136;132;116;48;2;148;140;130m▀[38;2;121;114;103;48;2;141;135;126m▀[38;2;112;106;94;48;2;120;116;103m▀[38;2;119;117;100;48;2;109;105;85m▀[38;2;144;133;120;48;2;110;108;89m▀[38;2;137;129;114;48;2;101;96;86m▀[38;2;131;122;100;48;2;110;108;88m▀[38;2;151;144;126;48;2;91;90;69m▀[38;2;143;140;121;48;2;83;80;63m▀[38;2;136;134;118;48;2;91;93;69m▀[38;2;125;123;110;48;2;93;92;70m▀[38;2;132;139;113;48;2;91;91;70m▀[38;2;113;118;95;48;2;105;101;85m▀[38;2;103;108;86;48;2;115;109;94m▀[38;2;94;97;78;48;2;130;119;104m▀[38;2;133;128;107;48;2;176;159;142m▀[38;2;159;146;125;48;2;164;140;123m▀[38;2;203;181;152;48;2;186;167;136m▀[38;2;195;177;155;48;2;194;171;138m▀[38;2;227;195;188;48;2;183;156;144m▀[38;2;228;188;180;48;2;210;176;165m▀[38;2;203;176;148;48;2;197;167;122m▀[38;2;140;122;93;48;2;208;183;137m▀[38;2;116;101;81;48;2;182;148;123m▀[38;2;146;135;125;48;2;155;113;109m▀[38;2;158;147;117;48;2;169;122;117m▀[38;2;162;154;126;48;2;195;177;156m▀[38;2;171;159;138;48;2;194;176;158m▀[38;2;134;123;117;48;2;182;156;133m▀[38;2;117;104;96;48;2;174;145;135m▀[38;2;140;132;122;48;2;173;149;125m▀[38;2;155;137;135;48;2;140;94;94m▀[38;2;127;114;113;48;2;147;103;111m▀[38;2;112;115;115;48;2;129;105;109m▀[0m
[38;2;72;71;61;48;2;119;119;108m▀[38;2;71;66;59;48;2;134;132;124m▀[38;2;88;84;77;48;2;130;129;122m▀[38;2;110;107;107;48;2;132;131;125m▀[38;2;102;102;97;48;2;118;117;110m▀[38;2;101;98;96;48;2;117;117;111m▀[38;2;93;93;89;48;2;130;131;126m▀[38;2;115;105;101;48;2;134;132;128m▀[38;2;104;96;92;48;2;143;144;136m▀[38;2;127;119;117;48;2;101;98;87m▀[38;2;124;120;112;48;2;92;86;76m▀[38;2;122;117;107;48;2;132;125;119m▀[38;2;129;122;109;48;2;147;144;139m▀[38;2;149;143;131;48;2;155;150;147m▀[38;2;159;152;144;48;2;157;153;145m▀[38;2;144;135;125;48;2;152;142;137m▀[38;2;135;125;115;48;2;152;136;130m▀[38;2;138;126;113;48;2;140;128;119m▀[38;2;144;133;119;48;2;135;125;113m▀[38;2;142;132;120;48;2;144;133;124m▀[38;2;135;128;119;48;2;144;139;130m▀[38;2;132;127;117;48;2;130;126;112m▀[38;2;152;145;132;48;2;144;135;126m▀[38;2;151;143;131;48;2;123;117;104m▀[38;2;131;129;116;48;2;102;96;84m▀[38;2;116;109;94;48;2;113;102;86m▀[38;2;96;91;82;48;2;128;120;100m▀[38;2;128;121;109;48;2;121;111;97m▀[38;2;121;116;105;48;2;112;108;95m▀[38;2;128;127;119;48;2;136;133;128m▀[38;2;90;94;76;48;2;86;101;72m▀[38;2;75;75;59;48;2;82;95;66m▀[38;2;80;86;65;48;2;76;81;56m▀[38;2;76;80;55;48;2;75;72;55m▀[38;2;74;74;54;48;2;71;65;55m▀[38;2;73;78;59;48;2;85;84;67m▀[38;2;66;67;54;48;2;71;72;57m▀[38;2;64;65;51;48;2;71;68;57m▀[38;2;128;128;108;48;2;199;179;141m▀[38;2;215;195;167;48;2;168;141;118m▀[38;2;192;167;137;48;2;170;143;115m▀[38;2;209;189;158;48;2;188;160;121m▀[38;2;204;185;159;48;2;186;159;118m▀[38;2;196;178;155;48;2;205;183;149m▀[38;2;159;138;110;48;2;206;185;156m▀[38;2;176;144;103;48;2;170;140;128m▀[38;2;186;156;118;48;2;171;136;120m▀[38;2;190;162;122;48;2;170;144;106m▀[38;2;183;152;113;48;2;168;140;93m▀[38;2;164;143;119;48;2;121;100;80m▀[38;2;191;170;148;48;2;138;113;93m▀[38;2;171;148;127;48;2;122;99;69m▀[38;2;137;99;93;48;2;151;126;96m▀[38;2;141;106;107;48;2;137;108;91m▀[38;2;144;110;116;48;2;122;77;80m▀[38;2;145;113;117;48;2;129;95;98m▀[38;2;130;80;83;48;2;129;96;105m▀[38;2;119;87;76;48;2;132;107;92m▀[0m
[38;2;111;113;105;48;2;156;156;163m▀[38;2;117;117;112;48;2;159;160;167m▀[38;2;120;123;120;48;2;159;163;171m▀[38;2;119;115;107;48;2;160;165;171m▀[38;2;115;114;104;48;2;156;161;166m▀[38;2;124;124;114;48;2;148;153;155m▀[38;2;127;130;124;48;2;139;143;140m▀[38;2;133;133;121;48;2;131;133;128m▀[38;2;146;146;137;48;2;113;113;104m▀[38;2;141;141;129;48;2;116;115;103m▀[38;2;121;120;109;48;2;128;123;114m▀[38;2;152;146;139;48;2;135;130;119m▀[38;2;135;126;118;48;2;132;130;116m▀[38;2;126;124;113;48;2;163;163;151m▀[38;2;136;129;120;48;2;165;166;157m▀[38;2;139;129;119;48;2;158;158;147m▀[38;2;131;121;112;48;2;139;126;117m▀[38;2;125;119;110;48;2;148;144;133m▀[38;2;131;126;117;48;2;137;132;122m▀[38;2;135;129;119;48;2;112;111;97m▀[38;2;134;131;121;48;2;135;132;121m▀[38;2;122;122;111;48;2;180;179;169m▀[38;2;103;96;88;48;2;152;151;135m▀[38;2;110;101;89;48;2;131;127;107m▀[38;2;131;124;108;48;2;126;113;104m▀[38;2;126;121;100;48;2;122;110;96m▀[38;2;123;113;96;48;2;126;116;98m▀[38;2;124;115;99;48;2;121;110;92m▀[38;2;104;98;86;48;2;97;91;71m▀[38;2;134;130;126;48;2;121;118;112m▀[38;2;90;94;66;48;2;91;87;71m▀[38;2;70;74;50;48;2;95;88;73m▀[38;2;72;66;55;48;2;89;80;71m▀[38;2;72;67;59;48;2;91;94;75m▀[38;2;80;84;64;48;2;99;100;81m▀[38;2;82;83;66;48;2;112;105;93m▀[38;2;99;93;79;48;2;98;88;79m▀[38;2;105;100;84;48;2;93;80;71m▀[38;2;171;145;111;48;2;197;164;118m▀[38;2;151;130;121;48;2;162;129;93m▀[38;2;179;151;119;48;2;199;173;144m▀[38;2;159;134;111;48;2;162;139;129m▀[38;2;156;129;97;48;2;174;148;121m▀[38;2;171;147;124;48;2;179;157;152m▀[38;2;190;160;133;48;2;162;138;123m▀[38;2;153;113;120;48;2;147;109;98m▀[38;2;142;100;101;48;2;121;95;82m▀[38;2;171;137;120;48;2;184;148;121m▀[38;2;130;98;79;48;2;155;126;102m▀[38;2;150;130;104;48;2;197;168;136m▀[38;2;166;137;113;48;2;138;106;80m▀[38;2;187;164;134;48;2;159;136;109m▀[38;2;171;146;109;48;2;151;122;92m▀[38;2;162;139;104;48;2;157;133;104m▀[38;2;162;139;108;48;2;156;138;108m▀[38;2;128;104;88;48;2;158;140;111m▀[38;2;113;70;73;48;2;148;131;109m▀[38;2;120;102;86;48;2;139;119;95m▀[0m
[38;2;160;155;158;48;2;152;149;153m▀[38;2;162;157;161;48;2;156;154;158m▀[38;2;163;159;164;48;2;158;158;163m▀[38;2;164;163;168;48;2;164;163;168m▀[38;2;168;167;173;48;2;167;165;171m▀[38;2;168;170;178;48;2;168;168;175m▀[38;2;168;172;180;48;2;171;172;178m▀[38;2;171;173;182;48;2;173;175;182m▀[38;2;168;173;180;48;2;175;177;184m▀[38;2;166;171;175;48;2;177;180;184m▀[38;2;154;157;160;48;2;178;179;188m▀[38;2;144;148;145;48;2;178;182;191m▀[38;2;146;149;147;48;2;178;183;193m▀[38;2;159;162;158;48;2;178;184;193m▀[38;2;140;140;127;48;2;176;181;188m▀[38;2;144;144;125;48;2;168;173;175m▀[38;2;150;149;133;48;2;164;169;165m▀[38;2;148;147;132;48;2;150;153;142m▀[38;2;145;138;124;48;2;132;135;117m▀[38;2;144;144;131;48;2;128;131;117m▀[38;2;131;130;113;48;2;132;132;117m▀[38;2;148;148;128;48;2;151;152;131m▀[38;2;129;128;111;48;2;130;130;109m▀[38;2;120;114;103;48;2;158;159;154m▀[38;2;129;119;107;48;2;147;146;143m▀[38;2;129;114;101;48;2;138;125;112m▀[38;2;121;108;89;48;2;137;128;114m▀[38;2;105;95;79;48;2;134;127;114m▀[38;2;98;90;74;48;2;119;110;101m▀[38;2;109;109;101;48;2;121;113;103m▀[38;2;95;93;75;48;2;121;115;105m▀[38;2;85;83;65;48;2;120;116;101m▀[38;2;101;98;79;48;2;105;99;90m▀[38;2;114;105;93;48;2;97;91;81m▀[38;2;99;93;80;48;2;102;95;85m▀[38;2;94;86;78;48;2;100;90;85m▀[38;2;97;82;73;48;2;115;95;89m▀[38;2;109;94;84;48;2;135;112;95m▀[38;2;176;144;103;48;2;190;156;106m▀[38;2;182;152;111;48;2;183;155;123m▀[38;2;197;171;140;48;2;155;119;86m▀[38;2;167;145;134;48;2;164;136;105m▀[38;2;180;154;122;48;2;162;134;102m▀[38;2;164;138;128;48;2;155;134;108m▀[38;2;160;139;126;48;2;167;148;122m▀[38;2;197;172;126;48;2;184;154;111m▀[38;2;142;109;77;48;2;151;122;81m▀[38;2;152;119;98;48;2;145;120;97m▀[38;2;184;164;139;48;2;157;130;99m▀[38;2;187;162;130;48;2;157;126;83m▀[38;2;138;108;79;48;2;135;116;104m▀[38;2;129;122;118;48;2;121;109;105m▀[38;2;126;116;105;48;2;112;96;89m▀[38;2;169;139;104;48;2;125;102;80m▀[38;2;170;143;114;48;2;124;102;86m▀[38;2;131;110;83;48;2;92;74;57m▀[38;2;164;147;119;48;2;121;101;77m▀[38;2;159;141;114;48;2;151;131;102m▀[0m
[38;2;146;145;151;48;2;143;141;146m▀[38;2;149;149;154;48;2;147;144;149m▀[38;2;154;153;159;48;2;152;148;154m▀[38;2;159;157;162;48;2;156;152;156m▀[38;2;163;161;165;48;2;159;156;160m▀[38;2;167;164;169;48;2;163;159;165m▀[38;2;171;168;172;48;2;166;163;168m▀[38;2;174;170;174;48;2;166;164;170m▀[38;2;174;172;177;48;2;169;167;172m▀[38;2;173;173;180;48;2;171;169;174m▀[38;2;175;176;183;48;2;175;173;177m▀[38;2;179;180;186;48;2;178;175;180m▀[38;2;181;182;190;48;2;179;177;182m▀[38;2;181;182;191;48;2;181;179;184m▀[38;2;181;183;192;48;2;181;179;185m▀[38;2;182;184;192;48;2;178;179;186m▀[38;2;182;185;192;48;2;178;180;186m▀[38;2;181;185;193;48;2;177;179;187m▀[38;2;176;181;188;48;2;177;178;187m▀[38;2;151;155;152;48;2;176;178;187m▀[38;2;137;136;125;48;2;175;178;186m▀[38;2;139;140;117;48;2;165;170;173m▀[38;2;132;132;109;48;2;158;158;156m▀[38;2;167;169;166;48;2;156;156;153m▀[38;2;170;172;178;48;2;162;165;168m▀[38;2;146;127;122;48;2;160;160;149m▀[38;2;141;119;109;48;2;149;152;136m▀[38;2;133;116;106;48;2;168;162;155m▀[38;2;107;99;84;48;2;143;130;117m▀[38;2;124;115;101;48;2;93;92;76m▀[38;2;101;94;81;48;2;88;75;61m▀[38;2;109;98;89;48;2;107;87;76m▀[38;2;110;99;92;48;2;121;100;90m▀[38;2;107;97;88;48;2;114;97;86m▀[38;2;119;111;96;48;2;97;86;73m▀[38;2;118;111;98;48;2;101;90;76m▀[38;2;127;115;101;48;2;102;89;75m▀[38;2;169;150;125;48;2;157;142;119m▀[38;2;148;122;95;48;2;181;163;141m▀[38;2;148;119;108;48;2;158;135;111m▀[38;2;118;90;77;48;2;161;145;117m▀[38;2;191;171;143;48;2;184;166;135m▀[38;2;186;162;126;48;2;190;164;132m▀[38;2;195;171;139;48;2;180;152;121m▀[38;2;177;145;110;48;2;158;129;95m▀[38;2;146;115;81;48;2;126;103;84m▀[38;2;140;117;91;48;2;142;122;105m▀[38;2;182;164;144;48;2;169;145;120m▀[38;2;156;127;103;48;2;181;155;131m▀[38;2;123;95;72;48;2;169;143;115m▀[38;2;129;107;90;48;2;174;150;119m▀[38;2;114;98;87;48;2;161;137;108m▀[38;2;112;94;85;48;2;106;85;71m▀[38;2;130;114;94;48;2;127;109;95m▀[38;2;157;135;106;48;2;143;119;92m▀[38;2;141;109;80;48;2;118;92;71m▀[38;2;97;79;64;48;2;129;111;86m▀[38;2;110;93;76;48;2;152;131;111m▀[0m
