[38;2;0;0;0;48;2;0;0;0m▀▀▀▀▀▀▀▀▀▀▀▀▀▀▀▀▀▀▀▀▀▀▀▀▀[38;2;0;0;0;48;2;12;0;0m▀[38;2;0;0;0;48;2;31;0;10m▀[38;2;0;0;0;48;2;41;0;9m▀[38;2;218;196;174;48;2;160;122;95m▀[38;2;225;225;225;48;2;228;228;193m▀[38;2;121;75;39;48;2;228;201;171m▀[38;2;86;43;18;48;2;228;225;186m▀[38;2;109;59;20;48;2;194;136;84m▀[38;2;112;59;12;48;2;117;63;25m▀[38;2;108;59;19;48;2;125;79;49m▀[38;2;99;56;21;48;2;189;154;128m▀[38;2;125;98;77;48;2;147;96;63m▀[38;2;222;222;222;48;2;225;225;200m▀[38;2;90;59;39;48;2;176;135;97m▀[38;2;0;0;0;48;2;12;0;0m▀[38;2;0;0;0;48;2;0;0;0m▀▀▀▀▀▀▀▀▀▀▀▀▀▀▀▀▀▀[0m
[38;2;0;0;0;48;2;0;0;0m▀▀▀▀▀▀▀▀▀▀▀▀▀▀[38;2;0;0;0;48;2;11;0;11m▀[38;2;0;0;0;48;2;0;0;12m▀[38;2;0;0;0;48;2;0;0;0m▀[38;2;0;0;0;48;2;0;0;12m▀[38;2;0;0;0;48;2;11;0;32m▀[38;2;0;0;0;48;2;23;0;31m▀[38;2;0;0;12;48;2;30;0;41m▀[38;2;0;0;12;48;2;0;0;33m▀[38;2;0;0;12;48;2;23;0;35m▀[38;2;11;0;11;48;2;52;6;46m▀[38;2;11;0;11;48;2;55;16;42m▀[38;2;47;7;28;48;2;70;22;39m▀[38;2;64;15;24;48;2;160;107;75m▀[38;2;67;16;3;48;2;220;175;138m▀[38;2;94;50;24;48;2;139;81;43m▀[38;2;199;146;97;48;2;187;125;58m▀[38;2;231;191;146;48;2;158;102;48m▀[38;2;231;231;210;48;2;101;55;36m▀[38;2;208;166;127;48;2;158;102;44m▀[38;2;154;106;72;48;2;134;81;43m▀[38;2;141;85;43;48;2;141;86;38m▀[38;2;202;159;125;48;2;127;74;37m▀[38;2;165;109;61;48;2;149;92;46m▀[38;2;229;207;185;48;2;107;61;33m▀[38;2;137;109;91;48;2;95;58;35m▀[38;2;44;7;18;48;2;97;60;49m▀[38;2;31;0;10;48;2;202;176;154m▀[38;2;12;0;0;48;2;147;109;83m▀[38;2;12;0;0;48;2;46;7;18m▀[38;2;0;0;0;48;2;12;0;0m▀[38;2;0;0;0;48;2;0;0;0m▀▀▀▀▀▀▀▀▀▀▀▀▀▀[0m
[38;2;0;0;0;48;2;0;0;0m▀▀▀▀▀▀▀▀▀[38;2;0;0;0;48;2;0;0;12m▀[38;2;161;117;71;48;2;216;150;78m▀[38;2;136;86;29;48;2;228;161;71m▀[38;2;20;8;8;48;2;74;46;26m▀[38;2;0;0;12;48;2;20;8;28m▀[38;2;31;0;31;48;2;44;7;39m▀[38;2;38;7;38;48;2;49;16;42m▀[38;2;34;0;41;48;2;54;16;49m▀[38;2;30;0;41;48;2;65;22;54m▀[38;2;31;0;42;48;2;67;15;56m▀[38;2;34;0;42;48;2;45;6;52m▀[38;2;49;16;55;48;2;63;26;63m▀[38;2;28;7;46;48;2;45;6;58m▀[38;2;39;7;53;48;2;50;16;63m▀[38;2;63;22;52;48;2;82;35;71m▀[38;2;74;25;58;48;2;81;30;63m▀[38;2;83;30;44;48;2;101;50;54m▀[38;2;176;128;98;48;2;156;104;76m▀[38;2;237;217;190;48;2;176;128;90m▀[38;2;142;87;49;48;2;150;95;56m▀[38;2;179;118;54;48;2;196;130;66m▀[38;2;179;117;60;48;2;190;127;67m▀[38;2;117;68;40;48;2;168;109;64m▀[38;2;155;97;50;48;2;151;93;61m▀[38;2;134;81;44;48;2;131;70;44m▀[38;2;135;81;44;48;2;163;102;54m▀[38;2;131;78;45;48;2;145;87;53m▀[38;2;155;95;51;48;2;133;75;48m▀[38;2;159;102;48;48;2;179;117;65m▀[38;2;122;74;45;48;2;236;177;119m▀[38;2;176;124;84;48;2;192;131;82m▀[38;2;232;232;232;48;2;104;58;51m▀[38;2;130;93;84;48;2;80;34;50m▀[38;2;60;15;28;48;2;70;21;42m▀[38;2;23;0;11;48;2;74;37;29m▀[38;2;0;0;0;48;2;144;80;19m▀[38;2;0;0;0;48;2;91;50;17m▀[38;2;0;0;0;48;2;11;0;11m▀[38;2;0;0;0;48;2;0;0;0m▀▀▀▀▀▀▀▀▀▀▀[0m
[38;2;0;0;0;48;2;0;0;0m▀▀▀▀▀▀▀▀▀[38;2;0;0;12;48;2;23;0;35m▀[38;2;172;116;57;48;2;168;106;34m▀[38;2;206;133;43;48;2;189;119;42m▀[38;2;29;8;32;48;2;22;0;51m▀[38;2;42;16;44;48;2;45;16;55m▀[38;2;65;15;54;48;2;77;30;63m▀[38;2;57;15;49;48;2;81;30;63m▀[38;2;50;16;55;48;2;87;41;73m▀[38;2;60;23;60;48;2;53;23;64m▀[38;2;71;25;65;48;2;50;16;69m▀[38;2;60;22;64;48;2;74;31;74m▀[38;2;79;37;72;48;2;94;47;82m▀[38;2;74;25;74;48;2;75;31;78m▀[38;2;74;25;74;48;2;74;31;79m▀[38;2;98;45;82;48;2;71;25;75m▀[38;2;90;37;72;48;2;75;31;74m▀[38;2;113;59;65;48;2;129;67;73m▀[38;2;211;170;141;48;2;168;106;79m▀[38;2;242;242;242;48;2;233;178;124m▀[38;2;242;210;146;48;2;244;244;210m▀[38;2;222;153;88;48;2;244;222;165m▀[38;2;230;160;92;48;2;244;244;244m▀[38;2;170;108;66;48;2;179;111;69m▀[38;2;163;103;67;48;2;182;118;79m▀[38;2;154;91;57;48;2;160;100;70m▀[38;2;200;134;81;48;2;155;91;64m▀[38;2;177;121;85;48;2;202;141;102m▀[38;2;170;109;69;48;2;193;123;83m▀[38;2;154;94;62;48;2;155;93;71m▀[38;2;239;220;191;48;2;157;96;77m▀[38;2;171;115;81;48;2;133;75;75m▀[38;2;64;31;50;48;2;46;16;59m▀[38;2;55;23;43;48;2;50;16;58m▀[38;2;76;30;57;48;2;87;37;69m▀[38;2;159;97;59;48;2;102;55;64m▀[38;2;233;156;56;48;2;235;180;91m▀[38;2;142;82;19;48;2;145;89;32m▀[38;2;23;0;31;48;2;22;0;42m▀[38;2;20;8;20;48;2;37;17;37m▀[38;2;0;0;0;48;2;0;0;12m▀[38;2;0;0;0;48;2;0;0;0m▀▀▀▀▀▀▀▀▀[0m
[38;2;0;0;0;48;2;0;0;0m▀▀▀▀▀▀▀[38;2;0;0;0;48;2;11;0;32m▀[38;2;11;0;24;48;2;29;8;40m▀[38;2;30;0;41;48;2;44;6;47m▀[38;2;102;62;30;48;2;45;6;58m▀[38;2;145;87;37;48;2;54;15;62m▀[38;2;53;32;46;48;2;56;23;67m▀[38;2;45;16;58;48;2;76;35;79m▀[38;2;88;37;78;48;2;94;47;84m▀[38;2;88;41;74;48;2;88;41;84m▀[38;2;106;59;91;48;2;85;38;85m▀[38;2;80;37;82;48;2;101;51;95m▀[38;2;75;31;82;48;2;103;51;95m▀[38;2;108;56;96;48;2;118;59;99m▀[38;2;102;46;90;48;2;114;60;103m▀[38;2;86;38;90;48;2;96;46;98m▀[38;2;99;45;97;48;2;106;51;103m▀[38;2;102;47;95;48;2;114;61;103m▀[38;2;89;42;85;48;2;102;55;96m▀[38;2;148;84;90;48;2;150;80;89m▀[38;2;172;109;90;48;2;169;99;95m▀[38;2;218;155;111;48;2;179;116;101m▀[38;2;246;246;183;48;2;248;248;203m▀[38;2;240;176;117;48;2;195;135;108m▀[38;2;224;155;97;48;2;191;121;88m▀[38;2;212;140;94;48;2;176;106;85m▀[38;2;140;81;72;48;2;146;85;84m▀[38;2;103;52;67;48;2;145;85;85m▀[38;2;151;92;88;48;2;173;109;97m▀[38;2;169;105;85;48;2;147;87;87m▀[38;2;179;106;76;48;2;171;100;89m▀[38;2;170;100;86;48;2;162;89;88m▀[38;2;153;91;87;48;2;143;80;92m▀[38;2;137;83;86;48;2;90;42;79m▀[38;2;78;46;80;48;2;66;25;76m▀[38;2;62;32;73;48;2;64;25;67m▀[38;2;97;46;78;48;2;108;53;83m▀[38;2;107;53;66;48;2;101;44;79m▀[38;2;237;205;112;48;2;185;118;77m▀[38;2;201;133;66;48;2;134;82;66m▀[38;2;31;0;48;48;2;65;25;59m▀[38;2;49;16;49;48;2;57;15;54m▀[38;2;11;0;32;48;2;29;8;40m▀[38;2;0;0;0;48;2;0;0;24m▀[38;2;0;0;0;48;2;0;0;12m▀[38;2;0;0;0;48;2;0;0;0m▀▀▀▀▀▀▀[0m
[38;2;0;0;0;48;2;0;0;0m▀▀▀▀▀▀[38;2;0;0;0;48;2;0;0;33m▀[38;2;0;0;24;48;2;11;0;36m▀[38;2;43;16;44;48;2;45;16;50m▀[38;2;60;23;55;48;2;73;25;65m▀[38;2;57;15;57;48;2;71;22;66m▀[38;2;70;25;73;48;2;76;25;76m▀[38;2;74;31;78;48;2;80;35;80m▀[38;2;92;41;83;48;2;102;51;95m▀[38;2;107;56;92;48;2;116;63;98m▀[38;2;95;47;87;48;2;102;54;94m▀[38;2;124;66;100;48;2;126;70;103m▀[38;2;133;71;106;48;2;140;77;114m▀[38;2;115;55;101;48;2;140;76;116m▀[38;2;115;51;101;48;2;125;60;108m▀[38;2;119;60;103;48;2;122;63;108m▀[38;2;96;37;96;48;2;116;54;106m▀[38;2;89;42;95;48;2;108;47;105m▀[38;2;107;52;96;48;2;134;64;114m▀[38;2;101;48;97;48;2;123;63;107m▀[38;2;153;81;96;48;2;163;90;102m▀[38;2;186;107;98;48;2;204;122;106m▀[38;2;170;92;91;48;2;195;110;85m▀[38;2;223;146;100;48;2;206;122;94m▀[38;2;183;101;86;48;2;208;126;90m▀[38;2;197;120;90;48;2;213;131;96m▀[38;2;188;104;93;48;2;182;90;90m▀[38;2;172;98;90;48;2;161;85;92m▀[38;2;157;96;103;48;2;165;97;103m▀[38;2;132;71;93;48;2;139;78;104m▀[38;2;117;51;85;48;2;140;77;106m▀[38;2;177;100;101;48;2;149;72;99m▀[38;2;161;83;91;48;2;147;72;99m▀[38;2;169;95;109;48;2;137;67;93m▀[38;2;104;45;87;48;2;134;73;104m▀[38;2;91;37;91;48;2;104;60;100m▀[38;2;110;46;94;48;2;114;55;100m▀[38;2;123;59;90;48;2;134;66;96m▀[38;2;120;53;83;48;2;132;59;90m▀[38;2;114;50;85;48;2;132;62;95m▀[38;2;97;36;78;48;2;109;44;86m▀[38;2;81;30;71;48;2;86;30;73m▀[38;2;73;25;65;48;2;81;30;73m▀[38;2;39;7;53;48;2;50;16;57m▀[38;2;11;0;36;48;2;23;0;43m▀[38;2;0;0;33;48;2;11;0;33m▀[38;2;0;0;0;48;2;0;0;0m▀▀▀▀▀▀▀[0m
[38;2;0;0;0;48;2;0;0;0m▀▀▀▀[38;2;0;0;12;48;2;0;0;0m▀[38;2;0;0;12;48;2;11;0;24m▀[38;2;23;0;35;48;2;11;0;33m▀[38;2;23;0;43;48;2;31;0;51m▀[38;2;54;15;57;48;2;55;23;60m▀[38;2;73;30;69;48;2;77;30;74m▀[38;2;78;31;74;48;2;82;31;78m▀[38;2;78;31;78;48;2;80;37;82m▀[38;2;85;38;82;48;2;92;45;88m▀[38;2;105;51;93;48;2;106;47;95m▀[38;2;114;60;98;48;2;111;55;100m▀[38;2;96;46;92;48;2;107;47;96m▀[38;2;110;57;100;48;2;126;67;106m▀[38;2;115;56;100;48;2;134;84;115m▀[38;2;127;63;103;48;2;158;80;115m▀[38;2;128;64;108;48;2;159;80;116m▀[38;2;123;64;108;48;2;128;67;112m▀[38;2;105;52;105;48;2;105;56;107m▀[38;2;90;49;100;48;2;92;43;104m▀[38;2;112;55;104;48;2;114;57;112m▀[38;2;115;58;96;48;2;154;82;117m▀[38;2;172;97;104;48;2;175;98;104m▀[38;2;202;120;103;48;2;196;115;107m▀[38;2;188;101;86;48;2;181;97;90m▀[38;2;206;120;92;48;2;205;121;97m▀[38;2;218;132;96;48;2;221;134;100m▀[38;2;217;136;98;48;2;219;134;103m▀[38;2;196;112;95;48;2;223;132;103m▀[38;2;149;81;95;48;2;179;94;102m▀[38;2;165;97;97;48;2;205;118;111m▀[38;2;81;32;87;48;2;159;85;116m▀[38;2;88;39;92;48;2;118;55;99m▀[38;2;149;81;105;48;2;179;97;111m▀[38;2;157;78;105;48;2;178;84;112m▀[38;2;128;50;94;48;2;152;58;107m▀[38;2;123;56;101;48;2;152;77;120m▀[38;2;89;48;89;48;2;118;65;107m▀[38;2;71;31;84;48;2;97;46;97m▀[38;2;131;66;100;48;2;127;63;105m▀[38;2;138;63;97;48;2;137;66;104m▀[38;2;136;65;103;48;2;134;66;104m▀[38;2;105;46;90;48;2;100;41;92m▀[38;2;89;37;79;48;2;89;37;85m▀[38;2;88;41;78;48;2;95;40;87m▀[38;2;56;23;64;48;2;74;25;74m▀[38;2;32;7;53;48;2;45;6;60m▀[38;2;23;0;43;48;2;28;7;49m▀[38;2;0;0;24;48;2;11;0;36m▀[38;2;0;0;12;48;2;0;0;33m▀[38;2;0;0;0;48;2;0;0;0m▀▀▀▀▀[0m
[38;2;0;0;0;48;2;0;0;0m▀▀▀[38;2;0;0;0;48;2;0;0;12m▀[38;2;0;0;12;48;2;11;0;32m▀[38;2;31;0;34;48;2;31;0;42m▀[38;2;31;0;48;48;2;39;7;53m▀[38;2;39;6;61;48;2;47;6;65m▀[38;2;64;22;72;48;2;70;25;76m▀[38;2;82;35;80;48;2;80;35;80m▀[38;2;85;37;85;48;2;74;31;85m▀[38;2;88;41;88;48;2;72;36;86m▀[38;2;95;45;88;48;2;99;48;97m▀[38;2;108;53;101;48;2;114;60;100m▀[38;2;112;56;102;48;2;118;63;102m▀[38;2;119;60;107;48;2;132;70;111m▀[38;2;115;61;104;48;2;122;63;111m▀[38;2;126;71;109;48;2;124;56;109m▀[38;2;149;77;114;48;2;121;57;111m▀[38;2;159;84;122;48;2;125;57;111m▀[38;2;131;70;114;48;2;125;68;115m▀[38;2;98;53;106;48;2;91;49;107m▀[38;2;111;62;116;48;2;87;43;105m▀[38;2;120;66;114;48;2;81;32;96m▀[38;2;150;82;118;48;2;106;48;102m▀[38;2;164;91;106;48;2;156;82;110m▀[38;2;190;109;112;48;2;186;103;113m▀[38;2;175;92;99;48;2;178;98;109m▀[38;2;196;113;96;48;2;194;113;113m▀[38;2;211;127;102;48;2;198;114;107m▀[38;2;217;133;108;48;2;204;121;110m▀[38;2;168;88;96;48;2;156;75;98m▀[38;2;159;86;101;48;2;151;101;120m▀[38;2;183;106;110;48;2;141;79;108m▀[38;2;144;73;97;48;2;128;65;101m▀[38;2;149;82;103;48;2;157;98;119m▀[38;2;188;112;119;48;2;163;92;117m▀[38;2;165;85;112;48;2;126;57;102m▀[38;2;134;64;111;48;2;118;57;106m▀[38;2;111;57;103;48;2;114;57;112m▀[38;2;99;55;103;48;2;103;51;111m▀[38;2;97;52;97;48;2;99;52;107m▀[38;2;118;64;102;48;2;121;63;110m▀[38;2;128;62;102;48;2;123;56;104m▀[38;2;124;59;102;48;2;118;59;107m▀[38;2;109;50;93;48;2;99;48;97m▀[38;2;94;37;82;48;2;97;45;91m▀[38;2;96;45;86;48;2;95;45;86m▀[38;2;74;31;78;48;2;74;31;78m▀[38;2;32;7;58;48;2;39;6;66m▀[38;2;23;0;57;48;2;31;0;56m▀[38;2;12;0;36;48;2;12;0;44m▀[38;2;0;0;24;48;2;0;0;34m▀[38;2;0;0;0;48;2;0;0;12m▀[38;2;0;0;0;48;2;0;0;0m▀▀▀▀[0m
[38;2;0;0;0;48;2;0;0;0m▀▀▀[38;2;0;0;0;48;2;0;0;12m▀[38;2;0;0;24;48;2;0;0;33m▀[38;2;23;0;49;48;2;11;0;44m▀[38;2;32;7;49;48;2;31;0;56m▀[38;2;45;6;65;48;2;39;6;70m▀[38;2;74;25;76;48;2;70;25;76m▀[38;2;82;37;82;48;2;164;104;87m▀[38;2;128;80;77;48;2;243;228;124m▀[38;2;93;55;85;48;2;244;167;65m▀[38;2;82;42;94;48;2;81;47;89m▀[38;2;128;69;108;48;2;130;71;111m▀[38;2;122;63;106;48;2;118;64;107m▀[38;2;128;64;110;48;2;104;55;102m▀[38;2;140;77;121;48;2;110;57;106m▀[38;2;140;66;117;48;2;117;57;110m▀[38;2;136;72;121;48;2;122;65;112m▀[38;2;126;65;114;48;2;128;68;113m▀[38;2;125;72;114;48;2;124;65;112m▀[38;2;103;66;114;48;2;108;58;112m▀[38;2;100;58;114;48;2;104;58;112m▀[38;2;105;58;113;48;2;107;62;111m▀[38;2;132;71;119;48;2;125;65;115m▀[38;2;165;91;118;48;2;156;82;117m▀[38;2;182;103;118;48;2;160;88;115m▀[38;2;136;65;101;48;2;65;32;105m▀[38;2;122;62;95;48;2;96;59;100m▀[38;2;168;92;106;48;2;103;49;99m▀[38;2;191;109;112;48;2;181;100;115m▀[38;2;167;78;104;48;2;147;75;105m▀[38;2;162;101;118;48;2;130;79;111m▀[38;2;158;86;116;48;2;123;57;104m▀[38;2;134;73;113;48;2;114;65;111m▀[38;2;105;53;101;48;2;104;58;112m▀[38;2;93;43;97;48;2;117;66;116m▀[38;2;88;31;95;48;2;98;53;107m▀[38;2;129;68;118;48;2;94;47;102m▀[38;2;122;57;111;48;2;91;38;101m▀[38;2;111;52;108;48;2;91;47;100m▀[38;2;110;57;110;48;2;98;49;101m▀[38;2;119;60;109;48;2;110;54;103m▀[38;2;114;51;103;48;2;104;51;107m▀[38;2;74;36;92;48;2;122;75;88m▀[38;2;38;17;86;48;2;166;107;69m▀[38;2;46;17;80;48;2;48;26;86m▀[38;2;84;41;88;48;2;77;38;91m▀[38;2;71;36;81;48;2;70;31;82m▀[38;2;43;16;70;48;2;30;17;68m▀[38;2;31;0;61;48;2;29;7;61m▀[38;2;11;0;50;48;2;23;0;52m▀[38;2;11;0;44;48;2;11;0;36m▀[38;2;0;0;24;48;2;0;0;24m▀[38;2;0;0;0;48;2;0;0;0m▀▀▀▀[0m
[38;2;0;0;0;48;2;0;0;0m▀▀▀[38;2;0;0;12;48;2;0;0;12m▀[38;2;11;0;32;48;2;0;0;33m▀[38;2;11;0;49;48;2;11;0;49m▀[38;2;31;0;61;48;2;28;7;59m▀[38;2;45;6;69;48;2;37;16;67m▀[38;2;64;25;76;48;2;60;25;76m▀[38;2;198;134;95;48;2;159;99;80m▀[38;2;243;220;106;48;2;243;215;102m▀[38;2;244;182;70;48;2;244;164;56m▀[38;2;103;64;87;48;2;77;43;91m▀[38;2;123;70;112;48;2;113;63;110m▀[38;2;110;57;105;48;2;106;57;106m▀[38;2;96;52;105;48;2;99;55;111m▀[38;2;91;47;102;48;2;98;49;105m▀[38;2;120;63;115;48;2;127;67;118m▀[38;2;112;52;105;48;2;122;57;110m▀[38;2;127;64;112;48;2;123;61;113m▀[38;2;122;57;111;48;2;117;52;109m▀[38;2;113;55;112;48;2;122;61;116m▀[38;2;91;49;107;48;2;101;56;113m▀[38;2;95;47;103;48;2;102;48;108m▀[38;2;124;64;116;48;2;129;68;119m▀[38;2;142;71;113;48;2;140;73;117m▀[38;2;152;86;120;48;2;149;85;123m▀[38;2;201;136;113;48;2;190;129;120m▀[38;2;254;223;113;48;2;254;244;140m▀[38;2;144;83;95;48;2;135;76;105m▀[38;2;172;94;123;48;2;161;88;128m▀[38;2;139;79;112;48;2;130;71;115m▀[38;2;110;69;113;48;2;115;69;115m▀[38;2;110;48;107;48;2;113;55;112m▀[38;2;121;65;117;48;2;112;62;114m▀[38;2;91;47;108;48;2;86;49;111m▀[38;2;117;66;117;48;2;91;49;111m▀[38;2;76;39;104;48;2;84;47;109m▀[38;2;103;56;113;48;2;83;39;105m▀[38;2;91;38;105;48;2;87;38;105m▀[38;2;89;47;111;48;2;86;43;109m▀[38;2;98;46;107;48;2;89;47;107m▀[38;2;111;56;111;48;2;106;57;111m▀[38;2;100;47;108;48;2;93;46;105m▀[38;2;247;206;119;48;2;247;182;119m▀[38;2;246;176;63;48;2;246;185;73m▀[38;2;144;87;70;48;2;119;72;72m▀[38;2;84;45;96;48;2;84;45;96m▀[38;2;66;25;80;48;2;66;25;76m▀[38;2;37;16;70;48;2;46;16;75m▀[38;2;29;7;66;48;2;29;7;61m▀[38;2;11;0;50;48;2;23;0;52m▀[38;2;12;0;36;48;2;12;0;44m▀[38;2;0;0;12;48;2;0;0;12m▀[38;2;0;0;0;48;2;0;0;0m▀▀▀▀[0m
[38;2;0;0;0;48;2;0;0;0m▀▀▀[38;2;0;0;12;48;2;0;0;12m▀[38;2;0;0;33;48;2;0;0;33m▀[38;2;11;0;44;48;2;11;0;44m▀[38;2;31;0;61;48;2;31;0;61m▀[38;2;32;7;70;48;2;39;6;66m▀[38;2;53;23;78;48;2;48;6;80m▀[38;2;127;83;83;48;2;71;36;73m▀[38;2;243;184;78;48;2;242;164;78m▀[38;2;217;142;65;48;2;160;97;79m▀[38;2;87;46;89;48;2;54;23;89m▀[38;2;104;61;108;48;2;88;48;100m▀[38;2;103;52;105;48;2;98;48;104m▀[38;2;85;42;100;48;2;91;42;100m▀[38;2;79;39;101;48;2;90;46;107m▀[38;2;98;49;107;48;2;98;53;113m▀[38;2;105;52;108;48;2;112;57;117m▀[38;2;113;62;116;48;2;107;58;117m▀[38;2;105;52;112;48;2;103;56;119m▀[38;2;91;47;112;48;2;77;48;112m▀[38;2;90;47;109;48;2;78;43;113m▀[38;2;90;49;109;48;2;84;47;116m▀[38;2;91;47;109;48;2;83;39;110m▀[38;2;130;68;119;48;2;124;64;117m▀[38;2;139;79;125;48;2;129;71;125m▀[38;2;154;104;113;48;2;180;117;99m▀[38;2;254;233;132;48;2;254;194;96m▀[38;2;106;56;108;48;2;143;80;97m▀[38;2;145;79;129;48;2;137;75;124m▀[38;2;101;53;105;48;2;96;42;108m▀[38;2;91;47;108;48;2;95;49;111m▀[38;2;99;49;108;48;2;104;56;119m▀[38;2;83;39;106;48;2;105;58;120m▀[38;2;61;33;101;48;2;93;56;117m▀[38;2;78;43;109;48;2;96;58;119m▀[38;2;82;43;109;48;2;90;53;114m▀[38;2;82;43;108;48;2;85;47;111m▀[38;2;75;37;104;48;2;85;47;115m▀[38;2;66;32;104;48;2;78;39;109m▀[38;2;62;26;101;48;2;75;39;102m▀[38;2;75;37;103;48;2;77;42;109m▀[38;2;84;46;102;48;2;83;42;107m▀[38;2;247;175;102;48;2;190;125;86m▀[38;2;245;186;73;48;2;245;175;71m▀[38;2;150;95;70;48;2;113;68;74m▀[38;2;80;38;94;48;2;62;32;92m▀[38;2;66;25;76;48;2;60;25;80m▀[38;2;37;16;67;48;2;37;16;70m▀[38;2;29;7;61;48;2;28;7;66m▀[38;2;11;0;50;48;2;11;0;52m▀[38;2;11;0;44;48;2;11;0;49m▀[38;2;0;0;12;48;2;0;0;24m▀[38;2;0;0;0;48;2;0;0;0m▀▀▀▀[0m
[38;2;0;0;0;48;2;0;0;0m▀▀▀[38;2;0;0;12;48;2;0;0;12m▀[38;2;11;0;32;48;2;0;0;33m▀[38;2;11;0;49;48;2;10;0;49m▀[38;2;31;0;61;48;2;35;0;60m▀[38;2;45;6;69;48;2;39;6;69m▀[38;2;46;6;80;48;2;45;16;78m▀[38;2;65;32;79;48;2;43;16;80m▀[38;2;120;69;79;48;2;54;22;88m▀[38;2;122;66;92;48;2;73;36;95m▀[38;2;63;32;93;48;2;76;42;102m▀[38;2;83;46;101;48;2;79;42;102m▀[38;2;93;48;104;48;2;92;46;104m▀[38;2;98;48;109;48;2;116;56;112m▀[38;2;103;51;113;48;2;143;69;119m▀[38;2;103;57;114;48;2;144;71;122m▀[38;2;112;57;117;48;2;113;48;113m▀[38;2;107;58;117;48;2;106;48;114m▀[38;2;104;56;119;48;2;94;47;114m▀[38;2;90;49;116;48;2;85;47;116m▀[38;2;98;48;116;48;2;98;53;117m▀[38;2;104;56;120;48;2;106;62;122m▀[38;2;111;57;119;48;2;104;58;124m▀[38;2;121;64;121;48;2;107;58;124m▀[38;2;129;71;128;48;2;117;61;125m▀[38;2;152;93;114;48;2;114;61;122m▀[38;2;210;136;113;48;2;116;66;128m▀[38;2;129;68;119;48;2;111;57;127m▀[38;2;132;71;128;48;2;112;62;125m▀[38;2;118;57;119;48;2;111;57;126m▀[38;2;106;56;116;48;2;112;62;125m▀[38;2;105;58;119;48;2;98;56;121m▀[38;2;85;43;110;48;2;93;53;121m▀[38;2;67;32;105;48;2;79;39;113m▀[38;2;65;32;104;48;2;79;39;111m▀[38;2;61;33;104;48;2;82;49;116m▀[38;2;57;26;106;48;2;85;49;116m▀[38;2;70;37;110;48;2;96;55;119m▀[38;2;83;47;114;48;2;73;39;110m▀[38;2;89;48;113;48;2;76;42;114m▀[38;2;84;46;110;48;2;81;38;115m▀[38;2;76;42;108;48;2;74;38;109m▀[38;2;140;89;102;48;2;74;36;107m▀[38;2;177;115;89;48;2;71;38;103m▀[38;2;100;56;92;48;2;62;31;97m▀[38;2;60;25;90;48;2;53;26;90m▀[38;2;58;32;86;48;2;43;16;80m▀[38;2;37;16;75;48;2;29;17;75m▀[38;2;32;7;66;48;2;28;7;61m▀[38;2;23;0;51;48;2;23;0;57m▀[38;2;11;0;49;48;2;11;0;43m▀[38;2;0;0;33;48;2;0;0;33m▀[38;2;0;0;0;48;2;0;0;0m▀▀▀▀[0m
[38;2;0;0;0;48;2;0;0;0m▀▀▀[38;2;0;0;12;48;2;0;0;24m▀[38;2;11;0;36;48;2;11;0;32m▀[38;2;10;0;49;48;2;10;0;49m▀[38;2;28;7;58;48;2;28;7;58m▀[38;2;37;16;69;48;2;32;7;65m▀[38;2;42;16;78;48;2;32;7;72m▀[38;2;39;6;82;48;2;31;6;82m▀[38;2;49;23;90;48;2;44;23;88m▀[38;2;68;36;99;48;2;61;36;95m▀[38;2;73;38;103;48;2;68;38;98m▀[38;2;82;42;101;48;2;79;42;101m▀[38;2;148;79;128;48;2;140;75;120m▀[38;2;181;93;134;48;2;176;80;125m▀[38;2;202;98;136;48;2;191;87;129m▀[38;2;202;96;135;48;2;190;88;132m▀[38;2;175;91;138;48;2;176;88;137m▀[38;2;132;62;128;48;2;113;46;118m▀[38;2;107;55;125;48;2;90;42;116m▀[38;2;96;53;125;48;2;92;52;124m▀[38;2;103;58;127;48;2;100;52;126m▀[38;2;112;66;129;48;2;106;57;128m▀[38;2;108;65;130;48;2;103;55;126m▀[38;2;108;65;127;48;2;103;56;123m▀[38;2;111;61;128;48;2;104;58;127m▀[38;2;113;65;127;48;2;104;55;127m▀[38;2;111;65;127;48;2;103;58;126m▀[38;2;109;65;127;48;2;103;55;126m▀[38;2;109;65;127;48;2;106;57;127m▀[38;2;109;65;130;48;2;103;58;126m▀[38;2;109;66;131;48;2;99;58;123m▀[38;2;102;62;125;48;2;89;53;120m▀[38;2;90;49;121;48;2;76;47;119m▀[38;2;97;66;128;48;2;73;39;117m▀[38;2;94;63;125;48;2;53;38;112m▀[38;2;84;54;119;48;2;53;38;110m▀[38;2;77;43;115;48;2;55;33;112m▀[38;2;74;37;111;48;2;69;38;112m▀[38;2;69;38;110;48;2;65;37;109m▀[38;2;72;42;115;48;2;64;37;102m▀[38;2;82;46;113;48;2;73;43;106m▀[38;2;79;46;108;48;2;72;43;106m▀[38;2;75;42;107;48;2;63;37;100m▀[38;2;71;38;103;48;2;54;32;94m▀[38;2;61;37;95;48;2;49;23;88m▀[38;2;58;32;91;48;2;44;23;81m▀[38;2;47;26;76;48;2;42;16;70m▀[38;2;29;17;69;48;2;32;7;65m▀[38;2;28;7;61;48;2;28;7;60m▀[38;2;22;0;57;48;2;22;0;51m▀[38;2;10;0;49;48;2;0;0;24m▀[38;2;0;0;24;48;2;0;0;12m▀[38;2;0;0;0;48;2;0;0;0m▀▀▀▀[0m
[38;2;0;0;0;48;2;0;0;0m▀▀▀[38;2;0;0;12;48;2;0;0;0m▀[38;2;0;0;33;48;2;0;0;12m▀[38;2;11;0;43;48;2;0;0;24m▀[38;2;22;0;50;48;2;11;0;36m▀[38;2;22;0;61;48;2;10;0;49m▀[38;2;23;0;63;48;2;22;0;56m▀[38;2;32;7;77;48;2;38;6;69m▀[38;2;48;23;85;48;2;55;22;80m▀[38;2;58;31;87;48;2;55;26;86m▀[38;2;58;32;91;48;2;47;26;87m▀[38;2;63;37;95;48;2;52;26;89m▀[38;2;121;65;115;48;2;112;58;112m▀[38;2;159;69;118;48;2;142;61;114m▀[38;2;180;81;127;48;2;163;68;120m▀[38;2;179;84;127;48;2;162;74;121m▀[38;2;162;76;126;48;2;149;75;122m▀[38;2;111;46;117;48;2;107;47;111m▀[38;2;83;42;114;48;2;106;63;121m▀[38;2;81;42;115;48;2;80;42;110m▀[38;2;90;48;120;48;2;74;38;112m▀[38;2;92;52;120;48;2;84;46;117m▀[38;2;88;49;117;48;2;82;46;115m▀[38;2;92;55;119;48;2;83;46;115m▀[38;2;97;56;123;48;2;88;48;117m▀[38;2;99;48;120;48;2;89;52;116m▀[38;2;92;56;119;48;2;89;48;115m▀[38;2;92;56;120;48;2;85;48;115m▀[38;2;100;53;120;48;2;88;48;117m▀[38;2;98;53;120;48;2;85;48;117m▀[38;2;99;55;123;48;2;88;52;119m▀[38;2;89;52;119;48;2;84;46;110m▀[38;2;81;43;115;48;2;69;38;109m▀[38;2;94;55;123;48;2;59;37;104m▀[38;2;87;56;119;48;2;49;27;101m▀[38;2;91;55;122;48;2;49;27;105m▀[38;2;86;56;118;48;2;41;27;101m▀[38;2;81;48;114;48;2;42;24;98m▀[38;2;64;37;105;48;2;51;32;98m▀[38;2;59;32;102;48;2;51;32;98m▀[38;2;63;31;101;48;2;53;37;101m▀[38;2;63;37;101;48;2;53;26;93m▀[38;2;58;32;94;48;2;49;23;90m▀[38;2;48;26;87;48;2;44;23;81m▀[38;2;41;23;78;48;2;37;16;74m▀[38;2;37;16;78;48;2;32;7;72m▀[38;2;28;7;65;48;2;23;0;61m▀[38;2;23;0;57;48;2;22;0;51m▀[38;2;11;0;49;48;2;11;0;43m▀[38;2;0;0;33;48;2;0;0;12m▀[38;2;0;0;12;48;2;0;0;0m▀[38;2;0;0;0;48;2;0;0;0m▀▀▀▀▀[0m
[38;2;0;0;0;48;2;0;0;0m▀▀▀▀▀[38;2;0;0;12;48;2;0;0;0m▀[38;2;0;0;24;48;2;0;0;0m▀[38;2;0;0;33;48;2;0;0;12m▀[38;2;11;0;43;48;2;0;0;24m▀[38;2;22;0;51;48;2;11;0;43m▀[38;2;32;7;60;48;2;22;0;56m▀[38;2;45;6;68;48;2;28;7;60m▀[38;2;42;16;74;48;2;32;7;69m▀[38;2;41;23;77;48;2;32;7;77m▀[38;2;80;35;89;48;2;50;15;73m▀[38;2;124;52;98;48;2;132;60;102m▀[38;2;151;64;109;48;2;168;77;103m▀[38;2;158;66;112;48;2;177;80;108m▀[38;2;157;69;112;48;2;183;85;111m▀[38;2;138;61;110;48;2;181;86;118m▀[38;2;100;45;103;48;2;147;69;114m▀[38;2;64;37;102;48;2;73;36;92m▀[38;2;61;39;104;48;2;54;32;95m▀[38;2;72;38;109;48;2;59;32;98m▀[38;2;68;38;108;48;2;54;32;99m▀[38;2;69;39;104;48;2;59;32;98m▀[38;2;80;42;108;48;2;59;32;93m▀[38;2;79;46;107;48;2;64;37;97m▀[38;2;73;43;108;48;2;69;39;96m▀[38;2;72;42;115;48;2;63;31;102m▀[38;2;71;43;111;48;2;61;37;101m▀[38;2;73;43;108;48;2;58;37;101m▀[38;2;71;43;107;48;2;61;37;102m▀[38;2;73;43;107;48;2;63;31;102m▀[38;2;64;37;105;48;2;55;25;100m▀[38;2;61;37;105;48;2;58;37;100m▀[38;2;55;26;100;48;2;61;37;101m▀[38;2;58;37;104;48;2;51;32;98m▀[38;2;64;37;104;48;2;48;26;96m▀[38;2;71;38;107;48;2;44;23;89m▀[38;2;59;32;101;48;2;43;17;84m▀[38;2;43;23;95;48;2;37;16;84m▀[38;2;43;26;94;48;2;37;16;84m▀[38;2;44;23;88;48;2;37;16;80m▀[38;2;43;16;83;48;2;32;7;77m▀[38;2;32;7;77;48;2;28;7;65m▀[38;2;28;7;65;48;2;23;0;61m▀[38;2;23;0;61;48;2;22;0;51m▀[38;2;22;0;56;48;2;11;0;43m▀[38;2;11;0;43;48;2;0;0;33m▀[38;2;0;0;33;48;2;0;0;12m▀[38;2;0;0;12;48;2;0;0;0m▀[38;2;0;0;0;48;2;0;0;0m▀▀▀▀▀▀[0m
[38;2;0;0;0;48;2;0;0;0m▀▀▀▀▀▀▀▀[38;2;0;0;12;48;2;0;0;0m▀[38;2;0;0;33;48;2;0;0;24m▀[38;2;10;0;49;48;2;0;0;33m▀[38;2;10;0;52;48;2;11;0;43m▀[38;2;11;0;62;48;2;0;0;50m▀[38;2;8;8;67;48;2;0;9;54m▀[38;2;38;6;71;48;2;20;8;61m▀[38;2;87;41;85;48;2;31;0;63m▀[38;2;120;52;91;48;2;32;7;65m▀[38;2;131;57;95;48;2;45;16;74m▀[38;2;136;60;96;48;2;59;25;79m▀[38;2;133;61;99;48;2;56;22;77m▀[38;2;126;54;105;48;2;48;23;78m▀[38;2;73;31;91;48;2;37;16;81m▀[38;2;49;23;89;48;2;37;17;81m▀[38;2;44;23;89;48;2;41;23;78m▀[38;2;43;26;91;48;2;41;23;78m▀[38;2;44;26;91;48;2;41;23;82m▀[38;2;49;23;90;48;2;45;16;84m▀[38;2;59;32;89;48;2;44;23;78m▀[38;2;69;36;96;48;2;56;26;85m▀[38;2;54;23;89;48;2;56;26;85m▀[38;2;56;26;91;48;2;56;26;81m▀[38;2;56;26;91;48;2;54;22;88m▀[38;2;53;26;94;48;2;43;17;84m▀[38;2;49;23;91;48;2;45;16;84m▀[38;2;44;23;92;48;2;37;17;79m▀[38;2;37;17;88;48;2;32;6;83m▀[38;2;26;18;89;48;2;20;7;74m▀[38;2;18;18;86;48;2;8;8;74m▀[38;2;20;7;84;48;2;8;8;68m▀[38;2;8;8;80;48;2;0;9;63m▀[38;2;32;7;81;48;2;20;8;67m▀[38;2;29;7;73;48;2;23;0;63m▀[38;2;28;7;66;48;2;23;0;61m▀[38;2;23;0;64;48;2;11;0;56m▀[38;2;23;0;61;48;2;10;0;52m▀[38;2;11;0;52;48;2;0;0;33m▀[38;2;11;0;43;48;2;0;0;33m▀[38;2;0;0;33;48;2;0;0;12m▀[38;2;0;0;24;48;2;0;0;0m▀[38;2;0;0;0;48;2;0;0;0m▀▀▀▀▀▀▀▀▀[0m
[38;2;0;0;0;48;2;0;0;0m▀▀▀▀▀▀▀▀▀▀▀[38;2;0;0;24;48;2;0;0;0m▀▀[38;2;0;0;37;48;2;0;0;12m▀[38;2;10;0;49;48;2;0;0;33m▀[38;2;10;0;52;48;2;11;0;36m▀[38;2;0;0;57;48;2;11;0;43m▀[38;2;11;0;62;48;2;10;0;49m▀[38;2;31;0;63;48;2;10;0;52m▀[38;2;28;7;65;48;2;11;0;52m▀[38;2;32;7;69;48;2;23;0;57m▀[38;2;28;7;69;48;2;28;7;60m▀[38;2;32;7;70;48;2;31;0;61m▀[38;2;29;17;68;48;2;28;7;59m▀[38;2;30;17;68;48;2;23;0;62m▀[38;2;32;7;70;48;2;23;0;62m▀▀[38;2;32;7;70;48;2;23;0;57m▀▀[38;2;32;7;70;48;2;23;0;62m▀▀▀[38;2;30;17;68;48;2;23;0;62m▀▀[38;2;29;17;70;48;2;23;0;62m▀[38;2;29;17;68;48;2;23;0;62m▀[38;2;29;17;68;48;2;23;0;61m▀[38;2;28;7;66;48;2;23;0;57m▀[38;2;29;17;67;48;2;22;0;56m▀[38;2;28;7;61;48;2;10;0;49m▀[38;2;20;8;61;48;2;11;0;43m▀[38;2;11;0;56;48;2;11;0;36m▀[38;2;10;0;52;48;2;0;0;33m▀[38;2;11;0;43;48;2;0;0;33m▀[38;2;0;0;37;48;2;0;0;24m▀[38;2;0;0;24;48;2;0;0;0m▀[38;2;0;0;12;48;2;0;0;0m▀[38;2;0;0;0;48;2;0;0;0m▀▀▀▀▀▀▀▀▀▀▀[0m
[38;2;0;0;0;48;2;0;0;0m▀▀▀▀▀▀▀▀▀▀▀▀▀▀▀[38;2;0;0;12;48;2;0;0;0m▀[38;2;0;0;12;48;2;0;0;12m▀[38;2;0;0;33;48;2;0;0;12m▀[38;2;11;0;36;48;2;0;0;12m▀▀[38;2;10;0;49;48;2;0;0;24m▀[38;2;22;0;49;48;2;0;0;24m▀[38;2;28;7;53;48;2;0;0;24m▀[38;2;28;7;53;48;2;0;0;33m▀[38;2;22;0;49;48;2;0;0;33m▀[38;2;11;0;49;48;2;11;0;36m▀[38;2;11;0;44;48;2;29;8;39m▀[38;2;11;0;44;48;2;11;0;32m▀[38;2;11;0;44;48;2;0;0;33m▀[38;2;11;0;44;48;2;0;0;24m▀[38;2;11;0;49;48;2;0;0;33m▀[38;2;11;0;49;48;2;0;0;24m▀[38;2;11;0;44;48;2;0;0;24m▀[38;2;11;0;49;48;2;0;0;33m▀[38;2;10;0;49;48;2;0;0;24m▀▀[38;2;11;0;43;48;2;0;0;33m▀[38;2;11;0;36;48;2;0;0;24m▀[38;2;11;0;36;48;2;0;0;12m▀[38;2;0;0;33;48;2;0;0;0m▀▀[38;2;0;0;12;48;2;0;0;0m▀[38;2;0;0;0;48;2;0;0;0m▀▀▀▀▀▀▀▀▀▀▀▀▀▀▀▀[0m
[38;2;0;0;0;48;2;0;0;0m▀▀▀▀▀▀▀▀▀▀▀▀▀▀▀▀▀▀▀▀▀▀▀▀▀▀▀[38;2;11;0;24;48;2;0;0;0m▀[38;2;0;0;0;48;2;0;0;0m▀▀▀▀▀▀▀▀▀▀▀▀▀▀▀▀▀▀▀▀▀▀[38;2;51;51;51;48;2;57;57;57m▀[38;2;57;57;57;48;2;46;46;46m▀[38;2;35;35;35;48;2;41;41;41m▀[38;2;67;67;67;48;2;60;60;60m▀[38;2;48;48;48;48;2;62;62;62m▀[38;2;54;54;54;48;2;67;67;67m▀[38;2;61;61;61;48;2;58;58;58m▀[38;2;28;28;28;48;2;36;36;36m▀[0m
