[38;2;0;0;20;48;2;0;0;0m▀[38;2;0;0;0;48;2;0;0;0m▀▀▀[38;2;0;19;0;48;2;0;0;0m▀[38;2;0;0;0;48;2;0;0;0m▀▀▀▀▀[38;2;0;0;0;48;2;0;0;23m▀[38;2;0;0;0;48;2;0;0;0m▀▀▀[38;2;0;34;0;48;2;0;0;0m▀[38;2;0;21;21;48;2;16;46;16m▀[38;2;42;62;42;48;2;31;45;45m▀[38;2;30;54;30;48;2;58;94;23m▀[38;2;41;71;27;48;2;44;54;29m▀[38;2;18;33;18;48;2;53;63;29m▀[38;2;121;134;49;48;2;130;137;15m▀[38;2;213;208;35;48;2;188;193;58m▀[38;2;217;217;138;48;2;221;221;213m▀[38;2;217;217;93;48;2;221;221;208m▀[38;2;218;218;150;48;2;222;222;222m▀[38;2;218;218;173;48;2;222;222;222m▀[38;2;219;219;219;48;2;222;222;222m▀[38;2;219;219;219;48;2;223;223;223m▀[38;2;219;219;219;48;2;223;223;215m▀[38;2;219;219;219;48;2;223;223;223m▀▀[38;2;219;219;219;48;2;222;222;222m▀[38;2;218;218;216;48;2;222;222;209m▀[38;2;218;218;195;48;2;222;222;108m▀[38;2;217;217;217;48;2;221;221;221m▀▀[38;2;216;211;106;48;2;220;220;152m▀[38;2;187;165;22;48;2;187;152;11m▀[38;2;168;139;12;48;2;187;151;11m▀[38;2;123;116;2;48;2;168;123;15m▀[38;2;155;102;3;48;2;112;118;18m▀[38;2;115;115;17;48;2;128;134;15m▀[38;2;141;108;17;48;2;154;115;30m▀[38;2;100;114;18;48;2;141;121;30m▀[38;2;126;112;17;48;2;157;119;14m▀[38;2;80;88;35;48;2;121;108;18m▀[38;2;108;92;32;48;2;161;111;15m▀[38;2;116;109;30;48;2;149;110;16m▀[38;2;143;114;14;48;2;121;128;0m▀[38;2;156;123;12;48;2;145;115;15m▀[38;2;154;93;16;48;2;164;118;13m▀[38;2;158;119;12;48;2;167;147;0m▀[38;2;144;138;9;48;2;171;149;0m▀[38;2;155;144;7;48;2;170;134;9m▀[38;2;153;139;8;48;2;161;146;0m▀[38;2;133;128;21;48;2;142;127;10m▀[38;2;59;66;21;48;2;72;80;19m▀[38;2;0;0;0;48;2;0;0;0m▀[0m
[38;2;0;0;0;48;2;0;0;0m▀▀[38;2;18;18;18;48;2;0;0;0m▀[38;2;0;0;0;48;2;0;0;0m▀▀▀▀▀▀[38;2;20;20;20;48;2;0;0;0m▀[38;2;0;0;0;48;2;0;21;0m▀[38;2;0;0;0;48;2;0;0;0m▀▀▀▀[38;2;0;22;22;48;2;0;22;0m▀[38;2;34;34;34;48;2;45;55;30m▀[38;2;61;80;26;48;2;91;72;27m▀[38;2;79;88;39;48;2;87;103;22m▀[38;2;72;81;26;48;2;117;117;19m▀[38;2;148;162;26;48;2;157;169;0m▀[38;2;207;224;109;48;2;194;188;139m▀[38;2;170;182;87;48;2;226;228;180m▀[38;2;194;212;106;48;2;228;228;228m▀[38;2;225;225;96;48;2;229;229;163m▀[38;2;226;226;226;48;2;229;229;229m▀▀[38;2;226;216;89;48;2;230;230;158m▀[38;2;226;226;191;48;2;230;230;230m▀[38;2;226;226;226;48;2;230;230;230m▀[38;2;226;226;196;48;2;230;230;230m▀[38;2;226;226;226;48;2;229;229;221m▀[38;2;226;226;226;48;2;229;229;205m▀[38;2;225;225;178;48;2;229;229;198m▀[38;2;225;225;225;48;2;228;228;228m▀[38;2;224;224;224;48;2;228;228;228m▀[38;2;224;224;200;48;2;227;227;219m▀[38;2;177;166;35;48;2;184;189;32m▀[38;2;180;144;0;48;2;165;147;14m▀[38;2;174;137;13;48;2;182;145;27m▀[38;2;152;125;31;48;2;180;156;11m▀[38;2;184;135;13;48;2;174;144;13m▀[38;2;165;141;12;48;2;169;137;0m▀[38;2;163;156;11;48;2;182;158;0m▀[38;2;102;130;16;48;2;170;146;12m▀[38;2;136;110;17;48;2;161;122;15m▀[38;2;172;137;12;48;2;177;121;15m▀[38;2;145;113;16;48;2;179;138;12m▀[38;2;165;123;13;48;2;186;152;0m▀[38;2;124;118;16;48;2;152;152;10m▀[38;2;165;132;24;48;2;173;139;0m▀[38;2;168;135;11;48;2;160;137;11m▀[38;2;184;148;7;48;2;173;146;0m▀[38;2;182;136;9;48;2;180;149;7m▀[38;2;188;152;6;48;2;180;161;0m▀[38;2;162;143;8;48;2;182;162;5m▀[38;2;93;86;18;48;2;142;119;0m▀[38;2;0;0;0;48;2;0;0;0m▀[0m
[38;2;0;0;0;48;2;0;0;0m▀▀▀▀▀▀▀▀▀▀▀[38;2;0;0;0;48;2;21;21;21m▀[38;2;0;0;0;48;2;0;0;0m▀[38;2;21;21;21;48;2;0;0;0m▀[38;2;0;0;0;48;2;0;23;0m▀[38;2;44;66;29;48;2;31;67;31m▀[38;2;46;56;31;48;2;32;58;32m▀[38;2;91;82;25;48;2;53;93;27m▀[38;2;101;125;34;48;2;54;84;28m▀[38;2;114;97;23;48;2;74;92;26m▀[38;2;172;166;36;48;2;137;158;51m▀[38;2;224;230;133;48;2;233;233;128m▀[38;2;231;231;147;48;2;234;234;173m▀[38;2;232;232;160;48;2;235;235;186m▀[38;2;232;232;147;48;2;235;234;122m▀[38;2;232;232;232;48;2;235;230;108m▀[38;2;233;233;233;48;2;236;236;216m▀[38;2;233;233;233;48;2;236;236;236m▀[38;2;233;233;225;48;2;236;236;216m▀[38;2;233;233;233;48;2;236;236;236m▀[38;2;233;233;219;48;2;236;236;236m▀[38;2;233;233;233;48;2;236;236;236m▀[38;2;232;232;232;48;2;235;235;235m▀[38;2;232;232;232;48;2;235;235;210m▀[38;2;232;232;207;48;2;235;235;232m▀[38;2;231;231;228;48;2;234;234;234m▀[38;2;230;230;81;48;2;202;220;77m▀[38;2;175;187;23;48;2;179;173;25m▀[38;2;159;171;26;48;2;175;155;28m▀[38;2;178;153;27;48;2;178;166;26m▀[38;2;150;170;36;48;2;158;137;16m▀[38;2;149;128;0;48;2;157;136;16m▀[38;2;171;139;0;48;2;162;135;0m▀[38;2;185;155;11;48;2;171;152;12m▀[38;2;171;160;10;48;2;163;163;11m▀[38;2;179;142;12;48;2;171;166;10m▀[38;2;182;151;11;48;2;195;159;10m▀[38;2;190;155;10;48;2;181;164;9m▀[38;2;193;159;0;48;2;186;151;0m▀[38;2;154;154;10;48;2;146;146;27m▀[38;2;164;147;10;48;2;168;138;0m▀[38;2;163;140;11;48;2;172;137;12m▀[38;2;180;158;0;48;2;168;146;0m▀[38;2;178;156;0;48;2;176;149;9m▀[38;2;178;167;38;48;2;179;152;8m▀[38;2;197;151;0;48;2;191;154;7m▀[38;2;152;137;0;48;2;192;152;29m▀[38;2;0;0;0;48;2;43;30;0m▀[0m
[38;2;0;0;0;48;2;0;0;0m▀▀[38;2;20;20;20;48;2;0;0;0m▀[38;2;0;0;0;48;2;0;0;0m▀▀▀▀[38;2;0;0;0;48;2;0;22;22m▀[38;2;0;0;0;48;2;0;0;0m▀▀[38;2;21;21;21;48;2;22;22;22m▀[38;2;0;22;0;48;2;17;49;17m▀[38;2;0;0;0;48;2;0;23;0m▀[38;2;0;0;0;48;2;0;0;0m▀[38;2;22;22;0;48;2;0;23;0m▀[38;2;32;58;16;48;2;32;59;32m▀[38;2;44;77;30;48;2;55;85;44m▀[38;2;53;94;42;48;2;64;95;26m▀[38;2;75;93;26;48;2;56;78;29m▀[38;2;82;101;40;48;2;82;108;40m▀[38;2;133;147;43;48;2;85;95;27m▀[38;2;195;202;98;48;2;122;130;58m▀[38;2;228;223;39;48;2;172;184;37m▀[38;2;235;237;137;48;2;184;179;37m▀[38;2;238;232;85;48;2;240;240;117m▀[38;2;191;204;73;48;2;241;241;226m▀[38;2;238;238;195;48;2;241;241;241m▀[38;2;239;239;239;48;2;241;241;241m▀[38;2;239;239;151;48;2;241;241;197m▀[38;2;239;239;201;48;2;241;241;215m▀[38;2;239;239;219;48;2;241;241;178m▀[38;2;238;238;224;48;2;241;241;241m▀[38;2;238;238;218;48;2;241;241;241m▀[38;2;238;238;229;48;2;240;240;232m▀[38;2;237;237;223;48;2;240;240;178m▀[38;2;237;237;163;48;2;220;220;41m▀[38;2;209;191;64;48;2;233;197;55m▀[38;2;186;180;36;48;2;194;187;46m▀[38;2;186;139;15;48;2;176;134;16m▀[38;2;180;168;26;48;2;197;158;0m▀[38;2;173;131;16;48;2;150;121;19m▀[38;2;175;156;12;48;2;173;139;15m▀[38;2;184;166;10;48;2;165;144;15m▀[38;2;177;165;10;48;2;191;172;36m▀[38;2;182;164;10;48;2;204;192;6m▀[38;2;198;167;23;48;2;161;149;0m▀[38;2;175;150;12;48;2;130;130;17m▀[38;2;161;161;11;48;2;165;147;14m▀[38;2;184;153;11;48;2;188;144;13m▀[38;2;180;163;24;48;2;182;169;8m▀[38;2;185;156;23;48;2;187;157;10m▀[38;2;179;144;11;48;2;196;156;0m▀[38;2;172;137;12;48;2;156;156;10m▀[38;2;163;147;24;48;2;175;158;23m▀[38;2;165;155;8;48;2;176;141;0m▀[38;2;182;132;11;48;2;174;139;11m▀[38;2;191;154;7;48;2;163;153;22m▀[38;2;58;58;11;48;2;68;58;26m▀[0m
[38;2;0;0;0;48;2;0;0;0m▀▀▀▀▀▀▀▀▀▀▀[38;2;22;22;22;48;2;0;0;0m▀[38;2;0;0;0;48;2;0;0;0m▀▀[38;2;0;23;23;48;2;33;60;33m▀[38;2;34;49;34;48;2;35;51;18m▀[38;2;76;94;26;48;2;58;69;31m▀[38;2;74;102;41;48;2;48;60;32m▀[38;2;55;96;28;48;2;57;80;30m▀[38;2;92;117;38;48;2;57;80;30m▀[38;2;56;87;29;48;2;102;111;24m▀[38;2;77;96;43;48;2;105;147;35m▀[38;2;183;163;0;48;2;185;157;14m▀[38;2;182;174;12;48;2;204;163;0m▀[38;2;242;242;103;48;2;244;244;111m▀[38;2;243;243;243;48;2;245;245;236m▀[38;2;243;243;243;48;2;245;245;245m▀▀▀[38;2;243;243;223;48;2;245;245;207m▀[38;2;243;243;243;48;2;245;245;245m▀▀[38;2;243;243;243;48;2;245;245;236m▀[38;2;242;242;125;48;2;244;233;171m▀[38;2;242;211;53;48;2;244;208;21m▀[38;2;220;196;22;48;2;227;155;28m▀[38;2;220;190;0;48;2;214;168;0m▀[38;2;201;161;13;48;2;208;162;0m▀[38;2;159;129;1;48;2;190;149;15m▀[38;2;161;161;29;48;2;132;125;20m▀[38;2;175;147;15;48;2;182;155;30m▀[38;2;151;122;19;48;2;136;136;1m▀[38;2;143;127;19;48;2;137;129;19m▀[38;2;164;164;0;48;2;156;134;0m▀[38;2;175;162;12;48;2;186;139;15m▀[38;2;162;156;13;48;2;178;144;14m▀[38;2;178;160;11;48;2;182;150;13m▀[38;2;201;158;10;48;2;219;159;10m▀[38;2;193;157;11;48;2;206;164;9m▀[38;2;190;171;0;48;2;185;179;8m▀[38;2;199;164;23;48;2;169;156;26m▀[38;2;191;173;7;48;2;185;154;11m▀[38;2;169;152;11;48;2;186;168;0m▀[38;2;188;160;9;48;2;185;156;10m▀[38;2;192;153;0;48;2;197;164;8m▀[38;2;170;141;0;48;2;181;153;10m▀[38;2;160;150;23;48;2;165;130;13m▀[38;2;108;93;33;48;2;119;112;30m▀[0m
[38;2;0;0;0;48;2;31;45;16m▀[38;2;0;0;0;48;2;0;0;0m▀[38;2;32;46;16;48;2;31;45;31m▀[38;2;0;0;0;48;2;0;0;0m▀▀[38;2;0;0;0;48;2;24;0;0m▀[38;2;0;0;0;48;2;0;0;0m▀[38;2;19;35;19;48;2;0;0;0m▀[38;2;0;0;26;48;2;0;0;0m▀[38;2;0;0;0;48;2;18;50;18m▀[38;2;0;0;0;48;2;0;0;0m▀▀[38;2;0;0;0;48;2;0;24;24m▀[38;2;0;0;0;48;2;20;37;20m▀[38;2;0;0;27;48;2;0;24;0m▀[38;2;18;51;35;48;2;33;71;33m▀[38;2;23;23;23;48;2;34;61;17m▀[38;2;36;52;18;48;2;48;71;32m▀[38;2;85;104;25;48;2;49;61;33m▀[38;2;66;98;27;48;2;79;88;56m▀[38;2;112;112;23;48;2;95;112;25m▀[38;2;165;118;21;48;2;173;119;21m▀[38;2;206;158;29;48;2;200;160;14m▀[38;2;195;145;16;48;2;209;152;15m▀[38;2;230;236;98;48;2;229;211;118m▀[38;2;247;247;220;48;2;248;248;245m▀[38;2;247;247;227;48;2;249;249;215m▀[38;2;247;247;247;48;2;249;249;249m▀▀[38;2;247;247;247;48;2;249;249;240m▀[38;2;247;247;247;48;2;249;249;204m▀[38;2;247;247;247;48;2;249;249;249m▀[38;2;247;247;247;48;2;248;248;248m▀[38;2;246;246;189;48;2;248;248;248m▀[38;2;246;240;113;48;2;248;236;152m▀[38;2;210;170;0;48;2;205;171;12m▀[38;2;226;181;9;48;2;213;194;25m▀[38;2;197;164;13;48;2;208;183;0m▀[38;2;196;170;12;48;2;172;165;30m▀[38;2;167;138;18;48;2;155;132;19m▀[38;2;142;164;31;48;2;164;164;14m▀[38;2;144;144;17;48;2;177;157;15m▀[38;2;172;136;17;48;2;166;137;34m▀[38;2;151;129;18;48;2;167;123;19m▀[38;2;159;159;52;48;2;148;156;15m▀[38;2;167;146;30;48;2;166;160;62m▀[38;2;160;139;32;48;2;178;159;12m▀[38;2;185;173;10;48;2;169;169;37m▀[38;2;196;166;0;48;2;197;166;10m▀[38;2;209;174;0;48;2;205;181;8m▀[38;2;202;172;44;48;2;204;174;0m▀[38;2;191;161;24;48;2;192;163;0m▀[38;2;198;170;8;48;2;185;161;0m▀[38;2;186;164;0;48;2;188;160;0m▀[38;2;184;162;0;48;2;190;173;7m▀[38;2;178;155;10;48;2;199;165;8m▀[38;2;186;152;0;48;2;182;153;10m▀[38;2;142;136;13;48;2;155;137;26m▀[0m
[38;2;0;0;0;48;2;0;0;0m▀▀▀▀▀▀▀▀▀▀▀[38;2;20;37;37;48;2;0;0;0m▀[38;2;23;23;23;48;2;23;23;23m▀[38;2;0;0;0;48;2;0;0;0m▀▀[38;2;0;0;0;48;2;0;24;0m▀[38;2;33;71;33;48;2;19;52;19m▀[38;2;68;89;29;48;2;56;99;44m▀[38;2;70;82;30;48;2;68;90;45m▀[38;2;88;98;43;48;2;85;122;24m▀[38;2;155;96;41;48;2;112;122;23m▀[38;2;191;140;17;48;2;193;134;18m▀[38;2;189;161;31;48;2;176;162;15m▀[38;2;203;153;15;48;2;193;141;0m▀[38;2;191;191;61;48;2;142;150;18m▀[38;2;250;249;137;48;2;219;186;10m▀[38;2;250;250;172;48;2;251;202;68m▀[38;2;250;250;185;48;2;251;223;134m▀[38;2;250;250;152;48;2;251;239;124m▀[38;2;250;250;129;48;2;251;251;173m▀[38;2;250;250;166;48;2;251;251;225m▀[38;2;250;250;250;48;2;251;251;138m▀[38;2;250;250;250;48;2;251;251;236m▀[38;2;249;249;249;48;2;251;251;192m▀[38;2;227;233;154;48;2;158;192;72m▀[38;2;146;168;15;48;2;95;131;51m▀[38;2;217;184;37;48;2;163;155;33m▀[38;2;215;189;9;48;2;178;185;50m▀[38;2;192;165;13;48;2;210;184;0m▀[38;2;157;127;20;48;2;201;152;15m▀[38;2;195;182;10;48;2;199;165;13m▀[38;2;176;182;11;48;2;178;165;14m▀[38;2;128;159;32;48;2;178;164;14m▀[38;2;166;137;18;48;2;166;144;33m▀[38;2;156;156;15;48;2;148;163;41m▀[38;2;186;160;13;48;2;188;155;14m▀[38;2;173;160;0;48;2;179;166;13m▀[38;2;182;170;11;48;2;185;159;13m▀[38;2;199;167;25;48;2;187;175;25m▀[38;2;187;155;12;48;2;175;163;12m▀[38;2;201;171;0;48;2;183;177;46m▀[38;2;187;180;8;48;2;180;180;34m▀[38;2;202;167;23;48;2;199;163;0m▀[38;2;189;166;0;48;2;190;167;9m▀[38;2;187;164;0;48;2;189;159;24m▀[38;2;195;167;8;48;2;197;163;8m▀[38;2;156;150;25;48;2;184;162;23m▀[38;2;146;127;15;48;2;165;128;14m▀[0m
[38;2;0;0;0;48;2;0;0;0m▀▀▀[38;2;0;0;0;48;2;22;22;22m▀[38;2;0;0;0;48;2;0;0;0m▀▀▀[38;2;36;36;20;48;2;0;23;23m▀[38;2;0;0;0;48;2;36;36;20m▀[38;2;0;0;0;48;2;0;0;0m▀▀[38;2;0;0;0;48;2;49;60;17m▀[38;2;0;0;0;48;2;39;22;22m▀[38;2;0;0;0;48;2;0;0;0m▀▀[38;2;60;72;15;48;2;79;98;44m▀[38;2;49;72;32;48;2;68;90;57m▀[38;2;79;98;44;48;2;89;89;29m▀[38;2;35;63;35;48;2;89;89;29m▀[38;2;78;115;26;48;2;69;91;46m▀[38;2;80;99;28;48;2;69;91;46m▀[38;2;153;129;21;48;2;79;109;27m▀[38;2;133;157;17;48;2;105;123;40m▀[38;2;113;123;40;48;2;98;115;65m▀[38;2;115;115;24;48;2;114;123;40m▀[38;2;223;204;35;48;2;253;253;160m▀[38;2;252;214;76;48;2;253;253;253m▀[38;2;252;252;213;48;2;253;253;253m▀[38;2;252;252;252;48;2;253;253;168m▀[38;2;252;252;252;48;2;253;253;194m▀[38;2;252;252;219;48;2;253;253;253m▀[38;2;252;252;252;48;2;253;253;253m▀▀[38;2;233;252;168;48;2;128;144;72m▀[38;2;105;123;24;48;2;82;91;46m▀[38;2;84;131;52;48;2;103;138;38m▀[38;2;113;121;74;48;2;130;137;37m▀[38;2;149;155;33;48;2;146;176;43m▀[38;2;167;180;12;48;2;174;174;30m▀[38;2;203;147;16;48;2;222;190;0m▀[38;2;198;172;12;48;2;197;185;10m▀[38;2;191;172;12;48;2;153;161;32m▀[38;2;184;171;13;48;2;157;178;40m▀[38;2;174;145;17;48;2;160;160;0m▀[38;2;189;162;29;48;2;183;170;13m▀[38;2;172;143;0;48;2;192;180;10m▀[38;2;185;135;16;48;2;187;161;29m▀[38;2;180;159;28;48;2;173;167;28m▀[38;2;195;170;11;48;2;179;160;13m▀[38;2;194;169;0;48;2;190;158;12m▀[38;2;192;168;10;48;2;196;151;13m▀[38;2;173;160;48;48;2;171;138;15m▀[38;2;193;170;0;48;2;207;164;9m▀[38;2;170;158;12;48;2;165;153;13m▀[38;2;205;171;0;48;2;151;151;13m▀[38;2;169;137;13;48;2;164;132;14m▀[38;2;177;141;26;48;2;141;154;37m▀[38;2;174;144;26;48;2;143;129;29m▀[0m
[38;2;0;0;0;48;2;0;22;0m▀[38;2;0;0;0;48;2;21;21;21m▀[38;2;0;0;0;48;2;0;0;0m▀[38;2;0;0;0;48;2;22;22;22m▀[38;2;0;0;0;48;2;0;0;0m▀▀[38;2;0;0;0;48;2;0;23;0m▀[38;2;0;0;0;48;2;35;50;18m▀[38;2;18;51;18;48;2;20;37;37m▀[38;2;23;23;0;48;2;35;51;18m▀[38;2;20;37;20;48;2;20;37;20m▀[38;2;33;72;16;48;2;23;23;23m▀[38;2;36;52;19;48;2;49;61;33m▀[38;2;38;38;21;48;2;0;39;22m▀[38;2;24;24;24;48;2;0;25;0m▀[38;2;16;73;16;48;2;33;72;33m▀[38;2;69;90;57;48;2;78;99;55m▀[38;2;69;90;45;48;2;80;99;45m▀[38;2;105;114;25;48;2;120;130;38m▀[38;2;59;91;30;48;2;77;116;42m▀[38;2;108;99;43;48;2;57;101;45m▀[38;2;97;115;42;48;2;35;64;35m▀[38;2;34;75;16;48;2;50;74;33m▀[38;2;127;158;70;48;2;202;227;114m▀[38;2;253;253;253;48;2;253;253;238m▀[38;2;253;253;253;48;2;254;254;123m▀[38;2;253;253;147;48;2;254;254;195m▀[38;2;254;254;201;48;2;254;254;245m▀[38;2;254;254;233;48;2;254;254;251m▀[38;2;252;254;147;48;2;254;254;251m▀[38;2;254;254;254;48;2;254;254;254m▀[38;2;253;253;253;48;2;254;254;254m▀[38;2;234;253;155;48;2;180;200;109m▀[38;2;89;109;26;48;2;98;116;77m▀[38;2;81;101;28;48;2;79;109;43m▀[38;2;98;115;53;48;2;88;117;25m▀[38;2;97;115;53;48;2;69;101;45m▀[38;2;105;123;40;48;2;81;100;28m▀[38;2;147;170;43;48;2;103;137;38m▀[38;2;204;191;38;48;2;157;150;34m▀[38;2;200;173;0;48;2;195;161;14m▀[38;2;188;160;14;48;2;180;180;12m▀[38;2;196;184;10;48;2;201;195;36m▀[38;2;188;188;26;48;2;216;176;38m▀[38;2;182;187;10;48;2;155;183;50m▀[38;2;198;198;23;48;2;150;165;15m▀[38;2;167;174;51;48;2;176;163;0m▀[38;2;158;144;16;48;2;192;173;27m▀[38;2;168;155;14;48;2;173;166;39m▀[38;2;172;159;13;48;2;159;166;0m▀[38;2;179;145;14;48;2;166;153;14m▀[38;2;185;131;31;48;2;151;151;30m▀[38;2;174;155;12;48;2;122;151;15m▀[38;2;134;102;21;48;2;139;118;34m▀[38;2;128;135;16;48;2;155;134;15m▀[38;2;108;116;20;48;2;148;127;16m▀[38;2;129;99;35;48;2;142;106;19m▀[38;2;112;124;31;48;2;97;114;19m▀[0m
[38;2;0;0;0;48;2;0;0;0m▀[38;2;21;21;21;48;2;0;0;0m▀[38;2;0;0;0;48;2;0;0;0m▀[38;2;22;22;22;48;2;0;0;0m▀[38;2;0;0;0;48;2;22;22;22m▀[38;2;0;0;0;48;2;0;0;0m▀[38;2;21;37;0;48;2;0;0;0m▀[38;2;35;50;18;48;2;0;0;0m▀[38;2;37;37;20;48;2;0;0;0m▀[38;2;23;23;23;48;2;0;0;0m▀[38;2;0;0;0;48;2;0;0;0m▀[38;2;0;0;0;48;2;0;39;21m▀[38;2;38;38;38;48;2;0;24;0m▀[38;2;0;0;0;48;2;38;38;21m▀[38;2;49;72;32;48;2;34;62;34m▀[38;2;35;52;35;48;2;34;72;34m▀[38;2;68;100;28;48;2;90;82;30m▀[38;2;58;91;47;48;2;81;91;29m▀[38;2;115;115;24;48;2;134;151;18m▀[38;2;81;91;29;48;2;153;182;30m▀[38;2;70;92;30;48;2;126;165;57m▀[38;2;50;74;50;48;2;79;109;43m▀[38;2;86;125;53;48;2;136;145;71m▀[38;2;228;253;155;48;2;254;254;239m▀[38;2;225;244;63;48;2;254;254;201m▀[38;2;231;249;100;48;2;254;254;227m▀[38;2;254;254;227;48;2;254;254;123m▀[38;2;254;254;254;48;2;254;254;181m▀[38;2;254;254;251;48;2;254;254;254m▀[38;2;254;254;254;48;2;254;254;254m▀[38;2;254;254;254;48;2;254;254;208m▀[38;2;205;254;110;48;2;169;190;12m▀[38;2;169;184;41;48;2;164;172;14m▀[38;2;131;138;37;48;2;113;132;51m▀[38;2;81;101;45;48;2;88;117;25m▀[38;2;80;110;27;48;2;63;63;51m▀[38;2;80;110;27;48;2;81;101;45m▀[38;2;97;115;25;48;2;97;124;24m▀[38;2;111;138;38;48;2;88;108;26m▀[38;2;128;143;36;48;2;122;122;51m▀[38;2;148;155;17;48;2;150;150;34m▀[38;2;140;156;0;48;2;140;156;34m▀[38;2;185;178;28;48;2;139;162;0m▀[38;2;199;165;13;48;2;166;166;14m▀[38;2;197;171;12;48;2;179;165;14m▀[38;2;169;176;40;48;2;182;182;11m▀[38;2;120;165;16;48;2;182;209;34m▀[38;2;179;179;26;48;2;173;185;10m▀[38;2;190;178;26;48;2;201;188;8m▀[38;2;157;135;17;48;2;160;160;29m▀[38;2;153;153;14;48;2;164;164;12m▀[38;2;131;146;16;48;2;154;139;32m▀[38;2;151;144;30;48;2;174;118;1m▀[38;2;155;149;14;48;2;137;137;31m▀[38;2;85;124;20;48;2;125;110;35m▀[38;2;117;117;34;48;2;79;96;8m▀[38;2;79;88;25;48;2;101;94;37m▀[38;2;53;63;29;48;2;55;55;30m▀[0m
[38;2;0;0;0;48;2;0;0;0m▀▀▀[38;2;18;49;0;48;2;0;0;0m▀[38;2;0;0;0;48;2;22;22;22m▀[38;2;22;22;22;48;2;22;22;22m▀[38;2;18;50;18;48;2;20;36;20m▀[38;2;23;23;23;48;2;23;23;23m▀[38;2;18;51;18;48;2;35;51;18m▀[38;2;0;24;24;48;2;0;24;24m▀[38;2;23;23;23;48;2;35;51;18m▀[38;2;48;71;32;48;2;35;51;35m▀[38;2;23;23;23;48;2;23;23;23m▀[38;2;35;52;35;48;2;24;24;24m▀[38;2;24;24;24;48;2;34;62;17m▀[38;2;81;81;46;48;2;133;149;34m▀[38;2;152;128;21;48;2;227;239;89m▀[38;2;154;162;32;48;2;237;249;130m▀[38;2;233;251;89;48;2;227;250;108m▀[38;2;202;222;22;48;2;111;137;62m▀[38;2;103;138;38;48;2;88;115;42m▀[38;2;119;158;35;48;2;186;199;99m▀[38;2;239;253;227;48;2;253;253;253m▀[38;2;254;254;239;48;2;253;253;253m▀[38;2;254;254;239;48;2;254;254;254m▀[38;2;254;254;233;48;2;254;254;251m▀[38;2;254;254;175;48;2;254;254;254m▀[38;2;254;254;254;48;2;254;254;254m▀[38;2;254;254;254;48;2;254;254;245m▀[38;2;254;254;254;48;2;187;200;99m▀[38;2;199;206;98;48;2;157;165;56m▀[38;2;157;165;56;48;2;81;101;45m▀[38;2;130;145;48;48;2;88;117;25m▀[38;2;132;132;38;48;2;152;152;46m▀[38;2;114;124;52;48;2;129;153;47m▀[38;2;61;73;49;48;2;89;109;43m▀[38;2;99;108;78;48;2;122;131;74m▀[38;2;97;124;24;48;2;104;132;22m▀[38;2;88;108;43;48;2;78;108;43m▀[38;2;111;137;38;48;2;96;123;24m▀[38;2;143;143;19;48;2;137;129;38m▀[38;2;153;169;31;48;2;126;150;35m▀[38;2;165;179;52;48;2;157;191;39m▀[38;2;168;153;16;48;2;165;173;29m▀[38;2;183;177;51;48;2;245;245;149m▀[38;2;244;244;174;48;2;244;244;244m▀[38;2;242;242;239;48;2;242;242;242m▀[38;2;241;241;146;48;2;240;240;240m▀[38;2;217;194;7;48;2;239;239;116m▀[38;2;177;177;37;48;2;200;181;25m▀[38;2;177;170;12;48;2;171;158;13m▀[38;2;145;145;16;48;2;144;152;15m▀[38;2;195;142;0;48;2;196;166;10m▀[38;2;170;129;16;48;2;171;123;17m▀[38;2;129;129;17;48;2;176;158;11m▀[38;2;77;110;22;48;2;85;117;35m▀[38;2;102;94;22;48;2;75;109;36m▀[38;2;101;93;22;48;2;86;86;24m▀[0m
[38;2;0;0;0;48;2;0;0;0m▀[38;2;0;0;0;48;2;19;34;19m▀[38;2;0;0;0;48;2;0;0;0m▀▀[38;2;0;23;0;48;2;19;35;19m▀[38;2;0;0;0;48;2;22;22;22m▀[38;2;0;0;0;48;2;0;23;0m▀[38;2;17;60;17;48;2;23;23;23m▀[38;2;20;37;20;48;2;33;60;33m▀[38;2;0;38;21;48;2;0;38;21m▀[38;2;33;61;33;48;2;34;50;34m▀[38;2;18;62;18;48;2;0;0;0m▀[38;2;19;52;19;48;2;0;0;0m▀[38;2;35;51;35;48;2;19;52;19m▀[38;2;128;128;21;48;2;229;240;87m▀[38;2;220;232;82;48;2;247;247;189m▀[38;2;248;248;177;48;2;248;248;215m▀[38;2;249;249;185;48;2;249;249;136m▀[38;2;166;186;92;48;2;103;130;50m▀[38;2;68;100;45;48;2;87;115;42m▀[38;2;87;115;42;48;2;112;131;39m▀[38;2;223;242;110;48;2;252;252;206m▀[38;2;253;253;253;48;2;252;252;252m▀[38;2;253;253;253;48;2;253;253;232m▀[38;2;253;253;244;48;2;253;253;207m▀[38;2;254;254;254;48;2;253;253;253m▀▀[38;2;254;254;245;48;2;254;254;227m▀[38;2;186;213;36;48;2;161;196;28m▀[38;2;163;177;54;48;2;130;146;20m▀[38;2;113;132;62;48;2;133;123;23m▀[38;2;82;91;46;48;2;81;101;28m▀[38;2;108;108;54;48;2;111;146;61m▀[38;2;122;139;21;48;2;165;165;15m▀[38;2;111;146;72;48;2;144;144;59m▀[38;2;113;132;62;48;2;144;144;36m▀[38;2;139;178;31;48;2;146;182;75m▀[38;2;120;145;37;48;2;142;157;34m▀[38;2;120;144;37;48;2;119;144;37m▀[38;2;107;107;26;48;2;138;121;39m▀[38;2;120;136;38;48;2;111;129;39m▀[38;2;131;163;0;48;2;154;154;56m▀[38;2;166;173;30;48;2;139;154;56m▀[38;2;231;226;123;48;2;245;245;213m▀[38;2;245;245;230;48;2;244;244;193m▀[38;2;243;243;243;48;2;243;243;210m▀[38;2;242;242;242;48;2;241;241;241m▀[38;2;240;240;240;48;2;240;240;240m▀[38;2;238;238;236;48;2;238;238;206m▀[38;2;223;217;60;48;2;236;236;156m▀[38;2;111;142;18;48;2;102;142;18m▀[38;2;134;127;2;48;2;139;139;17m▀[38;2;188;142;14;48;2;141;112;20m▀[38;2;149;142;15;48;2;110;125;19m▀[38;2;143;122;2;48;2;116;123;19m▀[38;2;86;102;37;48;2;65;55;30m▀[38;2;71;88;25;48;2;44;64;29m▀[38;2;59;95;38;48;2;59;88;24m▀[0m
[38;2;0;0;0;48;2;0;22;0m▀[38;2;0;0;0;48;2;30;55;15m▀[38;2;0;0;0;48;2;21;21;21m▀[38;2;31;57;31;48;2;19;35;19m▀[38;2;16;58;16;48;2;31;66;31m▀[38;2;18;49;34;48;2;19;35;35m▀[38;2;0;23;23;48;2;47;57;31m▀[38;2;36;36;20;48;2;22;22;22m▀[38;2;32;69;32;48;2;22;22;38m▀[38;2;56;79;13;48;2;20;37;20m▀[38;2;48;60;32;48;2;57;79;29m▀[38;2;20;37;20;48;2;48;60;16m▀[38;2;0;0;0;48;2;0;24;0m▀[38;2;101;128;38;48;2;118;126;21m▀[38;2;245;245;142;48;2;228;228;121m▀[38;2;246;246;169;48;2;245;245;225m▀[38;2;247;247;183;48;2;246;246;220m▀[38;2;248;248;120;48;2;224;241;152m▀[38;2;119;135;91;48;2;95;121;51m▀[38;2;97;114;64;48;2;87;98;67m▀[38;2;155;163;67;48;2;195;214;67m▀[38;2;251;251;251;48;2;250;250;241m▀[38;2;252;252;252;48;2;239;251;98m▀[38;2;252;252;237;48;2;251;251;173m▀[38;2;252;252;252;48;2;252;252;252m▀[38;2;253;253;253;48;2;252;252;218m▀[38;2;253;253;253;48;2;252;252;160m▀[38;2;253;253;253;48;2;252;252;252m▀[38;2;206;199;49;48;2;252;252;174m▀[38;2;138;138;49;48;2;120;137;49m▀[38;2;106;124;40;48;2;106;123;40m▀[38;2;106;124;40;48;2;98;115;42m▀[38;2;128;151;59;48;2;119;144;60m▀[38;2;174;194;27;48;2;168;188;28m▀[38;2;139;177;87;48;2;125;171;0m▀[38;2;151;151;18;48;2;120;144;37m▀[38;2;155;163;56;48;2;135;135;60m▀[38;2;128;143;36;48;2;98;107;43m▀[38;2;80;100;28;48;2;104;122;40m▀[38;2;55;108;28;48;2;69;90;30m▀[38;2;109;143;37;48;2;152;167;31m▀[38;2;101;135;37;48;2;141;141;19m▀[38;2;117;141;20;48;2;158;165;42m▀[38;2;206;224;131;48;2;125;139;35m▀[38;2;243;243;187;48;2;156;169;63m▀[38;2;242;242;222;48;2;241;241;178m▀[38;2;240;240;240;48;2;239;239;190m▀[38;2;239;239;239;48;2;238;238;238m▀[38;2;237;237;237;48;2;236;236;199m▀[38;2;223;235;122;48;2;127;127;46m▀[38;2;120;133;33;48;2;157;112;3m▀[38;2;102;127;19;48;2;112;120;20m▀[38;2;97;105;23;48;2;95;112;36m▀[38;2;121;97;23;48;2;101;118;35m▀[38;2;124;109;20;48;2;88;88;24m▀[38;2;54;64;29;48;2;52;73;27m▀[38;2;14;65;14;48;2;63;63;28m▀[38;2;79;71;26;48;2;89;61;11m▀[0m
[38;2;21;21;21;48;2;31;46;16m▀[38;2;31;46;31;48;2;16;46;16m▀[38;2;21;21;21;48;2;16;56;16m▀[38;2;21;21;21;48;2;34;34;19m▀[38;2;22;22;22;48;2;0;22;22m▀[38;2;35;35;19;48;2;43;75;29m▀[38;2;44;76;29;48;2;35;35;35m▀[38;2;17;59;17;48;2;33;48;33m▀[38;2;22;22;22;48;2;32;59;16m▀[38;2;20;36;36;48;2;44;78;30m▀[38;2;56;79;29;48;2;56;78;29m▀[38;2;30;80;30;48;2;18;51;18m▀[38;2;33;61;33;48;2;58;69;46m▀[38;2;85;104;25;48;2;107;126;21m▀[38;2;194;212;132;48;2;199;217;43m▀[38;2;244;244;187;48;2;242;242;199m▀[38;2;245;245;245;48;2;244;244;223m▀[38;2;180;200;114;48;2;85;112;41m▀[38;2;87;106;42;48;2;85;112;41m▀[38;2;76;114;41;48;2;103;121;62m▀[38;2;226;244;115;48;2;240;246;165m▀[38;2;249;249;178;48;2;248;248;248m▀[38;2;227;245;81;48;2;248;248;248m▀[38;2;250;250;250;48;2;249;249;249m▀[38;2;251;251;251;48;2;249;249;249m▀[38;2;251;251;251;48;2;250;250;250m▀[38;2;251;251;159;48;2;250;250;250m▀[38;2;251;251;159;48;2;250;250;235m▀[38;2;251;251;251;48;2;250;250;250m▀[38;2;210;204;48;48;2;250;250;217m▀[38;2;135;152;18;48;2;162;168;66m▀[38;2;179;149;17;48;2;169;162;54m▀[38;2;175;182;12;48;2;180;187;28m▀[38;2;180;192;51;48;2;160;175;30m▀[38;2;148;164;32;48;2;120;130;49m▀[38;2;128;136;60;48;2;121;121;111m▀[38;2;110;137;38;48;2;140;149;69m▀[38;2;119;143;37;48;2;127;141;35m▀[38;2;85;122;24;48;2;83;129;39m▀[38;2;55;107;55;48;2;75;121;40m▀[38;2;134;134;36;48;2;126;133;36m▀[38;2;153;153;32;48;2;94;111;41m▀[38;2;116;133;47;48;2;116;132;47m▀[38;2;108;126;38;48;2;101;118;38m▀[38;2;124;139;19;48;2;98;131;59m▀[38;2;240;240;165;48;2;238;238;158m▀[38;2;238;238;224;48;2;237;237;229m▀[38;2;237;237;237;48;2;235;235;235m▀[38;2;235;235;216;48;2;234;234;197m▀[38;2;76;76;54;48;2;104;113;37m▀[38;2;118;82;9;48;2;62;100;40m▀[38;2;106;98;23;48;2;95;111;47m▀[38;2;87;111;36;48;2;86;110;46m▀[38;2;86;111;22;48;2;72;81;26m▀[38;2;110;101;36;48;2;70;96;24m▀[38;2;52;73;27;48;2;34;34;18m▀[38;2;29;64;14;48;2;30;55;15m▀[38;2;45;45;16;48;2;16;46;16m▀[0m
[38;2;33;33;18;48;2;20;20;20m▀[38;2;0;35;0;48;2;16;45;16m▀[38;2;18;34;18;48;2;21;21;21m▀[38;2;32;47;17;48;2;18;34;18m▀[38;2;0;0;0;48;2;0;0;0m▀[38;2;30;66;14;48;2;19;34;19m▀[38;2;46;56;31;48;2;16;58;16m▀[38;2;19;35;19;48;2;20;36;0m▀[38;2;19;36;19;48;2;29;77;13m▀[38;2;47;58;16;48;2;18;49;18m▀[38;2;76;85;27;48;2;31;68;31m▀[38;2;14;80;14;48;2;18;50;18m▀[38;2;23;23;23;48;2;0;24;0m▀[38;2;74;103;52;48;2;73;109;51m▀[38;2;213;220;97;48;2;217;223;127m▀[38;2;241;241;197;48;2;239;239;207m▀[38;2;242;242;154;48;2;240;240;166m▀[38;2;58;81;30;48;2;45;89;29m▀[38;2;94;119;39;48;2;94;111;62m▀[38;2;157;171;52;48;2;185;192;87m▀[38;2;229;235;144;48;2;211;230;98m▀[38;2;246;246;244;48;2;216;240;106m▀[38;2;247;247;247;48;2;245;245;219m▀[38;2;248;248;221;48;2;246;246;243m▀[38;2;248;248;248;48;2;246;246;246m▀[38;2;248;248;245;48;2;247;247;247m▀[38;2;249;249;249;48;2;247;247;247m▀[38;2;249;249;234;48;2;247;247;247m▀[38;2;249;249;240;48;2;247;247;221m▀[38;2;249;249;249;48;2;247;247;247m▀[38;2;249;249;165;48;2;247;247;190m▀[38;2;165;186;72;48;2;129;174;15m▀[38;2;153;160;113;48;2;94;121;51m▀[38;2;95;121;39;48;2;93;129;38m▀[38;2;110;129;82;48;2;124;147;69m▀[38;2;127;133;80;48;2;159;165;42m▀[38;2;137;160;86;48;2;139;147;45m▀[38;2;117;141;20;48;2;101;128;22m▀[38;2;86;105;25;48;2;94;111;41m▀[38;2;108;133;60;48;2;124;139;35m▀[38;2;116;132;70;48;2;108;126;49m▀[38;2;102;111;39;48;2;101;118;50m▀[38;2;123;138;57;48;2;148;156;31m▀[38;2;110;110;23;48;2;136;136;18m▀[38;2;115;124;70;48;2;100;108;50m▀[38;2;237;237;157;48;2;199;210;105m▀[38;2;235;235;227;48;2;234;234;231m▀[38;2;234;234;234;48;2;232;232;232m▀[38;2;220;231;166;48;2;195;206;145m▀[38;2;44;76;29;48;2;71;98;39m▀[38;2;62;92;26;48;2;72;90;25m▀[38;2;79;104;23;48;2;56;56;45m▀[38;2;62;81;27;48;2;60;96;39m▀[38;2;53;64;29;48;2;60;88;25m▀[38;2;61;80;26;48;2;43;64;29m▀[38;2;17;46;32;48;2;31;45;31m▀[38;2;51;71;26;48;2;43;53;29m▀[38;2;20;20;20;48;2;20;20;20m▀[0m
[38;2;17;32;32;48;2;16;44;16m▀[38;2;16;45;16;48;2;20;20;20m▀[38;2;20;20;20;48;2;20;20;20m▀[38;2;18;33;18;48;2;20;20;20m▀[38;2;0;22;22;48;2;18;33;33m▀[38;2;31;46;31;48;2;30;55;15m▀[38;2;34;34;34;48;2;19;34;19m▀[38;2;17;48;17;48;2;31;56;15m▀[38;2;50;98;50;48;2;72;89;40m▀[38;2;45;67;30;48;2;31;57;31m▀[38;2;43;84;28;48;2;42;84;27m▀[38;2;33;49;33;48;2;55;76;28m▀[38;2;36;36;36;48;2;31;68;31m▀[38;2;72;108;50;48;2;96;121;47m▀[38;2;204;222;118;48;2;216;233;136m▀[38;2;237;237;169;48;2;235;235;143m▀[38;2;186;198;116;48;2;98;123;48m▀[38;2;68;80;30;48;2;84;94;53m▀[38;2;116;125;36;48;2;115;131;20m▀[38;2;184;190;94;48;2;193;205;33m▀[38;2;198;224;54;48;2;210;210;122m▀[38;2;215;233;88;48;2;233;239;198m▀[38;2;244;244;211;48;2;241;241;167m▀[38;2;244;244;244;48;2;242;242;228m▀[38;2;244;244;244;48;2;242;242;242m▀[38;2;245;245;245;48;2;243;243;243m▀▀▀▀[38;2;245;245;242;48;2;243;243;243m▀▀[38;2;107;141;48;48;2;124;147;45m▀[38;2;67;99;27;48;2;103;111;24m▀[38;2;100;134;48;48;2;109;119;22m▀[38;2;128;166;31;48;2;128;158;32m▀[38;2;142;178;13;48;2;136;151;33m▀[38;2;100;133;21;48;2;101;118;38m▀[38;2;77;105;26;48;2;82;118;39m▀[38;2;102;111;39;48;2;106;131;47m▀[38;2;100;126;21;48;2;81;118;39m▀[38;2;97;138;58;48;2;106;124;58m▀[38;2;113;144;34;48;2;82;108;39m▀[38;2;123;129;35;48;2;104;129;36m▀[38;2;105;123;37;48;2;118;140;55m▀[38;2;81;107;61;48;2;80;106;50m▀[38;2;192;199;128;48;2;186;197;111m▀[38;2;232;232;232;48;2;229;229;221m▀[38;2;230;230;230;48;2;228;228;228m▀[38;2;172;191;88;48;2;160;178;119m▀[38;2;96;104;23;48;2;110;110;21m▀[38;2;88;96;38;48;2;50;89;40m▀[38;2;45;55;45;48;2;44;55;30m▀[38;2;70;88;25;48;2;52;72;27m▀[38;2;26;88;26;48;2;31;45;31m▀[38;2;51;71;27;48;2;58;86;24m▀[38;2;42;62;42;48;2;33;33;18m▀[38;2;33;33;33;48;2;0;0;0m▀[38;2;0;0;0;48;2;17;32;17m▀[0m
[38;2;0;0;0;48;2;0;20;0m▀[38;2;32;32;32;48;2;0;20;0m▀[38;2;17;32;17;48;2;28;60;28m▀[38;2;0;21;21;48;2;17;32;17m▀[38;2;30;54;15;48;2;0;21;0m▀[38;2;14;64;14;48;2;30;45;30m▀[38;2;18;34;18;48;2;0;21;0m▀[38;2;31;46;31;48;2;18;34;18m▀[38;2;79;88;39;48;2;18;34;18m▀[38;2;30;66;14;48;2;16;57;32m▀[38;2;30;66;30;48;2;52;81;27m▀[38;2;54;75;43;48;2;53;74;43m▀[38;2;46;57;31;48;2;19;35;19m▀[38;2;80;106;23;48;2;68;120;36m▀[38;2;215;226;136;48;2;219;224;65m▀[38;2;216;227;115;48;2;141;161;49m▀[38;2;30;79;30;48;2;44;77;30m▀[38;2;99;108;49;48;2;66;77;29m▀[38;2;133;148;32;48;2;150;163;61m▀[38;2;211;223;79;48;2;204;216;70m▀[38;2;223;217;173;48;2;215;226;94m▀[38;2;227;227;216;48;2;205;211;119m▀[38;2;239;239;177;48;2;221;226;109m▀[38;2;240;240;178;48;2;237;237;194m▀[38;2;240;240;240;48;2;238;238;238m▀[38;2;241;241;241;48;2;238;238;238m▀[38;2;241;241;191;48;2;238;238;238m▀[38;2;241;241;241;48;2;239;239;239m▀▀▀▀[38;2;148;163;41;48;2;221;233;140m▀[38;2;82;119;39;48;2;74;110;25m▀[38;2;116;131;36;48;2;122;136;34m▀[38;2;97;145;57;48;2;141;148;54m▀[38;2;146;168;62;48;2;159;166;28m▀[38;2;101;108;61;48;2;114;122;77m▀[38;2;67;78;44;48;2;52;102;41m▀[38;2;66;86;54;48;2;36;36;20m▀[38;2;44;87;28;48;2;67;67;45m▀[38;2;81;108;50;48;2;82;100;40m▀[38;2;54;85;54;48;2;46;68;46m▀[38;2;135;120;20;48;2;128;104;21m▀[38;2;111;126;76;48;2;102;119;56m▀[38;2;117;132;55;48;2;108;131;43m▀[38;2;189;195;117;48;2;181;198;129m▀[38;2;227;227;208;48;2;224;224;224m▀[38;2;225;225;225;48;2;223;223;223m▀[38;2;157;187;109;48;2;147;194;128m▀[38;2;100;108;20;48;2;41;80;26m▀[38;2;69;101;23;48;2;78;78;25m▀[38;2;41;72;41;48;2;59;78;39m▀[38;2;51;71;51;48;2;50;71;40m▀[38;2;51;71;41;48;2;59;69;49m▀[38;2;49;77;10;48;2;40;69;40m▀[38;2;17;32;17;48;2;29;52;14m▀[38;2;20;20;0;48;2;17;31;17m▀[38;2;15;43;15;48;2;0;0;0m▀[0m
[38;2;0;0;0;48;2;0;0;0m▀[38;2;0;20;20;48;2;16;30;16m▀[38;2;42;42;29;48;2;39;58;26m▀[38;2;43;43;43;48;2;28;51;14m▀[38;2;20;20;20;48;2;20;20;20m▀[38;2;30;44;30;48;2;29;52;29m▀[38;2;20;20;20;48;2;16;45;31m▀[38;2;43;53;29;48;2;43;53;29m▀[38;2;44;54;29;48;2;16;46;16m▀[38;2;30;55;30;48;2;29;63;29m▀[38;2;42;73;28;48;2;31;45;31m▀[38;2;51;89;26;48;2;44;54;30m▀[38;2;17;48;17;48;2;19;34;19m▀[38;2;126;147;30;48;2;159;170;45m▀[38;2;191;208;50;48;2;136;163;12m▀[38;2;109;124;44;48;2;104;96;22m▀[38;2;63;83;42;48;2;82;74;27m▀[38;2;52;93;41;48;2;71;98;39m▀[38;2;129;151;51;48;2;146;165;26m▀[38;2;176;183;83;48;2;169;180;89m▀[38;2;191;209;79;48;2;189;206;52m▀[38;2;188;188;114;48;2;187;187;82m▀[38;2;161;180;47;48;2;98;157;41m▀[38;2;189;195;114;48;2;142;150;121m▀[38;2;235;235;192;48;2;189;218;109m▀[38;2;235;235;235;48;2;232;232;208m▀[38;2;236;236;236;48;2;233;233;233m▀▀▀▀▀▀[38;2;135;127;35;48;2;154;174;67m▀[38;2;120;142;18;48;2;102;134;56m▀[38;2;138;152;82;48;2;122;151;41m▀[38;2;125;141;33;48;2;111;127;19m▀[38;2;82;100;40;48;2;104;113;37m▀[38;2;63;93;42;48;2;55;66;30m▀[38;2;82;91;51;48;2;43;84;43m▀[38;2;47;58;16;48;2;15;68;31m▀[38;2;46;67;30;48;2;32;57;16m▀[38;2;46;57;31;48;2;31;57;31m▀[38;2;80;98;24;48;2;88;97;38m▀[38;2;79;103;38;48;2;60;97;24m▀[38;2;79;97;23;48;2;75;109;36m▀[38;2;152;177;88;48;2;134;153;83m▀[38;2;222;222;208;48;2;218;218;133m▀[38;2;220;220;220;48;2;217;217;204m▀[38;2;171;214;129;48;2;203;215;160m▀[38;2;43;63;28;48;2;50;77;40m▀[38;2;51;71;26;48;2;58;85;24m▀[38;2;51;61;51;48;2;15;54;30m▀[38;2;57;84;37;48;2;82;74;37m▀[38;2;57;83;47;48;2;39;68;26m▀[38;2;65;82;55;48;2;41;50;41m▀[38;2;17;31;17;48;2;0;0;0m▀[38;2;0;0;0;48;2;0;0;0m▀[38;2;30;30;30;48;2;19;19;19m▀[0m
[38;2;18;18;18;48;2;26;47;13m▀[38;2;18;18;18;48;2;16;29;16m▀[38;2;29;42;15;48;2;0;0;0m▀[38;2;21;0;0;48;2;15;42;15m▀[38;2;0;0;0;48;2;27;50;27m▀[38;2;49;59;27;48;2;39;58;12m▀[38;2;29;52;14;48;2;55;81;22m▀[38;2;42;52;28;48;2;40;68;12m▀[38;2;28;61;28;48;2;29;43;43m▀[38;2;29;62;29;48;2;20;20;20m▀[38;2;15;55;15;48;2;16;45;16m▀[38;2;51;71;27;48;2;66;91;36m▀[38;2;69;86;24;48;2;75;92;22m▀[38;2;134;147;48;48;2;73;106;35m▀[38;2;98;114;44;48;2;70;78;39m▀[38;2;84;116;45;48;2;52;72;27m▀[38;2;45;55;30;48;2;60;87;39m▀[38;2;72;80;51;48;2;70;88;49m▀[38;2;161;173;35;48;2;152;165;35m▀[38;2;171;188;62;48;2;168;180;95m▀[38;2;197;209;39;48;2;157;182;71m▀[38;2;177;189;80;48;2;148;167;46m▀[38;2;129;129;82;48;2;78;97;49m▀[38;2;135;142;80;48;2;85;118;21m▀[38;2;164;170;66;48;2;99;130;33m▀[38;2;136;142;97;48;2;79;97;23m▀[38;2;223;229;139;48;2;79;97;60m▀[38;2;230;230;211;48;2;140;190;105m▀[38;2;230;230;230;48;2;226;226;226m▀[38;2;230;230;227;48;2;226;226;208m▀[38;2;230;230;230;48;2;226;226;226m▀[38;2;229;229;229;48;2;226;226;226m▀▀[38;2;120;150;71;48;2;225;225;225m▀[38;2;130;137;32;48;2;127;140;41m▀[38;2;101;124;56;48;2;100;117;74m▀[38;2;81;91;40;48;2;60;97;39m▀[38;2;46;56;31;48;2;61;89;40m▀[38;2;54;65;44;48;2;61;81;41m▀[38;2;19;35;19;48;2;17;47;33m▀[38;2;28;75;13;48;2;44;64;29m▀[38;2;31;56;31;48;2;30;55;30m▀[38;2;44;65;29;48;2;54;54;44m▀[38;2;60;88;50;48;2;41;72;28m▀[38;2;84;100;46;48;2;51;71;27m▀[38;2;83;106;34;48;2;57;93;37m▀[38;2;131;145;89;48;2;90;90;82m▀[38;2;213;213;201;48;2;208;210;145m▀[38;2;212;212;151;48;2;182;208;115m▀[38;2;29;53;29;48;2;38;83;38m▀[38;2;58;68;39;48;2;40;60;27m▀[38;2;26;69;26;48;2;15;43;15m▀[38;2;49;59;27;48;2;28;42;28m▀[38;2;40;59;26;48;2;46;72;37m▀[38;2;17;31;17;48;2;14;50;14m▀[38;2;0;31;17;48;2;15;41;28m▀[38;2;0;19;0;48;2;0;0;0m▀[38;2;18;18;18;48;2;0;0;0m▀[0m
[38;2;15;28;15;48;2;0;0;0m▀[38;2;0;18;0;48;2;0;0;0m▀[38;2;20;0;0;48;2;37;46;13m▀[38;2;16;29;16;48;2;27;39;27m▀[38;2;37;64;25;48;2;27;40;27m▀[38;2;41;41;28;48;2;55;55;24m▀[38;2;57;57;25;48;2;39;48;26m▀[38;2;19;19;19;48;2;29;42;15m▀[38;2;28;51;28;48;2;15;42;15m▀[38;2;13;60;28;48;2;40;50;27m▀[38;2;43;43;43;48;2;31;31;31m▀[38;2;44;44;30;48;2;32;32;17m▀[38;2;41;61;27;48;2;41;60;41m▀[38;2;68;77;24;48;2;49;69;39m▀[38;2;60;71;26;48;2;32;32;32m▀[38;2;29;63;14;48;2;28;62;14m▀[38;2;40;79;26;48;2;26;78;11m▀[38;2;43;63;28;48;2;43;53;29m▀[38;2;128;147;47;48;2;88;111;43m▀[38;2;129;142;59;48;2;88;117;42m▀[38;2;83;115;44;48;2;60;78;49m▀[38;2;113;166;46;48;2;99;147;48m▀[38;2;60;88;39;48;2;41;72;28m▀[38;2;81;134;32;48;2;60;79;26m▀[38;2;94;101;36;48;2;69;87;48m▀[38;2;61;81;27;48;2;60;79;40m▀[38;2;50;90;40;48;2;68;94;48m▀[38;2;90;128;33;48;2;116;131;51m▀[38;2;131;151;49;48;2;146;153;89m▀[38;2;223;223;199;48;2;155;172;103m▀[38;2;223;223;223;48;2;128;153;83m▀[38;2;222;222;193;48;2;219;219;162m▀[38;2;222;222;222;48;2;218;218;218m▀[38;2;222;222;222;48;2;218;218;200m▀[38;2;220;221;182;48;2;217;217;217m▀[38;2;112;126;80;48;2;215;217;183m▀[38;2;84;108;35;48;2;163;175;92m▀[38;2;42;73;28;48;2;77;86;38m▀[38;2;52;72;42;48;2;68;85;48m▀[38;2;16;56;16;48;2;33;33;33m▀[38;2;44;54;29;48;2;0;0;0m▀[38;2;41;71;27;48;2;29;53;29m▀[38;2;42;63;28;48;2;51;61;28m▀[38;2;29;62;29;48;2;59;68;39m▀[38;2;29;53;29;48;2;60;60;50m▀[38;2;48;84;24;48;2;49;68;25m▀[38;2;50;60;27;48;2;17;32;17m▀[38;2;84;119;30;48;2;30;43;15m▀[38;2;86;93;43;48;2;47;66;38m▀[38;2;19;19;19;48;2;17;31;17m▀[38;2;14;51;14;48;2;16;30;16m▀[38;2;31;31;17;48;2;15;41;15m▀[38;2;56;56;25;48;2;39;48;26m▀[38;2;28;40;28;48;2;16;29;29m▀[38;2;14;49;14;48;2;18;18;18m▀[38;2;0;19;0;48;2;0;0;0m▀[38;2;0;0;0;48;2;0;0;0m▀[38;2;0;18;18;48;2;0;0;0m▀[0m
