[38;2;20;18;5;48;2;28;21;6m▀[38;2;20;18;7;48;2;16;15;4m▀[38;2;40;30;19;48;2;23;18;9m▀[38;2;38;29;18;48;2;18;16;6m▀[38;2;44;34;21;48;2;33;22;13m▀[38;2;46;34;22;48;2;41;30;20m▀[38;2;57;42;24;48;2;54;40;27m▀[38;2;27;22;18;48;2;38;32;24m▀[38;2;55;42;28;48;2;54;40;29m▀[38;2;39;28;19;48;2;48;36;30m▀[38;2;28;20;16;48;2;27;23;23m▀[38;2;20;17;12;48;2;29;24;19m▀[38;2;36;27;17;48;2;48;37;31m▀[38;2;47;32;22;48;2;50;36;33m▀[38;2;23;16;16;48;2;47;34;38m▀[38;2;51;41;46;48;2;39;28;34m▀[38;2;39;33;42;48;2;29;25;28m▀[38;2;27;20;23;48;2;40;31;36m▀[38;2;47;38;47;48;2;63;50;67m▀[38;2;57;47;54;48;2;53;44;59m▀[38;2;69;55;72;48;2;53;43;60m▀[38;2;38;31;39;48;2;34;27;36m▀[38;2;26;22;20;48;2;29;23;29m▀[38;2;35;28;32;48;2;30;23;30m▀[38;2;51;46;62;48;2;57;48;72m▀[38;2;63;54;71;48;2;67;56;77m▀[38;2;83;65;79;48;2;88;70;91m▀[38;2;69;55;77;48;2;69;60;97m▀[38;2;37;31;39;48;2;36;31;45m▀[38;2;30;26;29;48;2;30;23;30m▀[38;2;31;25;26;48;2;28;21;24m▀[38;2;29;22;23;48;2;30;22;26m▀[38;2;30;23;29;48;2;30;23;27m▀[38;2;32;25;30;48;2;31;25;29m▀[38;2;32;25;29;48;2;31;25;28m▀[38;2;31;24;24;48;2;33;26;30m▀[38;2;36;25;27;48;2;35;27;27m▀[38;2;27;19;19;48;2;29;22;23m▀[38;2;24;17;17;48;2;27;20;23m▀[38;2;26;19;23;48;2;26;18;23m▀[38;2;34;32;63;48;2;29;22;37m▀[38;2;17;13;17;48;2;35;31;60m▀[38;2;28;21;25;48;2;27;20;28m▀[38;2;17;13;17;48;2;14;12;14m▀[38;2;13;9;14;48;2;37;30;48m▀[38;2;63;54;84;48;2;75;64;104m▀[38;2;69;63;112;48;2;73;67;121m▀[38;2;49;54;123;48;2;53;60;138m▀[38;2;45;59;154;48;2;57;67;162m▀[38;2;57;65;157;48;2;60;66;156m▀[38;2;31;64;183;48;2;38;69;186m▀[38;2;46;73;185;48;2;38;67;182m▀[38;2;37;54;144;48;2;43;53;136m▀[38;2;47;55;134;48;2;41;56;149m▀[38;2;33;51;139;48;2;27;50;151m▀[38;2;24;50;146;48;2;30;53;151m▀[38;2;26;48;140;48;2;24;49;144m▀[38;2;28;48;133;48;2;23;49;142m▀[0m
[38;2;53;37;14;48;2;40;28;11m▀[38;2;28;22;8;48;2;50;35;19m▀[38;2;35;25;16;48;2;28;21;14m▀[38;2;30;24;14;48;2;58;43;29m▀[38;2;41;31;21;48;2;52;36;30m▀[38;2;51;36;23;48;2;60;44;31m▀[38;2;52;39;26;48;2;76;54;31m▀[38;2;52;39;26;48;2;58;43;33m▀[38;2;55;41;31;48;2;57;44;34m▀[38;2;38;32;32;48;2;31;26;29m▀[38;2;31;28;34;48;2;33;30;36m▀[38;2;32;27;31;48;2;35;30;34m▀[38;2;50;39;36;48;2;62;46;46m▀[38;2;74;52;52;48;2;55;44;56m▀[38;2;72;55;66;48;2;71;54;71m▀[38;2;45;37;45;48;2;58;49;65m▀[38;2;29;23;26;48;2;41;36;52m▀[38;2;41;34;41;48;2;62;53;70m▀[38;2;51;43;57;48;2;55;45;63m▀[38;2;29;23;27;48;2;49;40;57m▀[38;2;53;44;63;48;2;50;40;61m▀[38;2;39;31;42;48;2;31;26;35m▀[38;2;27;20;24;48;2;22;16;22m▀[38;2;36;29;41;48;2;39;35;52m▀[38;2;51;44;65;48;2;50;45;73m▀[38;2;72;60;77;48;2;83;68;95m▀[38;2;84;68;91;48;2;56;46;63m▀[38;2;73;65;111;48;2;62;61;111m▀[38;2;41;36;66;48;2;47;49;100m▀[38;2;26;23;31;48;2;21;18;22m▀[38;2;26;18;25;48;2;21;18;21m▀[38;2;38;30;37;48;2;45;36;52m▀[38;2;38;32;36;48;2;46;39;48m▀[38;2;34;28;33;48;2;38;30;38m▀[38;2;32;25;29;48;2;34;27;29m▀[38;2;36;29;30;48;2;30;23;24m▀[38;2;37;30;33;48;2;38;32;36m▀[38;2;27;21;23;48;2;30;21;25m▀[38;2;27;20;21;48;2;31;24;26m▀[38;2;27;20;24;48;2;33;26;33m▀[38;2;27;20;27;48;2;25;18;25m▀[38;2;20;17;21;48;2;22;17;21m▀[38;2;33;32;59;48;2;25;17;25m▀[38;2;24;20;36;48;2;34;29;52m▀[38;2;66;59;103;48;2;80;69;113m▀[38;2;74;66;113;48;2;77;69;123m▀[38;2;69;69;134;48;2;63;71;158m▀[38;2;51;65;158;48;2;47;67;175m▀[38;2;58;65;159;48;2;59;74;180m▀[38;2;56;71;174;48;2;57;76;189m▀[38;2;43;73;193;48;2;41;77;205m▀[38;2;42;66;175;48;2;39;60;156m▀[38;2;51;62;148;48;2;35;60;163m▀[38;2;44;59;157;48;2;33;61;170m▀[38;2;28;52;158;48;2;33;56;162m▀[38;2;41;58;158;48;2;47;60;155m▀[38;2;27;50;149;48;2;32;54;155m▀[38;2;14;47;146;48;2;19;42;132m▀[0m
[38;2;27;24;11;48;2;27;22;14m▀[38;2;40;30;18;48;2;39;29;21m▀[38;2;34;27;22;48;2;45;33;25m▀[38;2;53;39;29;48;2;38;27;23m▀[38;2;46;33;25;48;2;57;43;30m▀[38;2;71;53;35;48;2;69;50;31m▀[38;2;67;49;32;48;2;69;50;32m▀[38;2;50;38;25;48;2;55;41;31m▀[38;2;75;55;38;48;2;73;52;39m▀[38;2;29;25;28;48;2;30;23;29m▀[38;2;29;24;32;48;2;35;28;35m▀[38;2;38;33;36;48;2;37;31;36m▀[38;2;38;34;39;48;2;33;30;41m▀[38;2;61;51;68;48;2;62;52;69m▀[38;2;66;53;73;48;2;49;40;58m▀[38;2;55;48;72;48;2;63;49;77m▀[38;2;55;48;68;48;2;76;61;85m▀[38;2;72;59;84;48;2;70;56;87m▀[38;2;63;52;78;48;2;55;49;79m▀[38;2;62;50;74;48;2;53;48;73m▀[38;2;47;44;65;48;2;41;37;60m▀[38;2;39;39;65;48;2;37;37;67m▀[38;2;31;31;50;48;2;36;36;62m▀[38;2;43;40;59;48;2;62;60;89m▀[38;2;31;30;50;48;2;54;54;86m▀[38;2;64;54;75;48;2;80;70;105m▀[38;2;59;51;80;48;2;66;63;105m▀[38;2;64;62;126;48;2;68;68;149m▀[38;2;39;42;86;48;2;37;40;77m▀[38;2;25;19;26;48;2;46;44;70m▀[38;2;23;16;20;48;2;30;25;44m▀[38;2;34;29;40;48;2;32;27;40m▀[38;2;42;36;58;48;2;25;19;30m▀[38;2;38;33;47;48;2;37;33;56m▀[38;2;25;21;19;48;2;28;24;37m▀[38;2;28;21;25;48;2;21;14;21m▀[38;2;34;27;35;48;2;31;24;28m▀[38;2;41;35;42;48;2;34;29;34m▀[38;2;37;29;37;48;2;33;26;31m▀[38;2;31;23;30;48;2;32;26;31m▀[38;2;19;16;18;48;2;22;18;21m▀[38;2;25;17;25;48;2;23;16;22m▀[38;2;26;21;32;48;2;52;45;75m▀[38;2;71;65;113;48;2;81;73;124m▀[38;2;84;69;108;48;2;79;68;110m▀[38;2;74;68;120;48;2;74;69;130m▀[38;2;68;72;161;48;2;65;72;162m▀[38;2;62;79;186;48;2;63;75;178m▀[38;2;51;74;198;48;2;51;77;201m▀[38;2;56;82;200;48;2;63;85;196m▀[38;2;35;74;202;48;2;33;69;193m▀[38;2;42;62;160;48;2;40;65;177m▀[38;2;25;58;175;48;2;1;57;179m▀[38;2;26;57;172;48;2;31;59;170m▀[38;2;41;58;162;48;2;44;65;171m▀[38;2;46;64;166;48;2;37;64;172m▀[38;2;36;61;161;48;2;36;61;158m▀[38;2;25;38;113;48;2;29;41;111m▀[0m
[38;2;27;23;14;48;2;33;24;16m▀[38;2;31;25;20;48;2;42;31;18m▀[38;2;34;27;22;48;2;48;37;29m▀[38;2;39;32;29;48;2;50;37;33m▀[38;2;43;33;30;48;2;34;27;24m▀[38;2;31;27;25;48;2;30;24;25m▀[38;2;52;41;35;48;2;43;37;35m▀[38;2;55;39;32;48;2;61;47;37m▀[38;2;82;58;42;48;2;72;54;46m▀[38;2;29;25;33;48;2;29;25;35m▀[38;2;32;29;37;48;2;33;28;36m▀[38;2;35;32;40;48;2;42;35;44m▀[38;2;51;45;66;48;2;60;49;75m▀[38;2;70;55;81;48;2;66;54;81m▀[38;2;69;54;80;48;2;66;53;76m▀[38;2;58;48;75;48;2;57;46;75m▀[38;2;58;54;89;48;2;58;55;99m▀[38;2;57;51;83;48;2;63;54;92m▀[38;2;45;45;70;48;2;45;49;81m▀[38;2;47;49;77;48;2;40;44;72m▀[38;2;45;49;78;48;2;40;45;74m▀[38;2;43;47;78;48;2;42;46;73m▀[38;2;40;44;71;48;2;45;50;83m▀[38;2;66;65;102;48;2;52;55;87m▀[38;2;59;59;91;48;2;62;58;95m▀[38;2;84;74;113;48;2;75;70;116m▀[38;2;74;71;134;48;2;74;77;164m▀[38;2;63;70;171;48;2;56;72;173m▀[38;2;58;61;129;48;2;58;68;145m▀[38;2;74;69;123;48;2;88;79;129m▀[38;2;52;48;73;48;2;90;82;122m▀[38;2;29;27;35;48;2;42;41;60m▀[38;2;33;33;44;48;2;29;27;36m▀[38;2;29;27;35;48;2;33;30;38m▀[38;2;37;36;64;48;2;41;37;49m▀[38;2;34;31;55;48;2;43;43;70m▀[38;2;32;27;39;48;2;47;46;82m▀[38;2;32;27;35;48;2;29;24;37m▀[38;2;25;21;25;48;2;31;27;35m▀[38;2;28;21;25;48;2;23;18;23m▀[38;2;24;21;22;48;2;26;21;38m▀[38;2;25;21;29;48;2;57;57;116m▀[38;2;77;71;123;48;2;68;64;127m▀[38;2;67;64;125;48;2;55;55;120m▀[38;2;45;41;79;48;2;41;40;86m▀[38;2;62;67;152;48;2;51;61;150m▀[38;2;68;78;174;48;2;70;79;176m▀[38;2;75;83;182;48;2;74;84;190m▀[38;2;55;85;214;48;2;66;89;210m▀[38;2;60;84;203;48;2;58;84;206m▀[38;2;50;68;171;48;2;57;75;178m▀[38;2;39;70;189;48;2;34;63;180m▀[38;2;33;66;183;48;2;22;59;184m▀[38;2;39;67;180;48;2;35;66;184m▀[38;2;35;63;175;48;2;25;62;182m▀[38;2;22;57;172;48;2;33;64;183m▀[38;2;34;54;139;48;2;19;41;127m▀[38;2;23;32;93;48;2;7;7;25m▀[0m
[38;2;38;27;22;48;2;31;23;21m▀[38;2;31;24;17;48;2;28;21;21m▀[38;2;32;26;25;48;2;29;25;27m▀[38;2;33;25;27;48;2;29;24;26m▀[38;2;35;29;31;48;2;29;25;25m▀[38;2;45;37;37;48;2;32;28;32m▀[38;2;48;40;42;48;2;44;37;40m▀[38;2;46;38;39;48;2;51;42;40m▀[38;2;52;44;44;48;2;52;45;45m▀[38;2;33;29;41;48;2;31;28;43m▀[38;2;33;29;39;48;2;40;37;51m▀[38;2;47;39;52;48;2;41;40;59m▀[38;2;59;51;79;48;2;61;51;82m▀[38;2;62;54;82;48;2;63;51;83m▀[38;2;65;49;77;48;2;79;59;88m▀[38;2;67;57;101;48;2;70;62;110m▀[38;2;57;56;105;48;2;52;53;94m▀[38;2;62;56;95;48;2;51;51;81m▀[38;2;48;48;77;48;2;47;52;85m▀[38;2;42;43;72;48;2;47;53;93m▀[38;2;47;48;77;48;2;41;47;79m▀[38;2;46;50;78;48;2;49;52;89m▀[38;2;47;50;81;48;2;63;62;103m▀[38;2;43;45;69;48;2;51;51;82m▀[38;2;56;56;86;48;2;43;44;63m▀[38;2;39;39;59;48;2;47;42;60m▀[38;2;45;48;94;48;2;58;56;103m▀[38;2;62;67;148;48;2;75;75;146m▀[38;2;58;64;132;48;2;63;68;146m▀[38;2;101;89;135;48;2;110;94;137m▀[38;2;109;100;153;48;2;105;93;139m▀[38;2;78;80;135;48;2;102;100;166m▀[38;2;51;50;74;48;2;75;81;148m▀[38;2;32;27;37;48;2;53;53;96m▀[38;2;38;34;45;48;2;29;25;37m▀[38;2;41;38;49;48;2;29;27;34m▀[38;2;39;35;52;48;2;23;20;23m▀[38;2;53;57;110;48;2;32;28;50m▀[38;2;41;46;92;48;2;37;37;74m▀[38;2;41;40;79;48;2;59;74;161m▀[38;2;67;71;148;48;2;63;73;167m▀[38;2;53;57;136;48;2;60;66;151m▀[38;2;50;52;108;48;2;65;66;138m▀[38;2;56;61;131;48;2;51;57;127m▀[38;2;59;68;154;48;2;61;70;162m▀[38;2;72;82;183;48;2;71;86;193m▀[38;2;70;81;184;48;2;76;90;201m▀[38;2;68;85;202;48;2;65;91;218m▀[38;2;62;84;207;48;2;54;83;209m▀[38;2;50;81;206;48;2;41;85;224m▀[38;2;40;66;181;48;2;28;71;212m▀[38;2;37;62;177;48;2;34;68;195m▀[38;2;32;52;160;48;2;40;69;192m▀[38;2;33;65;187;48;2;31;66;189m▀[38;2;16;56;180;48;2;21;61;191m▀[38;2;29;62;186;48;2;15;60;188m▀[38;2;27;48;146;48;2;9;41;143m▀[38;2;41;55;131;48;2;14;19;40m▀[0m
[38;2;22;19;19;48;2;22;20;20m▀[38;2;26;21;21;48;2;28;24;23m▀[38;2;26;23;25;48;2;29;24;29m▀[38;2;32;25;28;48;2;33;26;30m▀[38;2;32;28;28;48;2;29;25;31m▀[38;2;36;29;36;48;2;33;29;33m▀[38;2;46;38;38;48;2;52;43;43m▀[38;2;57;44;42;48;2;41;37;41m▀[38;2;50;43;44;48;2;42;39;47m▀[38;2;36;33;44;48;2;40;40;54m▀[38;2;39;39;55;48;2;36;37;56m▀[38;2;51;46;66;48;2;62;52;69m▀[38;2;72;55;78;48;2;77;60;88m▀[38;2;56;49;79;48;2;67;51;82m▀[38;2;77;61;93;48;2;81;63;97m▀[38;2;60;55;97;48;2;67;61;109m▀[38;2;40;46;79;48;2;45;54;106m▀[38;2;52;53;87;48;2;45;52;89m▀[38;2;58;57;91;48;2;51;54;97m▀[38;2;42;50;90;48;2;36;46;82m▀[38;2;41;50;85;48;2;37;47;79m▀[38;2;49;56;97;48;2;43;49;91m▀[38;2;68;67;114;48;2;59;66;119m▀[38;2;57;57;98;48;2;54;57;101m▀[38;2;52;53;86;48;2;77;69;118m▀[38;2;61;58;101;48;2;71;65;119m▀[38;2;77;77;154;48;2;82;82;161m▀[38;2;72;74;142;48;2;72;82;177m▀[38;2;51;57;124;48;2;67;73;140m▀[38;2;104;94;147;48;2;96;92;150m▀[38;2;108;100;149;48;2;94;94;164m▀[38;2;113;101;145;48;2;109;98;147m▀[38;2;103;108;186;48;2;107;102;165m▀[38;2;73;85;175;48;2;98;108;190m▀[38;2;66;78;157;48;2;74;89;182m▀[38;2;32;46;100;48;2;52;72;162m▀[38;2;37;44;98;48;2;50;63;134m▀[38;2;48;59;121;48;2;51;55;118m▀[38;2;62;70;146;48;2;60;69;144m▀[38;2;50;54;113;48;2;65;71;139m▀[38;2;64;66;139;48;2;67;73;155m▀[38;2;63;69;149;48;2;73;71;133m▀[38;2;80;87;182;48;2;81;90;184m▀[38;2;59;68;156;48;2;72;88;192m▀[38;2;63;78;183;48;2;72;88;201m▀[38;2;74;88;196;48;2;86;98;205m▀[38;2;78;95;209;48;2;84;103;222m▀[38;2;57;89;226;48;2;55;87;227m▀[38;2;51;87;230;48;2;48;87;233m▀[38;2;36;75;212;48;2;23;64;199m▀[38;2;10;71;220;48;2;10;74;223m▀[38;2;24;71;208;48;2;14;73;215m▀[38;2;22;69;204;48;2;26;68;203m▀[38;2;17;65;198;48;2;28;72;211m▀[38;2;24;65;199;48;2;18;67;207m▀[38;2;14;60;188;48;2;7;49;174m▀[38;2;0;46;155;48;2;0;46;149m▀[38;2;15;21;67;48;2;18;37;125m▀[0m
[38;2;23;20;19;48;2;44;33;23m▀[38;2;28;24;28;48;2;29;25;29m▀[38;2;30;27;33;48;2;23;26;31m▀[38;2;30;28;30;48;2;29;26;33m▀[38;2;30;30;36;48;2;32;32;40m▀[38;2;42;35;40;48;2;35;35;42m▀[38;2;44;39;42;48;2;37;37;43m▀[38;2;38;36;46;48;2;36;37;52m▀[38;2;40;40;58;48;2;40;46;77m▀[38;2;49;46;61;48;2;50;46;66m▀[38;2;52;49;68;48;2;50;46;70m▀[38;2;57;49;69;48;2;47;42;60m▀[38;2;76;61;93;48;2;72;58;82m▀[38;2;74;57;91;48;2;68;58;79m▀[38;2;85;67;110;48;2;54;65;135m▀[38;2;77;69;123;48;2;69;63;111m▀[38;2;64;64;116;48;2;48;54;98m▀[38;2;42;48;89;48;2;35;43;83m▀[38;2;41;49;90;48;2;40;46;84m▀[38;2;42;53;97;48;2;39;48;84m▀[38;2;46;54;94;48;2;47;52;88m▀[38;2;50;58;103;48;2;47;52;91m▀[38;2;64;67;124;48;2;57;61;109m▀[38;2;62;64;115;48;2;76;73;131m▀[38;2;66;61;94;48;2;68;67;106m▀[38;2;59;59;109;48;2;60;60;121m▀[38;2;72;81;173;48;2;58;69;151m▀[38;2;51;60;125;48;2;59;59;106m▀[38;2;62;64;113;48;2;58;56;91m▀[38;2;97;93;156;48;2;99;97;170m▀[38;2;99;95;166;48;2;101;96;156m▀[38;2;114;98;142;48;2;105;96;148m▀[38;2;110;104;163;48;2;112;105;163m▀[38;2;103;101;169;48;2;105;100;164m▀[38;2;95;112;207;48;2;94;99;182m▀[38;2;70;98;208;48;2;89;107;201m▀[38;2;73;95;191;48;2;84;112;222m▀[38;2;74;97;195;48;2;71;105;222m▀[38;2;72;98;202;48;2;61;95;222m▀[38;2;63;87;197;48;2;81;106;225m▀[38;2;84;90;181;48;2;83;97;206m▀[38;2;88;88;159;48;2;94;98;185m▀[38;2;83;91;184;48;2;83;92;186m▀[38;2;78;91;192;48;2;82;94;194m▀[38;2;82;98;209;48;2;85;108;229m▀[38;2;91;109;223;48;2;67;87;200m▀[38;2;76;98;228;48;2;76;97;226m▀[38;2;50;83;215;48;2;44;89;238m▀[38;2;43;83;229;48;2;37;72;213m▀[38;2;23;56;179;48;2;26;59;179m▀[38;2;35;76;214;48;2;27;63;188m▀[38;2;22;72;211;48;2;31;73;208m▀[38;2;24;63;193;48;2;18;66;208m▀[38;2;14;61;183;48;2;27;40;106m▀[38;2;14;65;204;48;2;17;58;184m▀[38;2;6;34;124;48;2;19;46;144m▀[38;2;17;28;95;48;2;20;15;43m▀[38;2;33;36;89;48;2;42;40;91m▀[0m
[38;2;24;24;24;48;2;22;22;24m▀[38;2;24;22;29;48;2;22;23;29m▀[38;2;25;26;35;48;2;23;27;33m▀[38;2;28;29;40;48;2;29;30;43m▀[38;2;33;33;40;48;2;33;35;44m▀[38;2;37;37;46;48;2;37;39;53m▀[38;2;37;39;49;48;2;36;40;59m▀[38;2;36;41;65;48;2;36;41;69m▀[38;2;45;50;82;48;2;51;52;85m▀[38;2;54;50;68;48;2;50;51;79m▀[38;2;66;61;90;48;2;47;47;76m▀[38;2;58;53;83;48;2;40;42;70m▀[38;2;75;65;91;48;2;46;62;121m▀[38;2;71;70;109;48;2;58;68;124m▀[38;2;42;60;127;48;2;46;52;90m▀[38;2;36;51;96;48;2;67;65;104m▀[38;2;39;53;97;48;2;69;68;101m▀[38;2;36;43;75;48;2;62;59;83m▀[38;2;50;53;85;48;2;74;66;103m▀[38;2;51;52;82;48;2;54;61;104m▀[38;2;43;49;83;48;2;45;55;95m▀[38;2;37;47;80;48;2;60;65;107m▀[38;2;53;56;102;48;2;66;68;124m▀[38;2;64;66;117;48;2;73;70;130m▀[38;2;75;74;128;48;2;70;69;124m▀[38;2;64;76;160;48;2;77;83;178m▀[38;2;59;70;149;48;2;82;86;176m▀[38;2;97;97;161;48;2;94;90;165m▀[38;2;91;87;138;48;2;91;87;142m▀[38;2;101;102;178;48;2;101;109;190m▀[38;2;107;105;178;48;2;107;109;199m▀[38;2;95;95;170;48;2;64;76;151m▀[38;2;106;103;167;48;2;99;104;187m▀[38;2;105;102;175;48;2;92;103;190m▀[38;2;101;102;179;48;2;98;104;189m▀[38;2;89;95;183;48;2;102;108;198m▀[38;2;86;106;217;48;2;77;99;211m▀[38;2;55;101;240;48;2;61;90;213m▀[38;2;72;106;233;48;2;62;93;221m▀[38;2;69;103;226;48;2;76;98;216m▀[38;2;70;111;242;48;2;51;80;208m▀[38;2;81;106;224;48;2;58;81;196m▀[38;2;82;108;224;48;2;57;72;161m▀[38;2;77;98;222;48;2;53;72;179m▀[38;2;49;86;226;48;2;45;71;189m▀[38;2;52;66;177;48;2;61;85;206m▀[38;2;73;100;238;48;2;71;93;231m▀[38;2;62;93;231;48;2;65;89;223m▀[38;2;38;64;191;48;2;39;66;193m▀[38;2;32;52;154;48;2;26;45;154m▀[38;2;32;55;167;48;2;32;68;205m▀[38;2;30;67;203;48;2;17;51;168m▀[38;2;23;51;177;48;2;9;63;205m▀[38;2;30;41;114;48;2;31;71;211m▀[38;2;24;55;182;48;2;1;68;213m▀[38;2;23;27;109;48;2;18;40;143m▀[38;2;21;13;41;48;2;13;13;40m▀[38;2;40;34;73;48;2;42;38;86m▀[0m
[38;2;23;25;28;48;2;23;26;31m▀[38;2;23;27;33;48;2;28;29;41m▀[38;2;29;30;43;48;2;32;34;47m▀[38;2;32;33;46;48;2;34;34;48m▀[38;2;36;36;45;48;2;36;33;43m▀[38;2;33;36;51;48;2;34;39;67m▀[38;2;39;46;85;48;2;34;51;108m▀[38;2;45;49;85;48;2;40;40;67m▀[38;2;56;55;91;48;2;49;47;80m▀[38;2;50;46;71;48;2;55;57;106m▀[38;2;45;48;80;48;2;55;67;141m▀[38;2;46;61;128;48;2;41;50;108m▀[38;2;42;58;127;48;2;37;42;91m▀[38;2;46;54;107;48;2;45;49;95m▀[38;2;43;42;66;48;2;39;38;60m▀[38;2;49;46;71;48;2;48;44;69m▀[38;2;66;64;93;48;2;51;49;79m▀[38;2;47;46;66;48;2;59;54;84m▀[38;2;55;55;85;48;2;47;49;79m▀[38;2;45;60;118;48;2;49;64;118m▀[38;2;52;60;101;48;2;48;58;99m▀[38;2;47;50;83;48;2;49;54;87m▀[38;2;55;59;97;48;2;61;60;105m▀[38;2;77;75;133;48;2;82;78;132m▀[38;2;68;68;136;48;2;92;87;156m▀[38;2;93;97;191;48;2;82;83;160m▀[38;2;104;100;182;48;2;106;100;178m▀[38;2;94;89;158;48;2;90;85;153m▀[38;2;100;101;182;48;2;103;104;190m▀[38;2;97;106;196;48;2;103;110;200m▀[38;2;85;112;230;48;2;83;108;221m▀[38;2;85;109;227;48;2;86;115;240m▀[38;2;94;104;198;48;2;75;95;194m▀[38;2;83;98;194;48;2;78;97;201m▀[38;2;84;97;197;48;2;90;105;205m▀[38;2;93;106;206;48;2;66;86;189m▀[38;2;76;95;203;48;2;80;89;182m▀[38;2;68;87;194;48;2;94;103;200m▀[38;2;88;101;210;48;2;99;99;180m▀[38;2;92;106;215;48;2;66;81;173m▀[38;2;93;111;225;48;2;88;104;219m▀[38;2;77;88;190;48;2;92;98;195m▀[38;2;66;71;160;48;2;92;99;206m▀[38;2;68;87;211;48;2;81;99;224m▀[38;2;70;88;208;48;2;68;77;186m▀[38;2;81;93;206;48;2;91;99;221m▀[38;2;69;97;238;48;2;64;97;240m▀[38;2;74;87;206;48;2;62;85;214m▀[38;2;39;62;177;48;2;48;62;170m▀[38;2;33;51;162;48;2;17;58;196m▀[38;2;21;49;165;48;2;10;63;204m▀[38;2;1;57;193;48;2;15;71;222m▀[38;2;17;71;218;48;2;36;76;219m▀[38;2;26;73;212;48;2;22;67;203m▀[38;2;0;70;217;48;2;0;68;208m▀[38;2;7;45;150;48;2;4;51;163m▀[38;2;17;15;51;48;2;14;9;28m▀[38;2;45;42;102;48;2;41;37;92m▀[0m
[38;2;25;27;40;48;2;25;26;40m▀[38;2;29;31;46;48;2;29;31;45m▀[38;2;34;35;48;48;2;31;32;46m▀[38;2;34;34;43;48;2;35;35;48m▀[38;2;30;32;47;48;2;33;49;105m▀[38;2;32;54;123;48;2;32;49;115m▀[38;2;31;42;93;48;2;31;44;94m▀[38;2;40;41;78;48;2;34;51;105m▀[38;2;51;49;84;48;2;51;60;117m▀[38;2;61;64;119;48;2;61;59;100m▀[38;2;53;66;142;48;2;59;56;90m▀[38;2;44;51;104;48;2;40;42;85m▀[38;2;45;48;98;48;2;53;57;109m▀[38;2;51;49;93;48;2;58;53;97m▀[38;2;43;43;71;48;2;69;57;94m▀[38;2;49;48;75;48;2;53;49;79m▀[38;2;53;49;79;48;2;42;43;72m▀[38;2;65;57;96;48;2;69;64;106m▀[38;2;51;59;109;48;2;59;60;100m▀[38;2;51;61;110;48;2;42;47;75m▀[38;2;38;40;64;48;2;44;45;66m▀[38;2;48;49;75;48;2;49;50;84m▀[38;2;58;59;103;48;2;75;74;128m▀[38;2;68;65;109;48;2;87;79;134m▀[38;2;73;70;129;48;2;91;77;117m▀[38;2;93;82;128;48;2;120;99;140m▀[38;2;93;86;145;48;2;96;78;109m▀[38;2;90;82;138;48;2;95;87;153m▀[38;2;105;99;173;48;2;111;113;200m▀[38;2;98;103;193;48;2;107;111;196m▀[38;2;97;113;218;48;2;102;108;197m▀[38;2;83;104;213;48;2;111;115;200m▀[38;2;74;105;226;48;2;98;113;210m▀[38;2;68;99;226;48;2;90;110;223m▀[38;2;88;110;220;48;2;80;98;197m▀[38;2;77;87;168;48;2;106;108;194m▀[38;2;80;94;197;48;2;97;103;192m▀[38;2;101;104;196;48;2;104;107;202m▀[38;2;94;94;174;48;2;81;86;181m▀[38;2;84;94;200;48;2;82;91;198m▀[38;2;66;81;192;48;2;65;85;200m▀[38;2;73;86;191;48;2;74;92;214m▀[38;2;84;97;216;48;2;76;88;210m▀[38;2;66;92;216;48;2;63;66;173m▀[38;2;71;90;211;48;2;82;100;225m▀[38;2;79;100;233;48;2;58;75;195m▀[38;2;48;66;190;48;2;50;66;169m▀[38;2;47;66;187;48;2;44;45;109m▀[38;2;39;49;140;48;2;34;40;120m▀[38;2;17;60;200;48;2;28;65;205m▀[38;2;26;62;199;48;2;32;63;201m▀[38;2;24;60;197;48;2;26;52;177m▀[38;2;48;83;222;48;2;56;76;211m▀[38;2;27;61;191;48;2;39;59;183m▀[38;2;11;43;146;48;2;27;24;59m▀[38;2;17;45;150;48;2;19;15;50m▀[38;2;16;14;36;48;2;41;43;107m▀[38;2;33;33;87;48;2;27;27;77m▀[0m
[38;2;31;32;46;48;2;25;26;37m▀[38;2;29;29;43;48;2;29;32;45m▀[38;2;34;34;48;48;2;74;66;92m▀[38;2;31;39;70;48;2;27;55;121m▀[38;2;20;65;158;48;2;27;50;120m▀[38;2;23;54;134;48;2;22;52;133m▀[38;2;20;64;161;48;2;14;63;161m▀[38;2;33;44;95;48;2;37;56;132m▀[38;2;66;61;100;48;2;65;58;102m▀[38;2;63;53;80;48;2;44;41;62m▀[38;2;82;62;94;48;2;78;66;120m▀[38;2;74;63;115;48;2;83;65;116m▀[38;2;67;65;124;48;2;88;72;135m▀[38;2;67;54;95;48;2;56;46;83m▀[38;2;45;41;72;48;2;35;32;57m▀[38;2;43;39;64;48;2;40;36;52m▀[38;2;40;36;52;48;2;44;40;60m▀[38;2;79;65;102;48;2;72;60;97m▀[38;2;67;62;102;48;2;53;54;88m▀[38;2;48;50;77;48;2;55;56;90m▀[38;2;49;53;79;48;2;50;49;72m▀[38;2;61;60;87;48;2;72;62;88m▀[38;2;79;68;107;48;2;99;78;117m▀[38;2;85;72;114;48;2;94;76;103m▀[38;2;107;86;122;48;2;121;95;126m▀[38;2;114;95;134;48;2;117;96;140m▀[38;2;91;75;94;48;2;78;67;101m▀[38;2;83;80;157;48;2;47;48;84m▀[38;2;98;107;210;48;2;103;106;200m▀[38;2;100;109;207;48;2;105;111;202m▀[38;2;109;111;193;48;2;110;117;205m▀[38;2;111;110;187;48;2;107;114;207m▀[38;2;117;113;187;48;2;110;111;196m▀[38;2;116;113;189;48;2;102;107;200m▀[38;2;105;105;190;48;2;102;111;214m▀[38;2;108;105;187;48;2;92;93;183m▀[38;2;104;114;212;48;2;103;104;188m▀[38;2;104;104;193;48;2;94;98;189m▀[38;2;72;78;169;48;2;88;97;204m▀[38;2;95;104;213;48;2;93;102;207m▀[38;2;86;95;209;48;2;93;96;197m▀[38;2;78;87;205;48;2;89;94;206m▀[38;2;51;56;130;48;2;58;60;143m▀[38;2;80;92;205;48;2;80;95;210m▀[38;2;70;84;202;48;2;55;61;148m▀[38;2;64;77;192;48;2;80;98;228m▀[38;2;62;70;170;48;2;69;76;187m▀[38;2;42;40;100;48;2;55;67;177m▀[38;2;42;51;148;48;2;46;72;204m▀[38;2;42;64;198;48;2;58;70;183m▀[38;2;40;57;171;48;2;58;80;209m▀[38;2;36;59;177;48;2;62;62;150m▀[38;2;59;67;181;48;2;74;69;160m▀[38;2;38;36;98;48;2;53;42;96m▀[38;2;33;29;87;48;2;38;54;169m▀[38;2;32;53;163;48;2;34;59;180m▀[38;2;45;57;156;48;2;50;58;169m▀[38;2;37;37;108;48;2;37;39;117m▀[0m
[38;2;26;35;59;48;2;21;31;62m▀[38;2;30;38;67;48;2;16;50;121m▀[38;2;22;54;123;48;2;21;44;99m▀[38;2;16;56;136;48;2;27;48;102m▀[38;2;17;51;127;48;2;25;41;103m▀[38;2;10;58;159;48;2;22;44;114m▀[38;2;12;68;172;48;2;11;65;161m▀[38;2;28;63;161;48;2;25;66;163m▀[38;2;63;54;89;48;2;65;49;67m▀[38;2;47;47;83;48;2;55;69;151m▀[38;2;64;70;146;48;2;64;73;152m▀[38;2;75;58;101;48;2;86;63;94m▀[38;2;86;69;126;48;2;82;66;112m▀[38;2;49;38;69;48;2;47;43;76m▀[38;2;43;39;70;48;2;46;44;83m▀[38;2;44;39;66;48;2;55;46;74m▀[38;2;62;58;96;48;2;75;59;92m▀[38;2;71;61;88;48;2;56;51;74m▀[38;2;57;53;73;48;2;51;47;69m▀[38;2;49;52;84;48;2;49;50;76m▀[38;2;50;49;71;48;2;43;42;58m▀[38;2;72;60;88;48;2;60;52;74m▀[38;2;109;83;119;48;2;108;81;108m▀[38;2;87;68;81;48;2;118;88;102m▀[38;2;129;101;142;48;2;82;69;104m▀[38;2;89;82;134;48;2;41;33;46m▀[38;2;49;48;88;48;2;52;50;93m▀[38;2;59;58;104;48;2;81;81;157m▀[38;2;99;101;190;48;2;106;105;193m▀[38;2;103;112;210;48;2;91;100;203m▀[38;2;95;109;215;48;2;78;101;220m▀[38;2;106;117;216;48;2;81;102;220m▀[38;2;96;104;200;48;2;72;88;199m▀[38;2;84;98;211;48;2;94;102;204m▀[38;2;89;106;224;48;2;63;87;203m▀[38;2;96;104;203;48;2;71;95;222m▀[38;2;106;102;180;48;2;85;97;208m▀[38;2;109;101;179;48;2;76;79;177m▀[38;2;102;102;191;48;2;75;81;183m▀[38;2;92;96;199;48;2;85;91;197m▀[38;2;101;100;200;48;2;98;102;212m▀[38;2;61;69;167;48;2;43;39;78m▀[38;2;63;72;163;48;2;43;39;74m▀[38;2;58;64;155;48;2;54;56;142m▀[38;2;71;84;209;48;2;74;83;203m▀[38;2;65;90;231;48;2;59;77;209m▀[38;2;42;59;183;48;2;43;58;167m▀[38;2;55;69;186;48;2;49;49;119m▀[38;2;44;75;215;48;2;36;36;91m▀[38;2;50;71;196;48;2;38;37;83m▀[38;2;75;79;189;48;2;48;55;148m▀[38;2;78;72;173;48;2;61;62;146m▀[38;2;65;62;136;48;2;27;41;129m▀[38;2;49;55;144;48;2;19;38;115m▀[38;2;25;43;143;48;2;27;23;60m▀[38;2;40;44;128;48;2;29;30;98m▀[38;2;44;64;187;48;2;56;69;187m▀[38;2;40;47;143;48;2;44;51;147m▀[0m
[38;2;0;59;151;48;2;2;54;137m▀[38;2;9;47;119;48;2;13;34;81m▀[38;2;20;36;85;48;2;15;38;96m▀[38;2;24;40;92;48;2;20;32;82m▀[38;2;18;44;115;48;2;14;43;113m▀[38;2;16;37;96;48;2;9;52;144m▀[38;2;18;57;146;48;2;23;41;102m▀[38;2;34;42;86;48;2;38;44;79m▀[38;2;79;59;78;48;2;77;60;103m▀[38;2;60;56;111;48;2;77;59;99m▀[38;2;71;60;109;48;2;74;54;88m▀[38;2;91;69;98;48;2;85;63;100m▀[38;2;80;65;119;48;2;94;67;95m▀[38;2;64;55;99;48;2;59;42;71m▀[38;2;49;43;73;48;2;79;62;95m▀[38;2;83;62;84;48;2;77;56;72m▀[38;2;55;45;78;48;2;53;42;62m▀[38;2;48;42;64;48;2;42;38;59m▀[38;2;43;42;64;48;2;52;48;75m▀[38;2;52;50;81;48;2;44;43;67m▀[38;2;49;44;64;48;2;50;47;68m▀[38;2;65;58;88;48;2;71;64;97m▀[38;2;78;66;95;48;2;71;62;88m▀[38;2;108;82;83;48;2;89;70;90m▀[38;2;33;28;32;48;2;33;28;32m▀[38;2;30;25;27;48;2;33;26;30m▀[38;2;40;39;65;48;2;41;38;61m▀[38;2;63;66;141;48;2;66;68;140m▀[38;2;89;97;203;48;2;69;83;197m▀[38;2;69;81;193;48;2;72;91;210m▀[38;2;52;68;179;48;2;49;65;153m▀[38;2;62;78;188;48;2;76;87;188m▀[38;2;85;100;216;48;2;91;100;209m▀[38;2;82;87;182;48;2;85;90;186m▀[38;2;73;83;194;48;2;78;81;176m▀[38;2;73;101;230;48;2;65;80;195m▀[38;2;74;98;227;48;2;63;72;168m▀[38;2;69;89;214;48;2;63;72;160m▀[38;2;63;76;177;48;2;58;54;94m▀[38;2;88;82;174;48;2;94;80;141m▀[38;2;69;65;147;48;2;73;60;109m▀[38;2;40;34;61;48;2;45;37;60m▀[38;2;36;31;63;48;2;36;28;45m▀[38;2;64;58;132;48;2;33;27;48m▀[38;2;53;52;128;48;2;60;56;134m▀[38;2;55;63;167;48;2;59;56;135m▀[38;2;52;51;129;48;2;44;34;74m▀[38;2;35;29;69;48;2;38;35;92m▀[38;2;36;26;58;48;2;32;27;65m▀[38;2;26;19;33;48;2;22;18;35m▀[38;2;42;33;57;48;2;33;23;41m▀[38;2;48;36;54;48;2;34;26;34m▀[38;2;15;8;12;48;2;26;18;26m▀[38;2;21;21;62;48;2;10;8;27m▀[38;2;24;24;72;48;2;30;29;76m▀[38;2;28;26;72;48;2;37;37;92m▀[38;2;46;58;163;48;2;55;61;178m▀[38;2;31;40;137;48;2;31;44;139m▀[0m
[38;2;17;34;77;48;2;11;42;100m▀[38;2;13;32;79;48;2;9;37;96m▀[38;2;13;35;89;48;2;2;52;143m▀[38;2;15;36;93;48;2;10;36;100m▀[38;2;9;40;105;48;2;15;46;123m▀[38;2;12;44;118;48;2;24;33;83m▀[38;2;27;39;84;48;2;20;40;92m▀[38;2;55;53;97;48;2;50;55;118m▀[38;2;77;68;118;48;2;70;55;87m▀[38;2;60;60;122;48;2;24;16;23m▀[38;2;75;50;70;48;2;72;44;35m▀[38;2;101;63;69;48;2;109;63;44m▀[38;2;96;63;67;48;2;99;61;42m▀[38;2;66;46;66;48;2;63;40;39m▀[38;2;85;57;68;48;2;72;45;41m▀[38;2;81;57;65;48;2;67;44;46m▀[38;2;44;34;45;48;2;32;27;43m▀[38;2;43;35;50;48;2;53;44;64m▀[38;2;54;52;81;48;2;55;51;78m▀[38;2;41;39;70;48;2;47;43;74m▀[38;2;43;39;63;48;2;51;49;85m▀[38;2;55;53;94;48;2;52;47;79m▀[38;2;81;67;104;48;2;71;59;99m▀[38;2;62;54;82;48;2;54;43;70m▀[38;2;30;25;29;48;2;34;28;41m▀[38;2;24;20;20;48;2;16;12;16m▀[38;2;45;40;72;48;2;49;42;73m▀[38;2;52;54;124;48;2;38;39;83m▀[38;2;50;64;173;48;2;53;63;161m▀[38;2;64;89;219;48;2;47;60;154m▀[38;2;40;40;80;48;2;54;54;110m▀[38;2;77;80;166;48;2;44;47;90m▀[38;2;102;103;194;48;2;36;31;49m▀[38;2;98;94;175;48;2;49;44;69m▀[38;2;80;79;163;48;2;61;57;111m▀[38;2;96;96;194;48;2;84;85;177m▀[38;2;83;88;194;48;2;78;78;162m▀[38;2;72;74;163;48;2;63;59;122m▀[38;2;79;74;152;48;2;81;72;146m▀[38;2;70;59;108;48;2;80;66;120m▀[38;2;57;45;72;48;2;69;52;71m▀[38;2;30;22;22;48;2;71;52;59m▀[38;2;42;30;30;48;2;77;60;60m▀[38;2;45;32;32;48;2;79;69;100m▀[38;2;66;58;102;48;2;65;66;91m▀[38;2;69;51;84;48;2;79;70;88m▀[38;2;54;36;43;48;2;76;66;74m▀[38;2;66;62;131;48;2;67;79;107m▀[38;2;69;61;122;48;2;88;81;142m▀[38;2;44;35;40;48;2;73;69;98m▀[38;2;51;39;46;48;2;59;73;99m▀[38;2;42;33;36;48;2;64;70;84m▀[38;2;43;30;38;48;2;64;64;83m▀[38;2;33;29;41;48;2;56;66;87m▀[38;2;44;37;77;48;2;59;68;112m▀[38;2;54;47;102;48;2;65;60;95m▀[38;2;50;43;96;48;2;58;67;106m▀[38;2;54;63;155;48;2;50;78;145m▀[0m
[38;2;10;46;116;48;2;13;30;76m▀[38;2;14;38;99;48;2;11;42;105m▀[38;2;0;54;148;48;2;2;54;140m▀[38;2;10;35;94;48;2;12;32;85m▀[38;2;21;32;80;48;2;23;32;78m▀[38;2;21;34;79;48;2;22;35;83m▀[38;2;14;46;117;48;2;16;51;128m▀[38;2;46;50;101;48;2;42;33;48m▀[38;2;66;42;34;48;2;67;39;26m▀[38;2;7;4;4;48;2;16;10;8m▀[38;2;44;26;16;48;2;26;14;8m▀[38;2;118;69;40;48;2;106;63;37m▀[38;2;82;50;33;48;2;79;48;28m▀[38;2;23;15;15;48;2;9;6;6m▀[38;2;41;25;20;48;2;48;31;27m▀[38;2;31;19;19;48;2;27;18;16m▀[38;2;23;20;35;48;2;8;8;19m▀[38;2;51;46;75;48;2;47;42;71m▀[38;2;68;52;75;48;2;63;55;91m▀[38;2;51;42;68;48;2;54;42;67m▀[38;2;67;52;81;48;2;84;64;98m▀[38;2;95;67;85;48;2;111;80;108m▀[38;2;54;42;82;48;2;75;62;100m▀[38;2;49;44;76;48;2;55;45;80m▀[38;2;41;33;61;48;2;54;48;96m▀[38;2;44;38;65;48;2;65;58;111m▀[38;2;54;46;87;48;2;67;58;103m▀[38;2;18;15;29;48;2;62;56;104m▀[38;2;46;47;99;48;2;59;53;87m▀[38;2;48;38;71;48;2;45;37;51m▀[38;2;47;44;77;48;2;45;35;45m▀[38;2;27;22;27;48;2;56;46;54m▀[38;2;35;26;34;48;2;61;47;54m▀[38;2;37;28;34;48;2;62;52;58m▀[38;2;37;26;35;48;2;82;69;82m▀[38;2;66;59;94;48;2;39;31;40m▀[38;2;69;64;98;48;2;71;60;70m▀[38;2;88;78;133;48;2;69;58;77m▀[38;2;78;71;120;48;2;34;27;34m▀[38;2;84;75;132;48;2;72;63;82m▀[38;2;67;62;97;48;2;55;45;55m▀[38;2;32;34;59;48;2;17;10;13m▀[38;2;80;70;98;48;2;82;67;72m▀[38;2;51;38;42;48;2;46;34;31m▀[38;2;23;15;19;48;2;31;24;40m▀[38;2;78;63;94;48;2;71;54;83m▀[38;2;57;45;47;48;2;49;34;37m▀[38;2;26;16;30;48;2;22;13;21m▀[38;2;89;80;144;48;2;84;69;115m▀[38;2;80;80;142;48;2;88;75;132m▀[38;2;23;37;70;48;2;41;38;78m▀[38;2;39;59;78;48;2;36;48;101m▀[38;2;56;70;93;48;2;51;69;123m▀[38;2;10;40;71;48;2;25;38;125m▀[38;2;41;74;157;48;2;38;38;85m▀[38;2;59;67;117;48;2;60;59;85m▀[38;2;36;58;111;48;2;48;41;88m▀[38;2;18;53;95;48;2;41;41;106m▀[0m
[38;2;13;33;81;48;2;3;30;88m▀[38;2;15;33;82;48;2;17;24;64m▀[38;2;13;41;111;48;2;8;34;99m▀[38;2;5;39;106;48;2;0;57;143m▀[38;2;10;49;127;48;2;0;49;135m▀[38;2;19;34;93;48;2;17;39;114m▀[38;2;25;43;106;48;2;20;20;54m▀[38;2;25;17;18;48;2;19;11;8m▀[38;2;59;38;25;48;2;60;35;22m▀[38;2;32;18;11;48;2;38;23;16m▀[38;2;40;23;13;48;2;44;27;15m▀[38;2;120;72;37;48;2;101;62;34m▀[38;2;61;35;21;48;2;44;26;16m▀[38;2;33;21;12;48;2;33;19;17m▀[38;2;55;32;27;48;2;73;45;39m▀[38;2;23;14;14;48;2;25;12;17m▀[38;2;2;2;2;48;2;14;6;9m▀[38;2;45;37;57;48;2;97;66;55m▀[38;2;59;54;92;48;2;78;55;66m▀[38;2;78;58;79;48;2;93;63;76m▀[38;2;75;58;84;48;2;80;56;78m▀[38;2;90;67;100;48;2;68;49;77m▀[38;2;83;67;109;48;2;87;65;113m▀[38;2;82;66;115;48;2;86;71;116m▀[38;2;54;48;81;48;2;76;69;115m▀[38;2;73;65;128;48;2;60;53;82m▀[38;2;68;61;107;48;2;68;67;101m▀[38;2;79;67;108;48;2;64;59;91m▀[38;2;69;60;77;48;2;59;67;83m▀[38;2;67;57;63;48;2;53;48;56m▀[38;2;54;46;54;48;2;39;35;40m▀[38;2;80;68;74;48;2;80;64;74m▀[38;2;20;15;25;48;2;15;12;21m▀[38;2;49;49;63;48;2;63;64;98m▀[38;2;73;64;94;48;2;57;51;81m▀[38;2;25;22;23;48;2;26;21;26m▀[38;2;84;71;79;48;2;89;72;76m▀[38;2;54;41;54;48;2;50;37;50m▀[38;2;44;35;54;48;2;42;34;55m▀[38;2;73;63;76;48;2;65;58;69m▀[38;2;53;45;56;48;2;45;34;57m▀[38;2;16;12;15;48;2;50;33;26m▀[38;2;87;71;73;48;2;80;63;70m▀[38;2;43;31;35;48;2;55;36;33m▀[38;2;38;31;59;48;2;65;45;68m▀[38;2;47;33;41;48;2;70;45;45m▀[38;2;35;23;31;48;2;68;43;42m▀[38;2;20;10;18;48;2;81;54;33m▀[38;2;65;49;84;48;2;76;52;71m▀[38;2;91;70;106;48;2;71;49;78m▀[38;2;42;28;19;48;2;22;13;14m▀[38;2;53;49;61;48;2;33;22;50m▀[38;2;46;57;94;48;2;39;32;68m▀[38;2;41;25;33;48;2;6;4;4m▀[38;2;40;27;28;48;2;8;4;8m▀[38;2;55;57;91;48;2;43;36;52m▀[38;2;47;41;84;48;2;9;5;14m▀[38;2;59;44;81;48;2;8;4;10m▀[0m
[38;2;2;41;121;48;2;6;11;35m▀[38;2;3;40;111;48;2;7;16;46m▀[38;2;5;43;121;48;2;7;16;46m▀[38;2;4;45;121;48;2;4;10;31m▀[38;2;6;39;122;48;2;9;9;26m▀[38;2;11;40;119;48;2;13;13;35m▀[38;2;22;23;54;48;2;18;12;13m▀[38;2;20;13;8;48;2;19;12;8m▀[38;2;36;21;11;48;2;24;15;12m▀[38;2;25;14;10;48;2;22;14;13m▀[38;2;35;21;12;48;2;39;22;11m▀[38;2;85;49;22;48;2;96;54;24m▀[38;2;38;23;13;48;2;42;26;25m▀[38;2;29;16;16;48;2;60;34;28m▀[38;2;75;48;41;48;2;74;43;36m▀[38;2;48;31;29;48;2;87;50;40m▀[38;2;89;61;48;48;2;124;74;49m▀[38;2;139;91;75;48;2;137;86;70m▀[38;2;118;73;69;48;2;106;64;63m▀[38;2;91;59;67;48;2;105;75;85m▀[38;2;88;60;76;48;2;95;64;87m▀[38;2;87;68;93;48;2;92;75;107m▀[38;2;75;63;101;48;2;83;70;124m▀[38;2;72;71;114;48;2;89;81;136m▀[38;2;62;67;111;48;2;63;66;124m▀[38;2;56;56;92;48;2;62;61;104m▀[38;2;65;62;86;48;2;62;56;103m▀[38;2;57;53;87;48;2;33;22;28m▀[38;2;72;74;101;48;2;73;65;74m▀[38;2;48;41;50;48;2;48;40;63m▀[38;2;48;38;45;48;2;64;56;92m▀[38;2;77;58;69;48;2;58;51;81m▀[38;2;27;27;52;48;2;13;10;18m▀[38;2;64;57;67;48;2;69;50;66m▀[38;2;33;24;41;48;2;50;29;40m▀[38;2;50;41;63;48;2;48;30;27m▀[38;2;90;70;70;48;2;76;55;52m▀[38;2;60;41;55;48;2;57;43;65m▀[38;2;62;42;45;48;2;21;14;23m▀[38;2;74;54;59;48;2;83;65;96m▀[38;2;45;29;31;48;2;15;8;19m▀[38;2;31;14;14;48;2;16;10;12m▀[38;2;65;43;43;48;2;78;53;57m▀[38;2;18;10;15;48;2;42;27;27m▀[38;2;30;21;37;48;2;40;24;24m▀[38;2;74;49;48;48;2;76;50;36m▀[38;2;72;46;43;48;2;62;39;25m▀[38;2;70;50;40;48;2;58;35;26m▀[38;2;73;48;71;48;2;85;57;75m▀[38;2;54;39;64;48;2;42;29;35m▀[38;2;8;4;11;48;2;7;1;7m▀[38;2;37;29;57;48;2;40;31;52m▀[38;2;49;35;65;48;2;55;36;53m▀[38;2;7;1;5;48;2;7;1;5m▀[38;2;10;4;8;48;2;9;1;9m▀[38;2;58;41;66;48;2;64;45;55m▀[38;2;14;9;14;48;2;23;16;16m▀[38;2;11;7;9;48;2;9;5;7m▀[0m
[38;2;0;0;0;48;2;0;0;0m▀[38;2;0;2;0;48;2;0;0;0m▀[38;2;2;0;2;48;2;2;2;2m▀[38;2;5;0;2;48;2;8;4;4m▀[38;2;7;1;0;48;2;14;8;8m▀[38;2;14;5;5;48;2;20;12;12m▀[38;2;15;9;5;48;2;31;16;11m▀[38;2;15;9;5;48;2;42;21;12m▀[38;2;19;9;6;48;2;66;33;18m▀[38;2;32;18;18;48;2;89;45;11m▀[38;2;38;17;12;48;2;99;47;10m▀[38;2;99;51;16;48;2;110;54;17m▀[38;2;99;50;21;48;2;111;55;18m▀[38;2;104;54;34;48;2;119;60;23m▀[38;2;108;58;43;48;2;70;37;24m▀[38;2;111;62;42;48;2;50;23;15m▀[38;2;141;86;64;48;2;136;86;69m▀[38;2;112;70;66;48;2;99;60;66m▀[38;2;79;51;51;48;2;84;55;53m▀[38;2;91;71;82;48;2;66;51;57m▀[38;2;58;34;36;48;2;59;35;37m▀[38;2;99;83;119;48;2;75;70;103m▀[38;2;63;51;100;48;2;64;49;88m▀[38;2;95;83;147;48;2;91;74;121m▀[38;2;51;43;79;48;2;85;73;122m▀[38;2;66;62;95;48;2;84;69;110m▀[38;2;62;50;95;48;2;52;40;80m▀[38;2;49;32;53;48;2;69;49;89m▀[38;2;68;45;52;48;2;76;48;65m▀[38;2;33;19;21;48;2;45;25;31m▀[38;2;62;44;54;48;2;76;53;72m▀[38;2;53;39;66;48;2;32;26;46m▀[38;2;41;29;51;48;2;37;27;45m▀[38;2;82;61;79;48;2;92;73;88m▀[38;2;20;13;17;48;2;20;11;17m▀[38;2;34;22;31;48;2;79;59;71m▀[38;2;97;73;99;48;2;89;66;92m▀[38;2;67;51;80;48;2;49;38;65m▀[38;2;29;21;25;48;2;28;20;25m▀[38;2;89;67;74;48;2;87;57;46m▀[38;2;18;10;14;48;2;13;6;8m▀[38;2;32;21;18;48;2;17;9;9m▀[38;2;87;59;54;48;2;70;48;41m▀[38;2;56;39;37;48;2;37;25;30m▀[38;2;57;36;27;48;2;50;32;24m▀[38;2;90;59;45;48;2;91;61;38m▀[38;2;65;42;29;48;2;76;50;39m▀[38;2;56;34;33;48;2;100;67;77m▀[38;2;82;57;65;48;2;92;58;47m▀[38;2;35;20;18;48;2;71;45;36m▀[38;2;7;1;7;48;2;15;9;13m▀[38;2;37;25;37;48;2;65;44;51m▀[38;2;45;30;33;48;2;70;45;45m▀[38;2;7;0;7;48;2;18;8;13m▀[38;2;10;4;10;48;2;20;10;13m▀[38;2;59;42;39;48;2;69;44;40m▀[38;2;25;15;16;48;2;28;18;18m▀[38;2;10;3;10;48;2;11;5;9m▀[0m
[38;2;2;2;0;48;2;22;8;3m▀[38;2;6;1;4;48;2;45;19;3m▀[38;2;21;11;9;48;2;67;33;10m▀[38;2;31;16;7;48;2;81;38;7m▀[38;2;48;22;11;48;2;92;42;5m▀[38;2;73;36;16;48;2;80;37;3m▀[38;2;93;44;10;48;2;80;38;8m▀[38;2;107;50;11;48;2;62;31;6m▀[38;2;98;45;10;48;2;46;23;9m▀[38;2;101;48;10;48;2;95;45;9m▀[38;2;97;49;6;48;2;85;40;12m▀[38;2;79;41;21;48;2;58;30;16m▀[38;2;38;16;8;48;2;56;26;8m▀[38;2;119;62;17;48;2;112;57;11m▀[38;2;39;17;11;48;2;28;11;8m▀[38;2;55;28;20;48;2;95;56;43m▀[38;2;131;85;72;48;2;99;63;60m▀[38;2;65;37;49;48;2;73;42;52m▀[38;2;99;68;72;48;2;93;60;61m▀[38;2;50;34;39;48;2;37;20;29m▀[38;2;72;49;52;48;2;75;61;78m▀[38;2;65;58;79;48;2;62;46;75m▀[38;2;66;44;63;48;2;83;56;88m▀[38;2;86;62;95;48;2;71;46;86m▀[38;2;84;65;135;48;2;71;46;86m▀[38;2;77;54;111;48;2;72;49;99m▀[38;2;58;40;93;48;2;54;43;97m▀[38;2;86;68;126;48;2;100;86;157m▀[38;2;80;59;100;48;2;46;31;46m▀[38;2;34;24;42;48;2;26;17;18m▀[38;2;91;70;106;48;2;88;72;100m▀[38;2;19;11;20;48;2;15;8;15m▀[38;2;25;19;28;48;2;70;57;84m▀[38;2;79;59;71;48;2;95;68;79m▀[38;2;37;26;39;48;2;77;53;77m▀[38;2;73;55;74;48;2;67;48;63m▀[38;2;72;53;76;48;2;74;47;61m▀[38;2;46;31;49;48;2;32;21;24m▀[38;2;72;46;42;48;2;58;42;44m▀[38;2;104;67;48;48;2;98;62;51m▀[38;2;36;21;19;48;2;55;34;34m▀[38;2;41;29;25;48;2;46;29;26m▀[38;2;85;59;63;48;2;83;53;50m▀[38;2;22;13;13;48;2;28;13;15m▀[38;2;27;18;9;48;2;29;17;12m▀[38;2;70;45;29;48;2;103;69;54m▀[38;2;69;45;41;48;2;111;80;95m▀[38;2;121;84;103;48;2;120;86;116m▀[38;2;60;37;32;48;2;90;58;60m▀[38;2;34;20;16;48;2;40;23;21m▀[38;2;7;1;7;48;2;8;1;11m▀[38;2;57;36;47;48;2;53;34;47m▀[38;2;63;39;35;48;2;53;31;31m▀[38;2;23;12;14;48;2;11;3;7m▀[38;2;38;23;23;48;2;10;7;9m▀[38;2;79;48;35;48;2;55;33;23m▀[38;2;56;34;29;48;2;25;13;13m▀[38;2;25;13;16;48;2;19;8;11m▀[0m
[38;2;58;26;5;48;2;40;16;0m▀[38;2;65;29;0;48;2;48;20;3m▀[38;2;57;24;0;48;2;36;14;8m▀[38;2;60;26;5;48;2;17;8;6m▀[38;2;58;27;6;48;2;50;22;3m▀[38;2;99;45;2;48;2;105;48;0m▀[38;2;70;31;4;48;2;56;25;7m▀[38;2;7;1;1;48;2;10;3;3m▀[38;2;18;7;3;48;2;47;22;1m▀[38;2;109;54;5;48;2;118;58;0m▀[38;2;64;32;10;48;2;41;18;9m▀[38;2;64;32;14;48;2;65;32;11m▀[38;2;86;44;8;48;2;93;47;14m▀[38;2;72;35;7;48;2;24;12;8m▀[38;2;23;9;5;48;2;59;33;32m▀[38;2;115;70;58;48;2;120;71;70m▀[38;2;78;47;46;48;2;34;19;21m▀[38;2;86;50;65;48;2;92;56;67m▀[38;2;72;41;46;48;2;73;41;55m▀[38;2;42;21;26;48;2;57;29;38m▀[38;2;75;47;60;48;2;71;40;59m▀[38;2;47;30;41;48;2;49;28;47m▀[38;2;92;63;98;48;2;81;63;93m▀[38;2;74;55;120;48;2;49;40;95m▀[38;2;100;72;131;48;2;103;83;162m▀[38;2;64;47;107;48;2;61;50;124m▀[38;2;67;58;137;48;2;60;57;138m▀[38;2;97;82;162;48;2;92;83;164m▀[38;2;42;30;60;48;2;81;67;139m▀[38;2;26;15;19;48;2;63;43;70m▀[38;2;60;49;63;48;2;74;58;104m▀[38;2;11;4;13;48;2;39;36;92m▀[38;2;72;60;93;48;2;75;52;69m▀[38;2;80;61;67;48;2;56;34;34m▀[38;2;63;36;37;48;2;25;15;17m▀[38;2;88;57;49;48;2;77;48;41m▀[38;2;84;51;40;48;2;85;55;44m▀[38;2;34;20;20;48;2;27;17;17m▀[38;2;70;47;58;48;2;95;67;79m▀[38;2;118;80;82;48;2;108;69;67m▀[38;2;73;48;53;48;2;49;33;33m▀[38;2;54;36;42;48;2;94;64;74m▀[38;2;68;45;36;48;2;123;86;95m▀[38;2;41;27;24;48;2;75;49;49m▀[38;2;86;56;44;48;2;77;49;42m▀[38;2;129;86;71;48;2;111;81;81m▀[38;2;100;72;93;48;2;92;67;82m▀[38;2;120;91;123;48;2;62;41;54m▀[38;2;120;84;102;48;2;133;97;123m▀[38;2;44;26;20;48;2;59;38;43m▀[38;2;12;4;8;48;2;29;15;25m▀[38;2;75;52;74;48;2;112;76;109m▀[38;2;70;43;32;48;2;66;39;29m▀[38;2;8;1;4;48;2;18;8;9m▀[38;2;17;8;8;48;2;21;11;9m▀[38;2;77;48;31;48;2;82;51;28m▀[38;2;41;21;23;48;2;38;20;16m▀[38;2;16;9;13;48;2;16;7;11m▀[0m
