[38;2;64;85;76;48;2;68;89;79m▀[38;2;72;89;79;48;2;76;93;83m▀[38;2;80;100;90;48;2;79;98;86m▀[38;2;71;90;80;48;2;84;101;92m▀[38;2;73;89;77;48;2;85;100;88m▀[38;2;73;93;82;48;2;91;105;93m▀[38;2;80;95;85;48;2;81;100;89m▀[38;2;79;95;82;48;2;81;95;81m▀[38;2;70;87;77;48;2;88;100;92m▀[38;2;78;91;83;48;2;78;93;81m▀[38;2;85;95;88;48;2;72;85;75m▀[38;2;98;114;105;48;2;80;93;82m▀[38;2;96;115;106;48;2;86;97;89m▀[38;2;101;119;110;48;2;88;102;93m▀[38;2;87;109;95;48;2;90;107;98m▀[38;2;88;109;96;48;2;86;104;92m▀[38;2;90;112;102;48;2;87;104;93m▀[38;2;107;141;134;48;2;96;118;108m▀[38;2;125;161;161;48;2;115;139;138m▀[38;2;139;169;181;48;2;139;163;169m▀[38;2;145;171;184;48;2;150;178;187m▀[38;2;148;176;187;48;2;145;170;182m▀[38;2;159;181;197;48;2;143;167;173m▀[38;2;158;181;197;48;2;137;161;164m▀[38;2;148;173;183;48;2;136;160;162m▀[38;2;130;162;163;48;2;125;155;155m▀[38;2;124;150;148;48;2;121;154;147m▀[38;2;117;141;138;48;2;123;155;153m▀[38;2;146;167;173;48;2;123;157;157m▀[38;2;153;175;184;48;2;134;165;165m▀[38;2;159;176;187;48;2;145;172;180m▀[38;2;158;173;188;48;2;144;167;177m▀[38;2;149;168;179;48;2;130;158;159m▀[38;2;142;160;166;48;2;116;145;137m▀[38;2;134;158;159;48;2;120;146;142m▀[38;2;128;156;159;48;2;134;160;160m▀[38;2;124;148;148;48;2;145;170;178m▀[38;2;116;144;139;48;2;148;175;187m▀[38;2;112;136;129;48;2;151;176;191m▀[38;2;109;130;125;48;2;152;174;187m▀[38;2;107;126;121;48;2;147;170;182m▀[38;2;102;120;113;48;2;140;166;177m▀[38;2;101;117;108;48;2;132;164;168m▀[38;2;102;125;118;48;2;136;162;176m▀[38;2;104;125;122;48;2;133;160;168m▀[38;2;96;117;110;48;2;119;153;152m▀[38;2;96;112;106;48;2;115;137;134m▀[38;2;92;113;104;48;2;108;129;127m▀[38;2;100;126;119;48;2;109;139;138m▀[38;2;112;134;137;48;2;121;146;153m▀[38;2;109;140;143;48;2;122;147;155m▀[38;2;108;138;138;48;2;115;137;145m▀[38;2;104;133;133;48;2;102;136;137m▀[38;2;100;129;124;48;2;101;126;122m▀[38;2;94;128;128;48;2;95;120;116m▀[38;2;93;124;122;48;2;96;121;117m▀[38;2;96;118;113;48;2;93;111;107m▀[38;2;91;109;102;48;2;90;102;98m▀[0m
[38;2;75;101;90;48;2;91;133;122m▀[38;2;77;99;86;48;2;86;116;104m▀[38;2;88;106;95;48;2;89;116;106m▀[38;2;83;101;92;48;2;91;111;100m▀[38;2;91;107;99;48;2;85;108;96m▀[38;2;93;112;101;48;2;99;125;114m▀[38;2;97;122;110;48;2;100;126;113m▀[38;2;90;108;98;48;2;99;119;108m▀[38;2;93;110;102;48;2;97;121;110m▀[38;2;88;105;94;48;2;98;120;108m▀[38;2;87;106;91;48;2;102;131;119m▀[38;2;89;107;95;48;2;91;116;103m▀[38;2;92;103;93;48;2;93;111;99m▀[38;2;83;100;92;48;2;91;112;100m▀[38;2;84;101;92;48;2;90;113;101m▀[38;2;83;97;86;48;2;93;113;101m▀[38;2;85;104;93;48;2;96;108;97m▀[38;2;97;115;106;48;2;94;108;99m▀[38;2;98;122;110;48;2;94;109;97m▀[38;2;109;138;133;48;2;97;116;107m▀[38;2;127;160;156;48;2;109;129;121m▀[38;2;130;164;163;48;2;122;148;144m▀[38;2;128;168;168;48;2;120;155;154m▀[38;2;125;163;160;48;2;123;153;150m▀[38;2;118;156;149;48;2;120;158;154m▀[38;2;108;145;136;48;2;118;154;147m▀[38;2;108;145;135;48;2;118;152;148m▀[38;2;131;165;165;48;2;110;148;144m▀[38;2;151;178;186;48;2;112;154;149m▀[38;2;161;187;196;48;2;128;167;163m▀[38;2;154;178;191;48;2;136;173;174m▀[38;2;163;183;199;48;2;129;159;162m▀[38;2;140;171;180;48;2;155;163;148m▀[38;2;133;163;159;48;2;219;203;165m▀[38;2;122;152;144;48;2;183;176;149m▀[38;2;107;136;130;48;2;134;167;171m▀[38;2;116;145;139;48;2;141;174;181m▀[38;2;132;154;157;48;2;141;170;177m▀[38;2;126;154;160;48;2;138;171;177m▀[38;2;124;147;150;48;2;139;173;179m▀[38;2;123;149;149;48;2;135;166;162m▀[38;2;111;141;139;48;2;119;152;145m▀[38;2;113;138;136;48;2;101;130;122m▀[38;2;119;141;140;48;2;114;141;133m▀[38;2;107;138;140;48;2;123;145;145m▀[38;2;110;145;145;48;2;123;147;149m▀[38;2;107;138;138;48;2;114;147;143m▀[38;2;109;134;131;48;2;114;143;140m▀[38;2;104;133;128;48;2;109;138;135m▀[38;2;106;135;131;48;2;108;130;127m▀[38;2;109;132;129;48;2;104;124;122m▀[38;2;104;131;126;48;2;100;118;112m▀[38;2;101;122;119;48;2;96;109;104m▀[38;2;89;106;99;48;2;84;97;86m▀[38;2;85;96;88;48;2;77;90;82m▀[38;2;88;104;96;48;2;79;90;85m▀[38;2;92;107;101;48;2;81;93;85m▀[38;2;95;111;106;48;2;79;92;84m▀[0m
[38;2;114;151;145;48;2;103;144;134m▀[38;2;97;130;124;48;2;108;145;137m▀[38;2;111;145;136;48;2;106;134;125m▀[38;2;105;135;126;48;2;137;168;168m▀[38;2;112;141;133;48;2;135;161;163m▀[38;2;98;127;116;48;2;119;153;148m▀[38;2;104;136;123;48;2;135;164;159m▀[38;2;100;125;111;48;2;121;151;143m▀[38;2;97;122;107;48;2;109;141;129m▀[38;2;103;130;113;48;2;107;134;123m▀[38;2;114;142;130;48;2;114;143;134m▀[38;2;105;132;120;48;2;105;129;117m▀[38;2;103;121;109;48;2;104;128;110m▀[38;2;97;119;109;48;2;106;122;110m▀[38;2;100;118;110;48;2;101;123;107m▀[38;2;102;130;115;48;2;101;126;113m▀[38;2;95;114;101;48;2;107;126;116m▀[38;2;97;118;103;48;2;102;121;111m▀[38;2;97;119;103;48;2;106;129;117m▀[38;2;103;121;109;48;2;102;122;112m▀[38;2;89;109;98;48;2;106;128;116m▀[38;2;95;107;98;48;2;97;115;102m▀[38;2;89;109;98;48;2;91;111;102m▀[38;2;95;119;106;48;2;90;114;101m▀[38;2;101;126;116;48;2;90;105;93m▀[38;2;114;143;131;48;2;90;107;98m▀[38;2;127;153;149;48;2;97;121;112m▀[38;2;123;158;155;48;2;108;140;130m▀[38;2;130;158;157;48;2;116;149;140m▀[38;2;129;155;155;48;2;113;143;134m▀[38;2;130;155;158;48;2;108;132;122m▀[38;2;129;160;160;48;2;108;130;123m▀[38;2;122;161;160;48;2;117;151;145m▀[38;2;125;164;159;48;2;124;159;150m▀[38;2;137;176;179;48;2;125;157;154m▀[38;2;140;177;184;48;2;116;143;139m▀[38;2;140;173;178;48;2;115;138;138m▀[38;2;122;162;158;48;2;112;138;133m▀[38;2;109;139;130;48;2;114;137;130m▀[38;2;110;135;125;48;2;107;129;122m▀[38;2;126;149;146;48;2;110;132;128m▀[38;2;127;156;155;48;2;115;141;135m▀[38;2;123;145;142;48;2;103;129;122m▀[38;2;115;146;142;48;2;96;118;112m▀[38;2;120;150;150;48;2;101;119;116m▀[38;2;112;149;142;48;2;107;125;120m▀[38;2;107;140;134;48;2;107;126;119m▀[38;2;106;125;120;48;2;101;123;116m▀[38;2;88;108;97;48;2;96;115;105m▀[38;2;87;107;96;48;2;95;112;101m▀[38;2;93;111;99;48;2;100;111;95m▀[38;2;97;117;110;48;2;97;99;81m▀[38;2;96;117;111;48;2;98;94;79m▀[38;2;97;109;102;48;2;70;81;70m▀[38;2;87;98;88;48;2;58;75;61m▀[38;2;78;88;82;48;2;63;79;69m▀[38;2;70;84;74;48;2;72;85;75m▀[38;2;61;73;61;48;2;71;84;74m▀[0m
[38;2;123;160;160;48;2;100;140;130m▀[38;2;116;153;151;48;2;102;139;133m▀[38;2;125;156;158;48;2;127;157;155m▀[38;2;155;178;186;48;2;146;171;171m▀[38;2;147;167;172;48;2;132;157;155m▀[38;2;144;167;170;48;2;144;169;170m▀[38;2;146;174;174;48;2;152;176;182m▀[38;2;132;164;159;48;2;149;173;172m▀[38;2;123;160;156;48;2;148;175;173m▀[38;2;118;152;142;48;2;125;159;154m▀[38;2;127;161;153;48;2;131;170;163m▀[38;2;121;152;143;48;2;132;165;156m▀[38;2;117;140;127;48;2;122;151;141m▀[38;2;118;141;125;48;2;126;149;135m▀[38;2;131;160;148;48;2;147;173;166m▀[38;2;123;152;140;48;2;139;171;161m▀[38;2;117;144;132;48;2;132;163;154m▀[38;2;106;130;117;48;2;121;148;133m▀[38;2;113;139;123;48;2;117;154;140m▀[38;2;113;139;126;48;2;120;149;137m▀[38;2;113;139;126;48;2;114;150;136m▀[38;2;104;133;120;48;2;105;135;121m▀[38;2;102;121;108;48;2;102;126;112m▀[38;2;97;110;101;48;2;101;121;108m▀[38;2;93;108;99;48;2;98;114;101m▀[38;2;91;106;94;48;2;93;112;99m▀[38;2;86;102;89;48;2;87;103;90m▀[38;2;83;98;87;48;2;89;106;93m▀[38;2;75;93;81;48;2;89;106;93m▀[38;2;84;96;84;48;2;84;99;88m▀[38;2;93;108;99;48;2;71;91;77m▀[38;2;108;124;118;48;2;75;94;82m▀[38;2;111;128;117;48;2;75;94;82m▀[38;2;107;127;117;48;2;86;102;90m▀[38;2;101;125;111;48;2;89;105;93m▀[38;2;106;127;117;48;2;101;110;101m▀[38;2;104;125;114;48;2;101;112;104m▀[38;2;104;123;107;48;2;98;111;101m▀[38;2;104;122;113;48;2;93;108;98m▀[38;2;109;131;121;48;2;88;103;88m▀[38;2;105;125;117;48;2;144;132;105m▀[38;2;98;117;104;48;2;141;134;106m▀[38;2;104;122;114;48;2;94;113;100m▀[38;2;105;128;121;48;2;90;108;99m▀[38;2;107;126;118;48;2;94;109;97m▀[38;2;102;121;111;48;2;94;106;97m▀[38;2;101;119;107;48;2;87;103;94m▀[38;2;95;110;101;48;2;92;105;96m▀[38;2;82;97;85;48;2;86;101;93m▀[38;2;74;88;77;48;2;80;94;83m▀[38;2;93;98;82;48;2;76;90;80m▀[38;2;109;109;89;48;2;81;95;84m▀[38;2;100;100;81;48;2;78;87;78m▀[38;2;76;90;79;48;2;63;81;68m▀[38;2;75;88;78;48;2;57;75;61m▀[38;2;71;84;74;48;2;56;74;60m▀[38;2;58;74;61;48;2;41;66;54m▀[38;2;35;59;41;48;2;42;59;42m▀[0m
[38;2;134;165;161;48;2;140;165;163m▀[38;2;133;160;155;48;2;146;170;167m▀[38;2;143;167;166;48;2;131;159;160m▀[38;2;138;167;164;48;2;145;176;177m▀[38;2;137;162;161;48;2;157;178;183m▀[38;2;136;160;160;48;2;160;182;189m▀[38;2;143;165;165;48;2;162;182;189m▀[38;2;137;162;164;48;2;163;179;181m▀[38;2;130;155;155;48;2;144;173;177m▀[38;2;126;161;158;48;2;156;182;185m▀[38;2;134;167;164;48;2;148;174;174m▀[38;2;139;163;158;48;2;152;175;178m▀[38;2;128;152;145;48;2;140;161;159m▀[38;2;130;150;139;48;2;126;152;143m▀[38;2;156;175;168;48;2;135;157;144m▀[38;2;145;171;165;48;2;136;163;154m▀[38;2;130;163;154;48;2;128;154;143m▀[38;2;124;152;139;48;2;123;150;142m▀[38;2;131;163;156;48;2;140;172;166m▀[38;2;133;166;158;48;2;149;176;173m▀[38;2;130;164;153;48;2;139;173;166m▀[38;2;116;145;132;48;2;131;163;153m▀[38;2;111;144;130;48;2;129;166;155m▀[38;2;108;132;118;48;2;119;146;136m▀[38;2;101;118;104;48;2;122;143;132m▀[38;2;92;113;100;48;2;109;133;123m▀[38;2;94;113;104;48;2;109;133;123m▀[38;2;93;108;96;48;2;101;124;110m▀[38;2;93;109;96;48;2;104;115;107m▀[38;2;87;104;91;48;2;122;141;128m▀[38;2;87;104;91;48;2;95;116;105m▀[38;2;87;104;91;48;2;91;107;95m▀[38;2;88;99;88;48;2;91;107;95m▀[38;2;77;92;77;48;2;95;107;95m▀[38;2;70;86;70;48;2;70;87;70m▀[38;2;72;92;77;48;2;63;78;63m▀[38;2;71;91;77;48;2;49;76;58m▀[38;2;86;102;90;48;2;50;71;50m▀[38;2;94;109;99;48;2;62;77;62m▀[38;2;91;106;94;48;2;61;81;67m▀[38;2;80;96;83;48;2;61;80;66m▀[38;2;82;97;82;48;2;64;85;69m▀[38;2;92;107;97;48;2;68;87;71m▀[38;2;90;104;98;48;2;70;89;76m▀[38;2;89;104;92;48;2;105;108;84m▀[38;2;87;98;90;48;2;74;88;69m▀[38;2;83;93;83;48;2;65;88;69m▀[38;2;77;89;77;48;2;68;87;74m▀[38;2;79;91;79;48;2;68;86;73m▀[38;2;75;90;79;48;2;64;83;68m▀[38;2;70;84;70;48;2;60;80;65m▀[38;2;79;82;64;48;2;88;90;73m▀[38;2;68;72;59;48;2;94;89;72m▀[38;2;52;63;44;48;2;41;56;34m▀[38;2;37;63;44;48;2;38;64;44m▀[38;2;43;66;50;48;2;38;59;45m▀[38;2;30;62;44;48;2;26;49;35m▀[38;2;37;58;37;48;2;26;48;35m▀[0m
[38;2;151;176;177;48;2;152;172;173m▀[38;2;144;169;165;48;2;152;173;174m▀[38;2;119;150;148;48;2;122;154;149m▀[38;2;146;179;183;48;2;133;168;166m▀[38;2;155;179;184;48;2;148;176;181m▀[38;2;150;170;170;48;2;155;176;180m▀[38;2;157;179;183;48;2;151;178;181m▀[38;2;167;187;192;48;2;161;185;190m▀[38;2;160;183;192;48;2;158;186;192m▀[38;2;175;194;205;48;2;175;195;206m▀[38;2;170;189;194;48;2;184;198;207m▀[38;2;176;192;201;48;2;180;196;209m▀[38;2;170;187;193;48;2;181;197;207m▀[38;2;147;172;171;48;2;154;179;183m▀[38;2;158;178;174;48;2;157;183;183m▀[38;2;141;173;167;48;2;144;177;170m▀[38;2;141;169;164;48;2;144;174;167m▀[38;2;147;175;171;48;2;156;183;185m▀[38;2;150;179;177;48;2;173;195;204m▀[38;2;159;177;179;48;2;167;190;193m▀[38;2;146;171;167;48;2;156;184;184m▀[38;2;129;159;150;48;2;144;177;172m▀[38;2;127;161;150;48;2;132;165;159m▀[38;2;123;157;144;48;2;133;171;159m▀[38;2;122;142;133;48;2;130;162;156m▀[38;2;124;149;142;48;2;131;159;152m▀[38;2;116;136;130;48;2;125;154;147m▀[38;2;116;136;126;48;2;120;147;133m▀[38;2;107;125;114;48;2;118;135;127m▀[38;2;134;149;139;48;2;104;121;110m▀[38;2;96;115;101;48;2;102;116;106m▀[38;2;104;116;107;48;2;107;121;109m▀[38;2;108;122;112;48;2;107;120;109m▀[38;2;96;112;102;48;2;102;115;106m▀[38;2;77;96;84;48;2;97;112;103m▀[38;2;71;87;71;48;2;90;100;90m▀[38;2;67;82;67;48;2;87;99;87m▀[38;2;49;76;58;48;2;57;79;64m▀[38;2;43;72;50;48;2;51;72;51m▀[38;2;62;78;62;48;2;66;87;70m▀[38;2;62;77;62;48;2;73;89;73m▀[38;2;56;77;63;48;2;73;89;73m▀[38;2;48;75;57;48;2;61;81;67m▀[38;2;57;73;57;48;2;65;81;65m▀[38;2;48;74;48;48;2;61;76;61m▀[38;2;55;75;61;48;2;65;80;65m▀[38;2;56;72;56;48;2;64;79;64m▀[38;2;55;72;55;48;2;64;78;64m▀[38;2;47;67;47;48;2;63;78;63m▀[38;2;48;63;48;48;2;54;74;60m▀[38;2;40;67;47;48;2;68;86;73m▀[38;2;40;63;40;48;2;62;76;62m▀[38;2;40;62;40;48;2;61;75;61m▀[38;2;34;57;34;48;2;46;65;46m▀[38;2;35;50;35;48;2;28;45;45m▀[38;2;29;38;38;48;2;37;44;44m▀[38;2;31;31;31;48;2;18;39;39m▀[38;2;22;22;33;48;2;16;44;28m▀[0m
[38;2;97;105;85;48;2;58;76;62m▀[38;2;114;111;89;48;2;63;88;68m▀[38;2;125;120;84;48;2;69;88;69m▀[38;2;148;133;103;48;2;82;99;82m▀[38;2;168;143;100;48;2;102;108;85m▀[38;2;162;155;121;48;2;169;136;86m▀[38;2;136;163;151;48;2;229;171;118m▀[38;2;135;161;157;48;2;203;171;138m▀[38;2;150;173;173;48;2;183;188;186m▀[38;2;154;180;180;48;2;180;197;209m▀[38;2;155;178;177;48;2;175;193;204m▀[38;2;163;181;185;48;2;176;195;202m▀[38;2;162;179;180;48;2;180;199;207m▀[38;2;139;166;162;48;2;162;190;190m▀[38;2;141;172;169;48;2;153;186;183m▀[38;2;141;168;166;48;2;147;179;173m▀[38;2;140;172;169;48;2;146;176;167m▀[38;2;159;183;184;48;2;153;177;177m▀[38;2;162;188;191;48;2;149;180;179m▀[38;2;168;193;193;48;2;149;181;180m▀[38;2;160;187;193;48;2;138;156;150m▀[38;2;146;174;172;48;2;110;130;120m▀[38;2;139;169;163;48;2;102;118;108m▀[38;2;134;167;155;48;2;106;117;111m▀[38;2;137;162;154;48;2;110;124;114m▀[38;2;130;159;148;48;2;112;129;115m▀[38;2;129;153;146;48;2;114;131;121m▀[38;2;123;151;134;48;2;112;129;119m▀[38;2;122;144;133;48;2;113;133;120m▀[38;2;117;138;127;48;2;112;129;115m▀[38;2;115;136;125;48;2;113;135;124m▀[38;2;116;132;123;48;2;106;127;109m▀[38;2;112;126;114;48;2;108;122;105m▀[38;2;107;121;109;48;2;109;119;96m▀[38;2;95;111;98;48;2;116;120;100m▀[38;2;89;106;93;48;2;121;117;93m▀[38;2;74;91;74;48;2;108;108;84m▀[38;2;71;88;71;48;2;79;94;74m▀[38;2;59;76;59;48;2;59;76;49m▀[38;2;71;87;71;48;2;74;91;70m▀[38;2;74;90;74;48;2;74;90;70m▀[38;2;50;71;50;48;2;44;69;44m▀[38;2;20;45;20;48;2;23;37;23m▀[38;2;26;26;26;48;2;0;0;0m▀[38;2;0;29;0;48;2;0;0;0m▀▀[38;2;26;26;26;48;2;0;0;0m▀[38;2;0;28;0;48;2;0;0;0m▀▀[38;2;0;27;27;48;2;0;0;0m▀[38;2;34;34;34;48;2;0;0;0m▀[38;2;37;52;37;48;2;0;0;0m▀[38;2;46;66;46;48;2;19;42;19m▀[38;2;39;66;46;48;2;58;72;63m▀[38;2;32;62;47;48;2;59;82;68m▀[38;2;27;51;36;48;2;64;73;64m▀[38;2;33;55;40;48;2;106;123;111m▀[38;2;33;56;33;48;2;83;100;91m▀[0m
[38;2;21;33;21;48;2;18;40;30m▀[38;2;27;51;36;48;2;17;46;38m▀[38;2;33;62;33;48;2;27;52;27m▀[38;2;45;70;53;48;2;40;63;40m▀[38;2;64;83;68;48;2;46;71;54m▀[38;2;85;100;85;48;2;62;81;66m▀[38;2;129;124;99;48;2;85;103;89m▀[38;2;224;165;114;48;2;132;135;115m▀[38;2;203;152;103;48;2;190;159;122m▀[38;2;181;172;158;48;2;162;141;111m▀[38;2;165;179;179;48;2;160;158;145m▀[38;2;169;189;191;48;2;176;187;187m▀[38;2;167;190;194;48;2;169;191;197m▀[38;2;159;189;195;48;2;181;203;210m▀[38;2;158;189;191;48;2;173;193;200m▀[38;2;156;188;182;48;2;162;185;182m▀[38;2;164;186;184;48;2;154;187;184m▀[38;2;164;189;186;48;2;159;180;181m▀[38;2;157;179;176;48;2;132;150;143m▀[38;2;126;145;136;48;2;93;109;97m▀[38;2;90;106;94;48;2;88;101;88m▀[38;2;78;98;85;48;2;75;92;75m▀[38;2;79;95;79;48;2;76;92;76m▀[38;2;79;95;79;48;2;80;96;80m▀[38;2;91;102;91;48;2;85;102;89m▀[38;2;94;107;94;48;2;89;102;89m▀[38;2;92;103;92;48;2;86;99;86m▀[38;2;95;108;95;48;2;86;99;86m▀[38;2;97;113;100;48;2;76;93;76m▀[38;2;107;118;110;48;2;64;85;70m▀[38;2;113;127;115;48;2;79;99;86m▀[38;2;79;99;79;48;2;113;130;120m▀[38;2;68;73;51;48;2;64;85;70m▀[38;2;53;70;53;48;2;39;65;47m▀[38;2;69;69;52;48;2;41;58;49m▀[38;2;72;72;42;48;2;47;65;47m▀[38;2;82;89;55;48;2;31;59;31m▀[38;2;99;101;76;48;2;45;45;34m▀[38;2;87;100;71;48;2;45;70;45m▀[38;2;44;70;44;48;2;75;91;71m▀[38;2;61;67;51;48;2;23;37;37m▀[38;2;51;72;51;48;2;27;27;27m▀[38;2;30;57;30;48;2;21;46;21m▀[38;2;42;49;31;48;2;21;45;34m▀[38;2;101;87;77;48;2;26;26;0m▀[38;2;73;73;63;48;2;36;36;36m▀[38;2;38;25;25;48;2;26;26;0m▀[38;2;0;0;0;48;2;0;0;0m▀[38;2;0;0;0;48;2;26;26;26m▀[38;2;0;0;0;48;2;0;0;0m▀▀▀[38;2;25;25;25;48;2;43;33;20m▀[38;2;0;0;0;48;2;127;122;117m▀[38;2;0;0;0;48;2;87;87;87m▀[38;2;46;39;29;48;2;19;41;19m▀[38;2;88;84;54;48;2;36;50;36m▀[38;2;18;40;18;48;2;56;69;56m▀[0m
[38;2;18;40;40;48;2;27;51;27m▀[38;2;25;58;42;48;2;26;58;35m▀[38;2;33;63;41;48;2;39;66;46m▀[38;2;40;63;40;48;2;39;67;47m▀[38;2;46;71;54;48;2;53;73;60m▀[38;2;46;72;55;48;2;54;74;60m▀[38;2;66;85;70;48;2;54;74;61m▀[38;2;90;106;92;48;2;67;86;71m▀[38;2;151;153;144;48;2;118;136;126m▀[38;2;155;159;142;48;2;169;179;171m▀[38;2;133;141;120;48;2;123;144;126m▀[38;2;155;158;147;48;2;142;153;135m▀[38;2;148;173;166;48;2;154;166;159m▀[38;2;155;182;177;48;2;177;199;197m▀[38;2;149;172;168;48;2;167;186;191m▀[38;2;140;170;163;48;2;165;189;192m▀[38;2;144;178;173;48;2;175;195;195m▀[38;2;145;170;164;48;2;141;162;158m▀[38;2;106;123;109;48;2;107;123;113m▀[38;2;105;121;108;48;2;90;107;94m▀[38;2;91;102;91;48;2;98;114;98m▀[38;2;88;101;88;48;2;103;119;103m▀[38;2;76;93;76;48;2;98;111;98m▀[38;2;76;93;76;48;2;91;108;95m▀[38;2;88;104;92;48;2;100;113;100m▀[38;2;84;104;89;48;2;98;111;98m▀[38;2;91;108;95;48;2;75;96;81m▀[38;2;88;104;92;48;2;99;115;105m▀[38;2;76;93;76;48;2;92;103;92m▀[38;2;68;90;73;48;2;80;96;80m▀[38;2;65;81;65;48;2;80;96;80m▀[38;2;84;104;89;48;2;86;99;86m▀[38;2;108;134;122;48;2;124;144;133m▀[38;2;80;96;80;48;2;98;118;108m▀[38;2;68;90;73;48;2;88;104;92m▀[38;2;69;85;69;48;2;77;90;77m▀[38;2;60;78;60;48;2;80;96;75m▀[38;2;45;71;45;48;2;76;92;76m▀[38;2;31;59;31;48;2;65;80;65m▀[38;2;72;89;72;48;2;52;73;52m▀[38;2;43;74;43;48;2;68;84;68m▀[38;2;42;50;42;48;2;39;64;46m▀[38;2;0;39;39;48;2;19;52;43m▀[38;2;51;72;51;48;2;44;69;44m▀[38;2;21;45;34;48;2;33;44;33m▀[38;2;22;36;36;48;2;21;45;21m▀[38;2;26;26;26;48;2;49;49;40m▀[38;2;0;0;0;48;2;0;0;0m▀[38;2;26;26;26;48;2;0;0;0m▀[38;2;0;0;0;48;2;0;0;0m▀▀[38;2;0;0;34;48;2;0;0;0m▀[38;2;41;41;31;48;2;48;67;48m▀[38;2;109;119;119;48;2;68;87;79m▀[38;2;115;120;120;48;2;42;58;49m▀[38;2;28;52;28;48;2;17;47;29m▀[38;2;34;58;34;48;2;34;57;41m▀[38;2;27;51;36;48;2;36;50;42m▀[0m
[38;2;52;67;52;48;2;32;61;40m▀[38;2;34;58;34;48;2;45;69;53m▀[38;2;33;63;41;48;2;33;63;41m▀[38;2;40;67;47;48;2;40;67;47m▀[38;2;62;81;66;48;2;53;73;60m▀[38;2;78;93;81;48;2;86;101;89m▀[38;2;59;78;65;48;2;59;78;65m▀[38;2;67;86;71;48;2;67;86;71m▀[38;2;87;108;98;48;2;73;96;84m▀[38;2;165;178;174;48;2;138;155;151m▀[38;2;151;166;160;48;2;180;192;192m▀[38;2;131;146;136;48;2;120;141;131m▀[38;2;150;157;153;48;2;145;164;152m▀[38;2;159;184;181;48;2;144;163;154m▀[38;2;192;207;215;48;2;160;180;177m▀[38;2;181;196;205;48;2;152;172;170m▀[38;2;170;190;187;48;2;152;171;166m▀[38;2;140;158;155;48;2;104;128;111m▀[38;2;90;107;98;48;2;71;92;75m▀[38;2;93;110;97;48;2;93;110;93m▀[38;2;117;133;124;48;2;123;137;128m▀[38;2;118;133;118;48;2;99;115;105m▀[38;2;109;123;111;48;2;91;108;95m▀[38;2;107;119;110;48;2;92;103;92m▀[38;2;107;119;110;48;2;94;111;98m▀▀[38;2;109;119;109;48;2;94;111;98m▀[38;2;104;118;108;48;2;99;115;105m▀[38;2;104;114;104;48;2;104;118;108m▀[38;2;97;113;100;48;2;107;119;110m▀[38;2;98;111;98;48;2;111;122;111m▀[38;2;95;108;95;48;2;104;114;104m▀[38;2;127;144;135;48;2;127;144;133m▀[38;2;111;125;115;48;2;106;123;112m▀[38;2;93;104;77;48;2;95;108;87m▀[38;2;99;108;82;48;2;95;108;87m▀[38;2;102;107;82;48;2;109;112;88m▀[38;2;99;102;83;48;2;110;113;92m▀[38;2;85;98;74;48;2;98;106;85m▀[38;2;68;84;68;48;2;98;107;81m▀[38;2;68;84;68;48;2;59;77;50m▀[38;2;39;65;39;48;2;44;70;44m▀[38;2;31;58;31;48;2;38;65;38m▀[38;2;38;64;38;48;2;51;72;51m▀[38;2;32;51;19;48;2;38;64;38m▀[38;2;31;50;31;48;2;42;49;42m▀[38;2;70;70;40;48;2;23;37;23m▀[38;2;26;26;0;48;2;0;29;0m▀[38;2;0;0;0;48;2;0;0;0m▀▀▀▀[38;2;67;82;67;48;2;105;118;111m▀[38;2;103;112;103;48;2;149;160;156m▀[38;2;88;103;88;48;2;150;160;157m▀[38;2;40;63;40;48;2;46;66;46m▀[38;2;40;62;40;48;2;47;61;40m▀[38;2;18;40;30;48;2;30;40;18m▀[0m
[38;2;32;61;40;48;2;0;42;21m▀[38;2;40;62;40;48;2;26;58;35m▀[38;2;35;59;35;48;2;33;63;41m▀[38;2;46;71;54;48;2;53;72;59m▀[38;2;53;73;60;48;2;58;77;63m▀[38;2;62;82;67;48;2;54;74;60m▀[38;2;59;78;65;48;2;59;78;65m▀[38;2;67;86;71;48;2;67;86;71m▀[38;2;74;93;81;48;2;80;95;83m▀[38;2;119;139;132;48;2;106;126;115m▀[38;2;203;210;213;48;2;212;220;223m▀[38;2;124;145;135;48;2;136;156;150m▀[38;2;143;162;156;48;2;143;164;155m▀[38;2;139;158;152;48;2;140;163;154m▀[38;2;164;183;178;48;2;154;176;169m▀[38;2;158;182;182;48;2;160;184;184m▀[38;2;164;187;187;48;2;130;154;154m▀[38;2;73;98;86;48;2;71;92;75m▀[38;2;72;89;72;48;2;67;89;72m▀[38;2;90;107;94;48;2;102;119;106m▀[38;2;112;129;112;48;2;105;122;105m▀[38;2;91;108;95;48;2;92;103;88m▀[38;2;89;102;89;48;2;72;93;76m▀[38;2;87;95;87;48;2;68;90;73m▀[38;2;80;96;80;48;2;72;93;76m▀[38;2;75;96;81;48;2;80;96;80m▀[38;2;75;96;81;48;2;79;99;86m▀[38;2;85;102;89;48;2;86;99;86m▀[38;2;85;102;89;48;2;85;102;89m▀[38;2;88;104;92;48;2;95;108;95m▀[38;2;89;102;85;48;2;92;103;92m▀[38;2;94;111;98;48;2;132;146;137m▀[38;2;128;142;133;48;2;121;133;125m▀[38;2;94;111;98;48;2;104;114;104m▀[38;2;76;93;66;48;2;117;124;107m▀[38;2;76;93;66;48;2;112;119;97m▀[38;2;90;98;79;48;2;114;114;92m▀[38;2;100;102;88;48;2;93;101;72m▀[38;2;98;107;81;48;2;111;111;79m▀[38;2;126;110;78;48;2;121;105;63m▀[38;2;79;95;79;48;2;78;98;85m▀[38;2;68;84;68;48;2;59;77;59m▀[38;2;31;58;31;48;2;40;57;40m▀[38;2;38;64;38;48;2;32;51;19m▀[38;2;21;45;34;48;2;36;36;23m▀[38;2;36;36;22;48;2;95;80;53m▀[38;2;20;45;20;48;2;71;66;34m▀[38;2;0;29;0;48;2;41;49;31m▀[38;2;0;0;0;48;2;20;45;20m▀[38;2;0;0;0;48;2;0;28;0m▀[38;2;0;0;0;48;2;25;25;25m▀▀[38;2;109;107;79;48;2;68;63;39m▀[38;2;125;122;93;48;2;96;86;46m▀[38;2;113;115;94;48;2;101;92;49m▀[38;2;28;52;28;48;2;36;51;36m▀[38;2;30;40;30;48;2;30;40;40m▀[38;2;34;57;34;48;2;62;67;42m▀[0m
[38;2;0;35;35;48;2;17;46;17m▀[38;2;17;46;29;48;2;34;58;34m▀[38;2;26;58;36;48;2;33;63;41m▀[38;2;33;63;41;48;2;39;67;46m▀[38;2;40;68;47;48;2;46;71;54m▀[38;2;40;68;48;48;2;54;74;60m▀[38;2;54;74;61;48;2;63;78;63m▀[38;2;70;89;75;48;2;73;92;80m▀[38;2;82;97;86;48;2;88;103;91m▀[38;2;98;120;107;48;2;103;120;110m▀[38;2;216;223;226;48;2;220;225;233m▀[38;2;141;157;157;48;2;140;161;155m▀[38;2;147;168;160;48;2;147;164;158m▀[38;2;144;163;153;48;2;148;165;156m▀[38;2;137;160;154;48;2;131;154;144m▀[38;2;138;158;154;48;2;71;88;71m▀[38;2;78;97;84;48;2;44;70;44m▀[38;2;50;78;59;48;2;41;57;41m▀[38;2;67;89;72;48;2;45;70;45m▀[38;2;111;131;118;48;2;75;92;75m▀[38;2;96;114;96;48;2;72;89;72m▀[38;2;89;102;89;48;2;69;85;69m▀[38;2;73;90;73;48;2;68;90;73m▀[38;2;68;90;73;48;2;80;96;80m▀[38;2;75;96;81;48;2;89;102;89m▀[38;2;80;96;80;48;2;86;99;86m▀[38;2;79;99;86;48;2;88;104;92m▀[38;2;86;99;86;48;2;89;102;89m▀[38;2;79;99;86;48;2;88;104;92m▀[38;2;85;102;89;48;2;88;104;92m▀[38;2;78;102;90;48;2;91;108;95m▀[38;2;133;150;139;48;2;135;143;135m▀[38;2;107;119;110;48;2;100;113;100m▀[38;2;108;125;115;48;2;119;131;122m▀[38;2;137;153;146;48;2;132;151;140m▀[38;2;139;160;152;48;2;133;147;138m▀[38;2;117;133;120;48;2;115;129;119m▀[38;2;81;95;71;48;2;75;92;66m▀[38;2;136;115;76;48;2;101;107;74m▀[38;2;75;79;48;48;2;64;80;64m▀[38;2;71;92;71;48;2;59;77;59m▀[38;2;39;65;39;48;2;31;58;41m▀[38;2;36;36;36;48;2;46;63;38m▀[38;2;42;50;31;48;2;127;113;68m▀[38;2;139;112;68;48;2;177;142;86m▀[38;2;182;142;62;48;2;101;94;65m▀[38;2;193;146;47;48;2;112;97;67m▀[38;2;190;141;48;48;2;125;105;68m▀[38;2;171;125;44;48;2;149;110;64m▀[38;2;141;103;40;48;2;172;126;57m▀[38;2;107;84;39;48;2;190;136;52m▀[38;2;70;58;34;48;2;202;145;57m▀[38;2;45;53;15;48;2;200;144;46m▀[38;2;37;52;27;48;2;194;140;39m▀[38;2;31;41;19;48;2;183;127;32m▀[38;2;24;24;24;48;2;136;102;36m▀[38;2;24;24;24;48;2;50;50;25m▀[38;2;24;24;24;48;2;71;63;29m▀[0m
[38;2;17;45;17;48;2;27;44;27m▀[38;2;34;57;34;48;2;27;51;27m▀[38;2;33;62;41;48;2;33;62;40m▀[38;2;26;59;36;48;2;39;66;46m▀[38;2;40;67;47;48;2;53;72;59m▀[38;2;58;77;63;48;2;65;84;69m▀[38;2;73;88;73;48;2;68;87;74m▀[38;2;78;94;82;48;2;73;91;79m▀[38;2;82;97;85;48;2;79;94;82m▀[38;2;105;125;118;48;2;112;128;123m▀[38;2;227;233;239;48;2;229;237;238m▀[38;2;135;155;152;48;2;126;148;145m▀[38;2;142;163;157;48;2;151;166;161m▀[38;2;147;165;160;48;2;145;161;156m▀[38;2;135;155;149;48;2;133;153;143m▀[38;2;77;96;84;48;2;89;100;85m▀[38;2;66;88;71;48;2;70;90;70m▀[38;2;67;88;72;48;2;70;91;70m▀[38;2;91;111;98;48;2;117;135;124m▀[38;2;118;134;125;48;2;121;137;127m▀[38;2;75;92;75;48;2;87;102;87m▀[38;2;60;77;60;48;2;79;95;79m▀[38;2;52;74;52;48;2;79;95;79m▀[38;2;45;70;54;48;2;84;101;88m▀[38;2;52;74;52;48;2;91;102;91m▀[38;2;60;78;60;48;2;90;97;90m▀[38;2;90;98;90;48;2;61;74;61m▀[38;2;89;102;89;48;2;92;103;92m▀[38;2;91;108;95;48;2;98;111;98m▀[38;2;95;108;95;48;2;98;111;98m▀[38;2;111;122;111;48;2;88;104;92m▀[38;2;111;125;115;48;2;103;117;107m▀[38;2;91;108;95;48;2;87;107;94m▀[38;2;119;135;126;48;2;122;139;128m▀[38;2;131;151;140;48;2;126;143;132m▀[38;2;129;143;131;48;2;118;130;121m▀[38;2;106;119;106;48;2;96;112;99m▀[38;2;75;92;71;48;2;72;89;72m▀[38;2;59;77;59;48;2;64;80;64m▀[38;2;59;77;59;48;2;65;76;58m▀[38;2;40;57;40;48;2;80;91;60m▀[38;2;110;100;31;48;2;193;172;97m▀[38;2;173;141;87;48;2;185;154;98m▀[38;2;159;143;96;48;2;97;97;74m▀[38;2;90;94;66;48;2;90;94;70m▀[38;2;96;96;69;48;2;89;97;74m▀[38;2;154;126;93;48;2;89;93;75m▀[38;2;106;104;70;48;2;94;97;78m▀[38;2;113;107;81;48;2;89;96;78m▀[38;2;121;110;83;48;2;92;95;77m▀[38;2;116;110;86;48;2;92;94;76m▀[38;2;115;109;85;48;2;97;97;78m▀[38;2;114;108;81;48;2;88;88;66m▀[38;2;102;96;73;48;2;78;86;63m▀[38;2;87;87;56;48;2;68;79;55m▀[38;2;77;82;47;48;2;62;71;43m▀[38;2;50;50;25;48;2;30;40;18m▀[38;2;51;44;15;48;2;23;23;23m▀[0m
[38;2;29;38;38;48;2;18;39;39m▀[38;2;27;51;36;48;2;27;50;27m▀[38;2;25;57;35;48;2;32;61;40m▀[38;2;33;62;41;48;2;45;69;52m▀[38;2;45;70;53;48;2;57;75;62m▀[38;2;61;81;65;48;2;61;80;65m▀[38;2;68;87;73;48;2;65;84;68m▀[38;2;78;93;81;48;2;72;90;78m▀[38;2;78;94;82;48;2;78;93;81m▀[38;2;121;137;134;48;2;148;166;163m▀[38;2;222;230;237;48;2;213;220;229m▀[38;2;123;146;139;48;2;135;158;152m▀[38;2;154;165;163;48;2;145;158;153m▀[38;2;144;153;152;48;2;136;155;148m▀[38;2;137;152;143;48;2;133;153;143m▀[38;2;110;123;106;48;2;119;132;119m▀[38;2;115;127;108;48;2;128;135;125m▀[38;2;122;136;119;48;2;131;142;134m▀[38;2;130;144;128;48;2;139;149;139m▀[38;2;137;149;137;48;2;153;163;156m▀[38;2;137;148;134;48;2;167;174;168m▀[38;2;142;148;138;48;2;184;191;190m▀[38;2;139;147;139;48;2;212;213;218m▀[38;2;131;139;134;48;2;232;230;235m▀[38;2;118;127;121;48;2;249;249;249m▀[38;2;99;111;104;48;2;250;250;250m▀[38;2;93;110;100;48;2;190;195;200m▀[38;2;106;116;109;48;2;107;123;113m▀[38;2;103;113;103;48;2;106;117;109m▀[38;2;98;114;104;48;2;94;107;94m▀[38;2;94;107;94;48;2;103;112;103m▀[38;2;93;110;97;48;2;88;101;88m▀[38;2;99;112;99;48;2;103;112;103m▀[38;2;118;129;121;48;2;105;117;108m▀[38;2;114;128;118;48;2;105;117;108m▀[38;2;107;121;109;48;2;97;113;103m▀[38;2;90;106;93;48;2;77;97;84m▀[38;2;68;83;68;48;2;91;99;91m▀[38;2;77;97;84;48;2;93;100;75m▀[38;2;88;96;77;48;2;209;191;120m▀[38;2;180;169;118;48;2;166;149;104m▀[38;2;162;155;105;48;2;89;97;82m▀[38;2;84;91;71;48;2;82;95;71m▀[38;2;73;89;73;48;2;85;97;81m▀[38;2;127;127;114;48;2;115;117;104m▀[38;2;99;106;88;48;2;87;98;79m▀[38;2;87;98;79;48;2;83;95;73m▀[38;2;83;95;73;48;2;83;95;73m▀[38;2;74;89;70;48;2;79;91;68m▀[38;2;70;86;70;48;2;73;88;69m▀[38;2;67;82;62;48;2;66;82;66m▀[38;2;59;73;59;48;2;59;73;59m▀[38;2;47;66;40;48;2;46;66;46m▀[38;2;41;63;33;48;2;40;63;40m▀[38;2;27;52;27;48;2;27;52;27m▀[38;2;38;44;28;48;2;30;39;39m▀[38;2;23;23;23;48;2;23;23;23m▀[38;2;0;0;0;48;2;0;0;0m▀[0m
[38;2;29;38;29;48;2;26;49;26m▀[38;2;25;56;34;48;2;33;55;33m▀[38;2;38;64;45;48;2;37;64;44m▀[38;2;44;68;52;48;2;51;70;57m▀[38;2;52;71;58;48;2;51;70;57m▀[38;2;57;75;62;48;2;56;75;61m▀[38;2;68;83;68;48;2;67;82;67m▀[38;2;77;92;80;48;2;79;93;82m▀[38;2;83;98;86;48;2;103;122;115m▀[38;2;201;207;214;48;2;230;230;230m▀[38;2;179;189;194;48;2;141;156;148m▀[38;2;144;162;157;48;2;155;165;162m▀[38;2;139;158;152;48;2;139;155;148m▀[38;2;138;151;148;48;2;136;154;149m▀[38;2;138;149;145;48;2;132;147;141m▀[38;2;124;137;121;48;2;130;143;127m▀[38;2;132;145;132;48;2;138;151;138m▀[38;2;142;151;144;48;2;150;160;150m▀[38;2;152;162;155;48;2;161;169;164m▀[38;2;165;173;168;48;2;171;178;171m▀[38;2;175;182;179;48;2;180;186;183m▀[38;2;191;198;199;48;2;193;198;200m▀[38;2;218;218;227;48;2;212;209;219m▀[38;2;240;238;245;48;2;225;219;229m▀[38;2;248;248;248;48;2;231;229;239m▀[38;2;248;248;248;48;2;221;220;229m▀[38;2;180;187;192;48;2;162;172;172m▀[38;2;103;123;113;48;2;105;122;108m▀[38;2;89;106;93;48;2;86;101;86m▀[38;2;84;100;87;48;2;77;97;84m▀[38;2;129;140;135;48;2;104;116;107m▀[38;2;96;109;96;48;2;101;111;101m▀[38;2;98;111;98;48;2;94;110;94m▀[38;2;96;109;96;48;2;89;105;92m▀[38;2;93;106;93;48;2;102;111;93m▀[38;2;89;105;89;48;2;115;128;90m▀[38;2;187;155;66;48;2;195;179;90m▀[38;2;229;189;61;48;2;242;217;126m▀[38;2;212;194;124;48;2;160;150;93m▀[38;2;158;148;98;48;2;100;109;95m▀[38;2;95;103;91;48;2;93;106;90m▀[38;2;84;99;80;48;2;95;107;88m▀[38;2;90;103;87;48;2;99;108;94m▀[38;2;95;107;92;48;2;99;107;90m▀[38;2;92;104;85;48;2;92;104;88m▀[38;2;89;101;81;48;2;88;100;85m▀[38;2;86;97;78;48;2;85;96;78m▀[38;2;82;94;72;48;2;87;99;80m▀[38;2;82;93;72;48;2;84;94;76m▀[38;2;73;87;68;48;2;72;87;72m▀[38;2;67;76;67;48;2;68;83;68m▀[38;2;65;80;61;48;2;67;82;64m▀[38;2;61;75;61;48;2;61;75;61m▀[38;2;46;65;46;48;2;57;70;50m▀[38;2;32;62;40;48;2;52;67;36m▀[38;2;27;51;27;48;2;38;60;38m▀[38;2;20;31;31;48;2;35;49;35m▀[38;2;23;23;23;48;2;29;38;18m▀[0m
[38;2;17;43;17;48;2;16;43;27m▀[38;2;24;55;33;48;2;32;54;32m▀[38;2;43;66;51;48;2;37;62;43m▀[38;2;43;67;51;48;2;43;66;51m▀[38;2;56;70;56;48;2;59;72;59m▀[38;2;56;74;61;48;2;59;77;63m▀[38;2;66;84;71;48;2;65;83;70m▀[38;2;78;92;81;48;2;84;103;97m▀[38;2;141;152;150;48;2;191;199;206m▀[38;2;222;225;228;48;2;176;184;190m▀[38;2;126;140;138;48;2;140;157;153m▀[38;2;160;173;172;48;2;144;161;161m▀[38;2;136;152;146;48;2;135;150;145m▀[38;2;133;152;148;48;2;131;153;147m▀[38;2;127;146;134;48;2;122;141;132m▀[38;2;132;147;135;48;2;134;145;136m▀[38;2;146;156;149;48;2;140;153;148m▀[38;2;159;164;162;48;2;149;162;155m▀[38;2;163;171;170;48;2;160;171;164m▀[38;2;172;180;179;48;2;166;175;173m▀[38;2;179;186;187;48;2;177;184;185m▀[38;2;191;196;201;48;2;186;192;198m▀[38;2;207;202;217;48;2;195;195;208m▀[38;2;212;209;221;48;2;199;196;213m▀[38;2;214;212;224;48;2;195;195;205m▀[38;2;197;197;210;48;2;171;181;188m▀[38;2;147;160;158;48;2;134;155;149m▀[38;2;95;114;101;48;2;100;113;104m▀[38;2;85;101;89;48;2;103;112;103m▀[38;2;104;113;104;48;2;107;120;110m▀[38;2;101;110;101;48;2;105;118;107m▀[38;2;104;113;104;48;2;106;114;103m▀[38;2;106;124;110;48;2;100;113;100m▀[38;2;96;114;93;48;2;123;140;120m▀[38;2;115;127;111;48;2;174;176;124m▀[38;2;151;155;115;48;2;241;234;157m▀[38;2;243;231;148;48;2;144;144;107m▀[38;2;150;147;100;48;2;110;123;103m▀[38;2;106;117;101;48;2;109;115;102m▀[38;2;100;108;91;48;2;110;117;99m▀[38;2;101;113;97;48;2;112;122;102m▀[38;2;181;179;172;48;2;163;157;146m▀[38;2;166;161;152;48;2;132;126;113m▀[38;2;104;111;95;48;2;106;113;97m▀[38;2;101;106;92;48;2;101;107;90m▀[38;2;97;103;89;48;2;99;104;88m▀[38;2;90;101;82;48;2;91;102;84m▀[38;2;86;98;79;48;2;88;100;81m▀[38;2;83;94;76;48;2;85;96;78m▀[38;2;77;88;71;48;2;81;92;74m▀[38;2;71;85;67;48;2;78;89;68m▀[38;2;71;84;62;48;2;70;83;62m▀[38;2;66;81;57;48;2;65;80;62m▀[38;2;60;73;41;48;2;59;72;55m▀[38;2;56;69;35;48;2;51;66;35m▀[38;2;51;66;42;48;2;38;59;31m▀[38;2;43;61;37;48;2;37;58;37m▀[38;2;20;31;20;48;2;20;31;20m▀[0m
[38;2;25;47;34;48;2;28;36;17m▀[38;2;37;58;37;48;2;23;53;32m▀[38;2;36;62;43;48;2;24;54;33m▀[38;2;43;66;50;48;2;36;62;43m▀[38;2;50;68;56;48;2;49;67;55m▀[38;2;54;72;60;48;2;54;71;59m▀[38;2;64;82;70;48;2;66;88;75m▀[38;2;113;132;125;48;2;159;173;175m▀[38;2;216;221;222;48;2;178;186;195m▀[38;2;124;137;137;48;2;117;133;129m▀[38;2;148;163;159;48;2;151;161;161m▀[38;2;140;154;149;48;2;132;149;144m▀[38;2;135;148;144;48;2;128;146;143m▀[38;2;135;146;140;48;2;125;141;135m▀[38;2;121;133;125;48;2;116;125;118m▀[38;2;121;139;129;48;2;114;133;120m▀[38;2;133;151;145;48;2;127;150;139m▀[38;2;140;159;153;48;2;132;151;144m▀[38;2;155;167;162;48;2;144;161;159m▀[38;2;158;171;170;48;2;152;166;161m▀[38;2;165;178;180;48;2;159;172;171m▀[38;2;178;185;186;48;2;158;176;176m▀[38;2;180;187;191;48;2;162;173;176m▀[38;2;178;186;191;48;2;159;175;172m▀[38;2;170;181;181;48;2;153;171;168m▀[38;2;161;171;170;48;2;144;161;159m▀[38;2;129;147;142;48;2;122;143;132m▀[38;2;95;107;95;48;2;109;122;113m▀[38;2;99;108;99;48;2;105;118;108m▀[38;2;108;122;110;48;2;109;122;113m▀[38;2;120;130;123;48;2;149;160;152m▀[38;2;118;129;111;48;2;171;163;137m▀[38;2;142;150;136;48;2;228;214;155m▀[38;2;201;196;139;48;2;238;238;167m▀[38;2;240;240;163;48;2;149;146;116m▀[38;2;156;154;117;48;2;127;138;122m▀[38;2;122;134;118;48;2;115;127;109m▀[38;2;113;122;102;48;2;112;124;106m▀[38;2;114;121;101;48;2;117;128;108m▀[38;2;119;124;103;48;2;124;132;114m▀[38;2;121;130;108;48;2;122;132;107m▀[38;2;115;123;103;48;2;114;121;101m▀[38;2;113;117;97;48;2;116;119;101m▀[38;2;105;113;96;48;2;108;115;98m▀[38;2;101;112;93;48;2;105;111;96m▀[38;2;97;106;88;48;2;98;104;92m▀[38;2;94;102;86;48;2;96;104;84m▀[38;2;93;101;85;48;2;97;103;91m▀[38;2;86;98;79;48;2;87;98;81m▀[38;2;78;89;68;48;2;82;93;75m▀[38;2;77;88;68;48;2;84;95;77m▀[38;2;74;85;64;48;2;75;86;66m▀[38;2;65;79;56;48;2;72;83;62m▀[38;2;59;71;48;48;2;63;77;55m▀[38;2;43;62;43;48;2;53;66;53m▀[38;2;32;54;32;48;2;37;58;37m▀[38;2;33;47;33;48;2;31;53;31m▀[38;2;19;30;30;48;2;25;41;25m▀[0m
[38;2;18;29;29;48;2;21;21;21m▀[38;2;25;47;33;48;2;16;36;36m▀[38;2;30;57;37;48;2;25;41;34m▀[38;2;30;57;37;48;2;23;53;32m▀[38;2;36;61;43;48;2;36;60;42m▀[38;2;49;67;55;48;2;60;81;71m▀[38;2;99;117;112;48;2;147;159;162m▀[38;2;191;199;208;48;2;155;168;176m▀[38;2;114;130;130;48;2;104;121;113m▀[38;2;133;150;151;48;2;140;150;150m▀[38;2;133;152;148;48;2;129;146;138m▀[38;2;127;148;139;48;2;122;141;133m▀[38;2;129;144;140;48;2;121;136;130m▀[38;2;120;135;127;48;2;108;122;113m▀[38;2;107;123;113;48;2;95;110;101m▀[38;2;111;131;118;48;2;106;120;110m▀[38;2;120;141;133;48;2;115;130;122m▀[38;2;127;146;136;48;2;111;129;119m▀[38;2;133;152;146;48;2;115;133;125m▀[38;2;139;154;149;48;2;124;145;135m▀[38;2;142;159;155;48;2;130;149;144m▀[38;2;143;161;156;48;2;131;149;143m▀[38;2;147;160;159;48;2;131;149;146m▀[38;2;144;163;161;48;2;136;156;149m▀[38;2;139;162;158;48;2;127;151;144m▀[38;2;134;153;146;48;2;121;140;131m▀[38;2;120;136;125;48;2;145;156;148m▀[38;2;123;134;118;48;2;161;167;157m▀[38;2;128;139;128;48;2;163;161;134m▀[38;2;128;141;128;48;2;161;160;108m▀[38;2;150;150;129;48;2;219;217;157m▀[38;2;236;233;159;48;2;233;233;176m▀[38;2;235;235;162;48;2;148;152;123m▀[38;2;152;154;124;48;2;139;147;133m▀[38;2;143;146;129;48;2;125;132;118m▀[38;2;126;134;116;48;2;125;132;115m▀[38;2;123;134;113;48;2;133;137;117m▀[38;2;125;136;115;48;2;136;144;122m▀[38;2;133;138;115;48;2;136;141;124m▀[38;2;135;137;119;48;2;129;132;114m▀[38;2;123;126;111;48;2;123;128;108m▀[38;2;116;124;105;48;2;116;126;105m▀[38;2;115;119;100;48;2;115;119;100m▀[38;2;109;118;96;48;2;111;115;99m▀[38;2;107;110;95;48;2;105;111;93m▀[38;2;101;107;92;48;2;105;108;93m▀[38;2;101;109;88;48;2;103;109;90m▀[38;2;100;106;83;48;2;101;104;86m▀[38;2;94;98;79;48;2;93;99;77m▀[38;2;90;95;79;48;2;88;94;78m▀[38;2;89;95;79;48;2;91;95;80m▀[38;2;84;93;75;48;2;86;92;77m▀[38;2;76;86;70;48;2;77;88;71m▀[38;2;70;81;61;48;2;69;80;60m▀[38;2;61;75;53;48;2;60;74;53m▀[38;2;53;65;39;48;2;55;67;45m▀[38;2;41;58;35;48;2;51;63;32m▀[38;2;30;51;30;48;2;46;60;32m▀[0m
[38;2;0;0;0;48;2;0;0;0m▀[38;2;21;21;21;48;2;0;0;0m▀[38;2;16;36;27;48;2;18;29;18m▀[38;2;16;42;16;48;2;36;50;36m▀[38;2;47;64;52;48;2;75;88;78m▀[38;2;93;112;106;48;2;141;153;157m▀[38;2;169;180;188;48;2;123;130;137m▀[38;2;97;114;112;48;2;86;103;92m▀[38;2;118;133;126;48;2;107;123;116m▀[38;2;118;135;129;48;2;112;127;119m▀[38;2;121;138;132;48;2;112;131;123m▀[38;2;115;135;125;48;2;105;123;114m▀[38;2;113;130;121;48;2;104;121;112m▀[38;2;90;108;96;48;2;76;94;76m▀[38;2;93;103;95;48;2;83;96;83m▀[38;2;104;114;106;48;2;94;106;95m▀[38;2;107;124;115;48;2;92;110;98m▀[38;2;108;123;114;48;2;97;115;103m▀[38;2;111;126;113;48;2;103;119;111m▀[38;2;116;135;123;48;2;105;121;111m▀[38;2;116;136;126;48;2;109;121;113m▀[38;2;116;134;124;48;2;113;123;116m▀[38;2;119;136;127;48;2;110;122;111m▀[38;2;125;141;135;48;2;106;121;110m▀[38;2;117;135;125;48;2;101;114;101m▀[38;2;113;128;116;48;2;189;188;107m▀[38;2;193;186;156;48;2;226;226;123m▀[38;2;230;230;138;48;2;226;226;109m▀[38;2;230;230;125;48;2;226;226;185m▀[38;2;230;230;164;48;2;226;226;172m▀[38;2;230;230;157;48;2;136;144;124m▀[38;2;145;146;123;48;2;137;143;133m▀[38;2;144;147;136;48;2;123;135;120m▀[38;2;129;136;119;48;2;119;130;112m▀[38;2;124;135;114;48;2;125;132;113m▀[38;2;128;136;119;48;2;146;150;138m▀[38;2;189;186;180;48;2;224;224;224m▀[38;2;226;226;226;48;2;223;223;223m▀[38;2;188;180;174;48;2;146;140;130m▀[38;2;126;130;111;48;2;130;130;112m▀[38;2;123;128;108;48;2;123;126;107m▀[38;2;121;124;103;48;2;117;120;102m▀[38;2;119;121;103;48;2;117;119;101m▀[38;2;114;117;98;48;2;113;115;94m▀[38;2;105;111;91;48;2;110;113;96m▀[38;2;103;111;91;48;2;109;112;93m▀[38;2;107;109;89;48;2;108;108;88m▀[38;2;102;104;84;48;2;102;105;88m▀[38;2;93;99;78;48;2;97;100;79m▀[38;2;91;99;78;48;2;96;99;78m▀[38;2;90;96;78;48;2;91;94;73m▀[38;2;88;92;75;48;2;91;91;73m▀[38;2;79;89;69;48;2;83;86;70m▀[38;2;73;82;67;48;2;72;81;65m▀[38;2;67;77;58;48;2;66;76;57m▀[38;2;59;72;51;48;2;58;68;51m▀[38;2;56;68;47;48;2;57;67;50m▀[38;2;53;64;43;48;2;54;66;46m▀[0m
[38;2;0;0;0;48;2;0;0;0m▀▀[38;2;20;20;20;48;2;0;0;0m▀[38;2;31;44;31;48;2;47;63;52m▀[38;2;94;107;100;48;2;121;134;129m▀[38;2;133;146;148;48;2;72;89;82m▀[38;2;76;90;82;48;2;74;88;76m▀[38;2;93;106;99;48;2;88;99;90m▀[38;2;96;110;103;48;2;86;100;91m▀[38;2;102;116;107;48;2;94;103;96m▀[38;2;107;119;111;48;2;95;104;97m▀[38;2;98;111;102;48;2;93;104;93m▀[38;2;100;111;97;48;2;88;100;83m▀[38;2;79;90;69;48;2;94;108;94m▀[38;2;93;105;81;48;2;111;126;111m▀[38;2;109;123;109;48;2;100;111;100m▀[38;2;91;109;91;48;2;89;99;92m▀[38;2;93;102;93;48;2;99;112;105m▀[38;2;88;103;94;48;2;104;128;116m▀[38;2;89;103;92;48;2;105;123;112m▀[38;2;89;104;89;48;2;109;121;110m▀[38;2;89;104;93;48;2;112;126;114m▀[38;2;97;109;97;48;2;107;128;112m▀[38;2;97;109;97;48;2;122;140;126m▀[38;2;112;124;114;48;2;150;157;145m▀[38;2;153;161;137;48;2;200;200;150m▀[38;2;211;209;166;48;2;219;219;157m▀[38;2;223;223;181;48;2;189;192;135m▀[38;2;192;196;140;48;2;124;135;122m▀[38;2;126;138;119;48;2;128;139;125m▀[38;2;131;142;130;48;2;117;129;115m▀[38;2;119;132;117;48;2;114;126;109m▀[38;2;117;130;110;48;2;120;126;110m▀[38;2;119;131;111;48;2;120;130;113m▀[38;2;125;133;115;48;2;126;132;117m▀[38;2;135;139;126;48;2;132;135;122m▀[38;2;157;153;145;48;2;126;129;114m▀[38;2;141;139;127;48;2;121;125;106m▀[38;2;126;130;114;48;2;120;124;106m▀[38;2;120;124;108;48;2;116;119;104m▀[38;2;120;120;103;48;2;114;116;96m▀[38;2;115;118;98;48;2;112;114;97m▀[38;2;115;117;97;48;2;109;112;94m▀[38;2;109;111;93;48;2;105;108;88m▀[38;2;108;111;92;48;2;106;109;91m▀[38;2;107;111;93;48;2;105;108;90m▀[38;2;105;107;88;48;2;103;105;84m▀[38;2;101;101;85;48;2;99;99;83m▀[38;2;95;98;77;48;2;93;96;76m▀[38;2;96;99;80;48;2;92;95;75m▀[38;2;91;94;74;48;2;91;94;74m▀[38;2;88;91;71;48;2;86;89;70m▀[38;2;83;83;69;48;2;81;81;68m▀[38;2;73;78;59;48;2;72;75;57m▀[38;2;68;74;55;48;2;69;72;54m▀[38;2;56;71;49;48;2;59;65;49m▀[38;2;56;68;48;48;2;52;64;44m▀[38;2;50;61;41;48;2;46;57;35m▀[0m
