[38;2;0;0;0;48;2;10;0;0m▀[38;2;0;0;0;48;2;10;0;19m▀[38;2;0;0;0;48;2;0;0;11m▀[38;2;0;0;0;48;2;10;0;10m▀[38;2;0;0;0;48;2;11;0;11m▀[38;2;19;0;10;48;2;19;0;19m▀[38;2;27;0;19;48;2;28;0;28m▀[38;2;20;0;20;48;2;28;0;28m▀[38;2;20;0;20;48;2;28;0;19m▀[38;2;20;0;20;48;2;29;0;19m▀[38;2;28;0;28;48;2;29;0;29m▀[38;2;20;0;11;48;2;21;0;21m▀[38;2;33;8;26;48;2;50;22;33m▀[38;2;20;0;20;48;2;29;0;20m▀[38;2;118;52;48;48;2;125;60;60m▀[38;2;135;59;50;48;2;132;61;56m▀[38;2;172;81;67;48;2;127;52;52m▀[38;2;204;87;64;48;2;137;57;46m▀[38;2;219;92;68;48;2;180;75;57m▀[38;2;220;101;76;48;2;223;115;85m▀[38;2;221;114;90;48;2;224;124;98m▀[38;2;221;125;97;48;2;225;143;120m▀[38;2;222;99;83;48;2;225;113;98m▀[38;2;217;69;79;48;2;226;77;77m▀[38;2;154;48;65;48;2;170;56;63m▀[38;2;184;55;66;48;2;198;68;76m▀[38;2;195;67;81;48;2;213;79;79m▀[38;2;208;70;76;48;2;224;85;82m▀[38;2;202;73;79;48;2;221;85;82m▀[38;2;200;75;83;48;2;218;90;88m▀[38;2;211;78;82;48;2;227;88;90m▀[38;2;204;73;84;48;2;220;79;87m▀[38;2;191;67;78;48;2;208;74;77m▀[38;2;189;55;66;48;2;203;64;69m▀[38;2;186;46;68;48;2;197;59;66m▀[38;2;164;55;67;48;2;180;61;70m▀[38;2;221;102;89;48;2;225;119;107m▀[38;2;221;108;93;48;2;224;120;106m▀[38;2;209;98;80;48;2;157;72;64m▀[38;2;173;85;63;48;2;149;66;62m▀[38;2;42;16;31;48;2;83;40;51m▀[38;2;55;22;33;48;2;62;32;44m▀[38;2;31;16;42;48;2;43;15;43m▀[38;2;32;7;37;48;2;33;8;33m▀[38;2;32;8;32;48;2;29;0;29m▀[38;2;26;8;26;48;2;29;0;29m▀[38;2;28;0;28;48;2;29;0;29m▀[38;2;28;0;34;48;2;46;15;40m▀[38;2;31;8;31;48;2;49;21;38m▀[38;2;31;7;42;48;2;36;7;42m▀[38;2;31;7;41;48;2;35;7;47m▀[38;2;33;0;37;48;2;40;14;45m▀[38;2;30;7;40;48;2;33;0;37m▀[38;2;32;0;42;48;2;37;0;43m▀[38;2;33;6;33;48;2;36;0;36m▀[38;2;33;6;29;48;2;38;14;32m▀[38;2;74;38;38;48;2;76;39;46m▀[38;2;47;24;38;48;2;54;27;38m▀[0m
[38;2;19;0;19;48;2;37;21;47m▀[38;2;24;7;24;48;2;33;15;39m▀[38;2;17;8;17;48;2;19;0;19m▀[38;2;11;0;11;48;2;28;0;33m▀[38;2;20;0;20;48;2;28;0;34m▀[38;2;31;8;31;48;2;34;0;34m▀[38;2;31;8;31;48;2;34;0;28m▀[38;2;28;0;28;48;2;35;0;28m▀[38;2;29;0;29;48;2;29;0;29m▀▀[38;2;29;0;29;48;2;30;0;30m▀[38;2;29;0;20;48;2;43;16;32m▀[38;2;48;15;36;48;2;76;41;41m▀[38;2;19;9;19;48;2;136;77;69m▀[38;2;139;70;60;48;2;162;88;74m▀[38;2;155;81;67;48;2;171;95;78m▀[38;2;124;58;52;48;2;182;102;87m▀[38;2;39;8;18;48;2;83;42;29m▀[38;2;35;8;19;48;2;28;8;19m▀[38;2;206;113;92;48;2;155;126;107m▀[38;2;227;122;105;48;2;198;165;133m▀[38;2;228;159;133;48;2;231;146;125m▀[38;2;228;131;114;48;2;231;140;123m▀[38;2;229;89;87;48;2;232;99;92m▀[38;2;182;66;71;48;2;189;71;71m▀[38;2;215;75;75;48;2;229;85;80m▀[38;2;221;90;78;48;2;233;100;90m▀[38;2;230;96;93;48;2;233;110;99m▀[38;2;230;99;92;48;2;233;105;96m▀[38;2;230;104;98;48;2;233;118;102m▀[38;2;230;95;95;48;2;233;105;95m▀[38;2;230;89;89;48;2;233;91;89m▀[38;2;221;80;84;48;2;230;80;85m▀[38;2;214;69;72;48;2;221;72;77m▀[38;2;206;59;66;48;2;215;65;73m▀[38;2;190;72;77;48;2;202;79;82m▀[38;2;228;157;139;48;2;150;109;96m▀[38;2;97;56;56;48;2;168;138;125m▀[38;2;33;16;33;48;2;36;9;19m▀[38;2;165;93;73;48;2;211;132;102m▀[38;2;134;82;68;48;2;214;137;107m▀[38;2;61;37;43;48;2;169;112;86m▀[38;2;71;46;46;48;2;76;50;46m▀[38;2;27;8;27;48;2;30;0;30m▀[38;2;27;8;27;48;2;28;8;28m▀[38;2;27;8;27;48;2;30;0;30m▀[38;2;29;0;35;48;2;30;0;36m▀[38;2;37;7;44;48;2;44;7;37m▀[38;2;32;8;32;48;2;37;7;33m▀[38;2;36;7;36;48;2;44;7;33m▀[38;2;36;7;32;48;2;42;15;42m▀[38;2;28;0;34;48;2;29;0;34m▀[38;2;28;0;28;48;2;34;0;34m▀[38;2;33;0;33;48;2;31;8;31m▀[38;2;41;7;35;48;2;35;7;31m▀[38;2;30;7;30;48;2;35;7;31m▀[38;2;61;24;39;48;2;44;14;33m▀[38;2;63;27;47;48;2;56;28;39m▀[0m
[38;2;49;28;68;48;2;60;38;66m▀[38;2;55;38;51;48;2;46;30;69m▀[38;2;28;0;28;48;2;32;7;48m▀[38;2;34;15;45;48;2;32;7;49m▀[38;2;34;15;52;48;2;43;27;57m▀[38;2;36;7;36;48;2;47;15;52m▀[38;2;32;8;32;48;2;44;7;37m▀[38;2;33;8;33;48;2;37;7;37m▀[38;2;27;8;27;48;2;33;16;33m▀[38;2;34;8;27;48;2;33;16;33m▀[38;2;34;8;27;48;2;34;8;34m▀[38;2;100;64;53;48;2;98;61;50m▀[38;2;99;55;51;48;2;117;73;64m▀[38;2;159;103;88;48;2;185;128;108m▀[38;2;184;111;88;48;2;188;119;100m▀[38;2;188;114;91;48;2;217;141;113m▀[38;2;202;118;97;48;2;226;146;112m▀[38;2;113;61;50;48;2;96;51;51m▀[38;2;39;17;27;48;2;29;9;29m▀[38;2;140;113;100;48;2;138;107;94m▀[38;2;73;43;54;48;2;54;30;48m▀[38;2;234;136;117;48;2;181;123;107m▀[38;2;234;149;132;48;2;237;172;145m▀[38;2;235;111;104;48;2;237;115;104m▀[38;2;199;80;78;48;2;210;84;77m▀[38;2;235;93;86;48;2;238;102;95m▀[38;2;236;119;103;48;2;238;153;122m▀[38;2;236;168;142;48;2;238;238;238m▀[38;2;236;187;150;48;2;238;238;238m▀[38;2;236;158;122;48;2;238;238;197m▀[38;2;236;181;142;48;2;238;238;238m▀[38;2;236;101;98;48;2;238;201;166m▀[38;2;234;91;93;48;2;238;94;98m▀[38;2;230;78;86;48;2;235;86;93m▀[38;2;232;70;80;48;2;237;77;80m▀[38;2;215;96;92;48;2;232;128;119m▀[38;2;106;82;78;48;2;105;79;76m▀[38;2;105;87;84;48;2;123;102;96m▀[38;2;36;9;29;48;2;36;9;20m▀[38;2;220;146;111;48;2;234;171;132m▀[38;2;230;155;117;48;2;233;176;139m▀[38;2;186;127;99;48;2;206;143;111m▀[38;2;80;53;45;48;2;82;51;47m▀[38;2;31;0;31;48;2;28;9;28m▀[38;2;28;8;28;48;2;31;0;37m▀[38;2;30;0;30;48;2;31;0;37m▀[38;2;34;8;34;48;2;31;0;37m▀[38;2;38;7;33;48;2;30;0;37m▀[38;2;43;16;36;48;2;34;8;34m▀[38;2;48;15;48;48;2;33;7;39m▀[38;2;35;0;40;48;2;36;0;36m▀[38;2;29;0;35;48;2;29;0;29m▀[38;2;29;0;35;48;2;29;0;35m▀[38;2;36;7;36;48;2;32;7;37m▀[38;2;40;15;34;48;2;41;15;34m▀▀[38;2;35;7;31;48;2;40;15;34m▀[38;2;47;21;31;48;2;44;14;33m▀[0m
[38;2;64;48;89;48;2;78;55;94m▀[38;2;60;43;83;48;2;64;47;79m▀[38;2;32;7;49;48;2;25;16;31m▀[38;2;35;15;52;48;2;35;16;47m▀[38;2;45;22;56;48;2;42;15;60m▀[38;2;50;28;62;48;2;50;32;58m▀[38;2;38;7;44;48;2;34;8;34m▀[38;2;38;7;34;48;2;38;7;34m▀[38;2;36;16;36;48;2;42;23;35m▀[38;2;37;16;37;48;2;42;24;31m▀[38;2;37;16;37;48;2;43;24;31m▀[38;2;120;80;67;48;2;108;68;54m▀[38;2;149;98;77;48;2;129;77;64m▀[38;2;185;128;109;48;2;169;112;99m▀[38;2;187;116;100;48;2;181;109;90m▀[38;2;233;155;125;48;2;222;142;111m▀[38;2;234;156;129;48;2;224;145;122m▀[38;2;162;95;79;48;2;179;106;93m▀[38;2;59;45;45;48;2;159;134;111m▀[38;2;106;80;71;48;2;183;151;128m▀[38;2;44;25;37;48;2;55;31;43m▀[38;2;239;180;158;48;2;241;170;145m▀[38;2;239;173;155;48;2;241;158;140m▀[38;2;240;120;120;48;2;242;129;129m▀[38;2;220;88;82;48;2;231;91;91m▀[38;2;240;107;101;48;2;242;115;107m▀[38;2;240;154;129;48;2;243;135;115m▀[38;2;241;241;241;48;2;243;166;136m▀[38;2;241;241;241;48;2;243;230;179m▀[38;2;241;241;241;48;2;243;234;190m▀[38;2;241;241;241;48;2;243;227;187m▀[38;2;240;211;192;48;2;243;138;122m▀[38;2;240;101;97;48;2;242;110;106m▀[38;2;240;86;96;48;2;239;98;95m▀[38;2;240;81;91;48;2;241;94;94m▀[38;2;233;94;94;48;2;241;101;105m▀[38;2;239;142;131;48;2;241;122;117m▀[38;2;91;68;71;48;2;107;81;77m▀[38;2;85;65;58;48;2;107;78;65m▀[38;2;236;187;142;48;2;239;177;140m▀[38;2;236;190;150;48;2;238;178;140m▀[38;2;215;151;123;48;2;210;148;120m▀[38;2;83;52;52;48;2;75;49;43m▀[38;2;29;9;29;48;2;32;0;32m▀[38;2;31;0;31;48;2;32;0;32m▀[38;2;31;0;31;48;2;31;0;31m▀▀[38;2;31;0;31;48;2;35;9;35m▀[38;2;28;8;35;48;2;34;8;34m▀[38;2;28;8;28;48;2;34;8;34m▀[38;2;30;0;30;48;2;30;0;30m▀[38;2;30;0;36;48;2;43;16;36m▀[38;2;30;0;36;48;2;30;0;30m▀[38;2;33;7;38;48;2;33;8;33m▀[38;2;47;15;41;48;2;42;16;35m▀[38;2;49;21;39;48;2;47;15;35m▀[38;2;41;15;34;48;2;41;15;34m▀[38;2;48;21;38;48;2;56;21;27m▀[0m
[38;2;90;76;104;48;2;109;94;113m▀[38;2;77;52;87;48;2;102;93;123m▀[38;2;56;30;61;48;2;37;7;37m▀[38;2;41;23;46;48;2;39;28;56m▀[38;2;41;23;60;48;2;59;46;69m▀[38;2;36;16;49;48;2;45;29;60m▀[38;2;30;0;30;48;2;31;0;31m▀[38;2;37;16;32;48;2;43;24;35m▀[38;2;48;24;35;48;2;53;29;41m▀[38;2;48;24;36;48;2;53;30;34m▀[38;2;54;24;36;48;2;57;33;33m▀[38;2;104;66;55;48;2;86;52;47m▀[38;2;107;67;56;48;2;77;29;34m▀[38;2;159;97;87;48;2;78;39;39m▀[38;2;173;97;79;48;2;157;84;76m▀[38;2;192;116;89;48;2;151;88;68m▀[38;2;72;40;45;48;2;33;0;12m▀[38;2;68;31;31;48;2;100;49;54m▀[38;2;136;106;97;48;2;113;91;76m▀[38;2;241;241;241;48;2;237;199;169m▀[38;2;77;54;54;48;2;133;100;88m▀[38;2;243;171;149;48;2;244;168;151m▀[38;2;243;150;143;48;2;245;145;145m▀[38;2;244;137;131;48;2;232;111;106m▀[38;2;240;143;127;48;2;173;128;113m▀[38;2;173;124;98;48;2;205;124;105m▀[38;2;195;142;111;48;2;246;121;116m▀[38;2;200;151;121;48;2;190;95;95m▀[38;2;210;160;126;48;2;214;105;105m▀[38;2;213;165;133;48;2;228;109;113m▀[38;2;203;153;127;48;2;232;116;116m▀[38;2;187;137;116;48;2;218;102;102m▀[38;2;166;121;94;48;2;204;84;84m▀[38;2;156;107;85;48;2;181;76;76m▀[38;2;176;123;102;48;2;196;114;100m▀[38;2;226;139;125;48;2;162;112;96m▀[38;2;243;144;140;48;2;244;159;148m▀[38;2;169;136;120;48;2;136;102;87m▀[38;2;95;71;57;48;2;93;61;52m▀[38;2;241;163;134;48;2;242;150;120m▀[38;2;240;158;130;48;2;241;151;124m▀[38;2;202;136;115;48;2;200;130;104m▀[38;2;65;40;40;48;2;66;40;32m▀[38;2;32;0;32;48;2;32;0;32m▀[38;2;36;9;36;48;2;29;9;29m▀[38;2;35;9;35;48;2;37;9;29m▀[38;2;32;0;32;48;2;32;0;32m▀[38;2;45;17;38;48;2;40;8;35m▀[38;2;46;8;35;48;2;45;17;33m▀[38;2;37;0;30;48;2;45;17;37m▀[38;2;31;0;31;48;2;31;0;31m▀[38;2;30;0;30;48;2;31;0;31m▀[38;2;30;0;30;48;2;30;0;30m▀[38;2;38;7;33;48;2;43;16;36m▀[38;2;48;15;36;48;2;51;22;40m▀[38;2;42;16;35;48;2;42;16;36m▀[38;2;47;15;35;48;2;42;16;35m▀[38;2;70;29;29;48;2;69;30;30m▀[0m
[38;2;101;88;106;48;2;114;100;127m▀[38;2;114;106;137;48;2;123;112;141m▀[38;2;41;23;60;48;2;49;32;74m▀[38;2;49;32;72;48;2;53;37;79m▀[38;2;51;32;59;48;2;45;32;74m▀[38;2;46;29;64;48;2;51;33;74m▀[38;2;31;0;31;48;2;31;0;31m▀[38;2;37;17;33;48;2;37;25;37m▀[38;2;57;33;33;48;2;60;39;39m▀[38;2;57;33;33;48;2;58;34;34m▀[38;2;61;34;34;48;2;61;40;33m▀[38;2;80;49;42;48;2;87;56;52m▀[38;2;87;39;39;48;2;95;52;47m▀[38;2;88;39;39;48;2;142;62;62m▀[38;2;155;83;74;48;2;151;76;66m▀[38;2;159;88;76;48;2;161;85;69m▀[38;2;86;54;42;48;2;144;80;71m▀[38;2;151;84;79;48;2;131;70;68m▀[38;2;94;66;55;48;2;115;86;73m▀[38;2;201;158;131;48;2;245;193;159m▀[38;2;117;80;74;48;2;113;69;65m▀[38;2;246;157;149;48;2;247;152;148m▀[38;2;247;137;139;48;2;248;143;144m▀[38;2;247;137;122;48;2;248;140;129m▀[38;2;160;120;103;48;2;206;153;131m▀[38;2;248;149;129;48;2;211;129;108m▀[38;2;248;140;133;48;2;249;134;128m▀[38;2;212;84;97;48;2;225;84;100m▀[38;2;245;93;111;48;2;250;93;103m▀[38;2;248;100;111;48;2;250;205;188m▀[38;2;248;112;118;48;2;249;249;244m▀[38;2;247;96;102;48;2;249;235;221m▀[38;2;240;76;84;48;2;249;83;95m▀[38;2;212;70;75;48;2;242;105;105m▀[38;2;247;138;119;48;2;179;113;103m▀[38;2;214;158;129;48;2;221;166;135m▀[38;2;246;167;147;48;2;247;205;160m▀[38;2;113;80;70;48;2;135;98;74m▀[38;2;90;54;50;48;2;110;72;64m▀[38;2;241;142;115;48;2;245;158;129m▀[38;2;243;171;130;48;2;245;199;153m▀[38;2;199;134;101;48;2;192;130;100m▀[38;2;59;35;22;48;2;63;35;35m▀[38;2;30;9;20;48;2;36;18;28m▀[38;2;30;9;30;48;2;36;9;36m▀[38;2;29;9;29;48;2;30;9;30m▀[38;2;32;0;32;48;2;32;0;32m▀[38;2;40;8;36;48;2;32;0;39m▀[38;2;35;9;35;48;2;32;0;38m▀[38;2;40;8;40;48;2;35;9;35m▀[38;2;35;9;35;48;2;31;0;38m▀[38;2;31;0;31;48;2;31;0;31m▀▀[38;2;37;16;37;48;2;39;7;39m▀[38;2;43;16;36;48;2;49;15;43m▀[38;2;43;16;36;48;2;43;15;43m▀[38;2;42;16;31;48;2;43;16;36m▀[38;2;85;39;39;48;2;81;40;52m▀[0m
[38;2;118;103;121;48;2;132;118;132m▀[38;2;138;127;157;48;2;147;133;165m▀[38;2;56;42;71;48;2;53;37;57m▀[38;2;52;47;77;48;2;49;38;84m▀[38;2;45;33;70;48;2;50;38;80m▀[38;2;46;33;60;48;2;61;48;74m▀[38;2;22;0;22;48;2;20;10;30m▀[38;2;38;17;33;48;2;38;17;34m▀[38;2;68;48;48;48;2;68;49;49m▀[38;2;61;39;39;48;2;61;40;40m▀[38;2;64;45;39;48;2;65;40;40m▀[38;2;102;74;51;48;2;116;90;66m▀[38;2;104;55;52;48;2;115;64;44m▀[38;2;141;51;51;48;2;114;28;33m▀[38;2;134;67;57;48;2;70;31;31m▀[38;2;147;68;62;48;2;120;49;49m▀[38;2;36;18;28;48;2;99;40;40m▀[38;2;41;0;12;48;2;105;39;46m▀[38;2;84;51;44;48;2;65;36;36m▀[38;2;149;103;93;48;2;112;77;69m▀[38;2;97;62;53;48;2;79;47;41m▀[38;2;249;132;130;48;2;250;114;122m▀[38;2;249;139;141;48;2;250;112;119m▀[38;2;250;134;124;48;2;242;114;104m▀[38;2;214;142;120;48;2;208;130;113m▀[38;2;187;114;100;48;2;190;117;99m▀[38;2;190;114;103;48;2;234;106;99m▀[38;2;197;96;100;48;2;177;106;96m▀[38;2;184;103;87;48;2;200;123;101m▀[38;2;251;225;188;48;2;213;130;109m▀[38;2;251;251;204;48;2;252;177;140m▀[38;2;251;202;165;48;2;252;184;145m▀[38;2;173;103;81;48;2;226;143;113m▀[38;2;173;110;86;48;2;192;127;105m▀[38;2;159;109;92;48;2;163;104;88m▀[38;2;219;160;131;48;2;193;133;113m▀[38;2;249;180;141;48;2;250;136;119m▀[38;2;105;67;67;48;2;78;47;47m▀[38;2;101;62;62;48;2;85;46;46m▀[38;2;247;163;131;48;2;246;140;114m▀[38;2;246;187;144;48;2;247;148;120m▀[38;2;185;117;94;48;2;158;87;70m▀[38;2;64;35;35;48;2;52;26;33m▀[38;2;36;18;28;48;2;36;18;28m▀[38;2;30;9;20;48;2;30;9;21m▀[38;2;30;9;30;48;2;30;9;30m▀[38;2;23;0;23;48;2;23;0;23m▀[38;2;29;9;20;48;2;30;9;30m▀[38;2;35;17;35;48;2;32;0;32m▀[38;2;32;0;32;48;2;32;0;32m▀▀[38;2;35;9;35;48;2;22;0;22m▀[38;2;22;0;22;48;2;22;0;22m▀[38;2;37;16;33;48;2;37;17;33m▀[38;2;47;23;42;48;2;49;16;43m▀[38;2;60;22;34;48;2;44;16;32m▀[38;2;48;15;32;48;2;43;16;32m▀[38;2;83;40;35;48;2;79;45;27m▀[0m
[38;2;55;42;52;48;2;47;23;23m▀[38;2;142;129;142;48;2;131;111;117m▀[38;2;54;38;72;48;2;54;38;68m▀[38;2;60;47;77;48;2;57;43;74m▀[38;2;74;62;101;48;2;74;62;89m▀[38;2;57;43;95;48;2;72;54;104m▀[38;2;22;0;22;48;2;12;0;12m▀[38;2;38;17;34;48;2;38;25;33m▀[38;2;72;54;42;48;2;73;60;41m▀[38;2;69;50;44;48;2;68;57;43m▀[38;2;70;45;45;48;2;70;51;38m▀[38;2;127;100;73;48;2;120;100;68m▀[38;2;122;68;52;48;2;133;74;55m▀[38;2;104;23;30;48;2;116;23;29m▀[38;2;63;26;26;48;2;87;29;35m▀[38;2;118;44;44;48;2;111;32;40m▀[38;2;109;44;44;48;2;141;52;52m▀[38;2;152;51;46;48;2;144;38;44m▀[38;2;51;33;25;48;2;37;19;19m▀[38;2;91;62;53;48;2;112;71;65m▀[38;2;57;32;32;48;2;49;18;28m▀[38;2;251;97;109;48;2;251;76;96m▀[38;2;251;97;115;48;2;252;89;103m▀[38;2;218;96;92;48;2;197;81;81m▀[38;2;193;112;91;48;2;176;102;94m▀[38;2;192;112;95;48;2;177;99;78m▀[38;2;252;103;103;48;2;226;85;89m▀[38;2;169;108;93;48;2;164;103;90m▀[38;2;177;110;100;48;2;165;103;86m▀[38;2;204;131;104;48;2;197;132;104m▀[38;2;253;253;196;48;2;253;249;193m▀[38;2;252;250;201;48;2;253;251;192m▀[38;2;212;138;115;48;2;199;135;110m▀[38;2;206;141;119;48;2;187;129;102m▀[38;2;178;109;95;48;2;152;97;80m▀[38;2;183;117;107;48;2;163;102;86m▀[38;2;251;123;114;48;2;251;99;96m▀[38;2;65;36;36;48;2;66;36;36m▀[38;2;80;42;34;48;2;71;32;32m▀[38;2;218;103;89;48;2;203;84;75m▀[38;2;218;114;90;48;2;201;92;82m▀[38;2;134;68;64;48;2;129;56;56m▀[38;2;46;26;26;48;2;41;18;29m▀[38;2;30;9;21;48;2;30;9;21m▀[38;2;30;9;21;48;2;33;0;23m▀[38;2;33;0;22;48;2;33;0;22m▀[38;2;23;0;23;48;2;33;0;33m▀▀[38;2;32;0;32;48;2;32;0;32m▀[38;2;29;9;29;48;2;32;0;32m▀[38;2;32;0;32;48;2;32;0;32m▀[38;2;22;0;22;48;2;23;0;23m▀[38;2;29;9;29;48;2;22;0;31m▀[38;2;45;17;33;48;2;50;16;33m▀[38;2;48;24;35;48;2;48;24;31m▀[38;2;46;7;34;48;2;44;16;32m▀[38;2;91;56;56;48;2;53;23;30m▀[38;2;138;110;98;48;2;110;74;71m▀[0m
[38;2;59;28;28;48;2;96;65;49m▀[38;2;150;131;142;48;2;164;148;141m▀[38;2;54;38;68;48;2;42;30;34m▀[38;2;54;38;73;48;2;43;24;48m▀[38;2;65;54;85;48;2;45;40;64m▀[38;2;70;54;96;48;2;57;48;84m▀[38;2;12;0;12;48;2;0;0;0m▀[38;2;35;17;27;48;2;27;18;27m▀[38;2;74;60;41;48;2;74;61;47m▀[38;2;73;57;42;48;2;74;61;48m▀[38;2;70;51;38;48;2;75;61;48m▀[38;2;126;105;83;48;2;127;106;81m▀[38;2;133;81;54;48;2;135;85;64m▀[38;2;121;28;28;48;2;128;28;33m▀[38;2;111;32;40;48;2;101;30;34m▀[38;2;93;30;35;48;2;81;41;34m▀[38;2;145;52;47;48;2;131;53;47m▀[38;2;136;32;40;48;2;134;39;39m▀[38;2;29;19;19;48;2;29;19;19m▀[38;2;84;56;51;48;2;79;41;48m▀[38;2;42;18;18;48;2;32;9;9m▀[38;2;250;50;75;48;2;229;38;79m▀[38;2;252;63;87;48;2;245;43;82m▀[38;2;173;59;73;48;2;157;48;69m▀[38;2;161;87;73;48;2;145;70;65m▀[38;2;167;89;81;48;2;155;76;76m▀[38;2;198;69;79;48;2;168;64;64m▀[38;2;152;90;78;48;2;129;71;59m▀[38;2;154;93;86;48;2;140;72;70m▀[38;2;173;111;87;48;2;145;90;78m▀[38;2;254;199;155;48;2;177;125;111m▀[38;2;254;254;216;48;2;177;125;99m▀[38;2;176;119;98;48;2;131;81;63m▀[38;2;165;105;89;48;2;132;77;64m▀[38;2;137;84;75;48;2;126;73;65m▀[38;2;144;88;79;48;2;124;67;60m▀[38;2;222;76;80;48;2;204;57;71m▀[38;2;66;36;44;48;2;53;26;34m▀[38;2;68;25;25;48;2;66;17;27m▀[38;2;197;68;73;48;2;186;54;59m▀[38;2;185;73;73;48;2;167;58;53m▀[38;2;118;49;49;48;2;106;40;46m▀[38;2;41;18;29;48;2;38;9;21m▀[38;2;33;0;23;48;2;24;0;24m▀▀[38;2;23;0;23;48;2;24;0;24m▀[38;2;23;0;23;48;2;23;0;23m▀[38;2;33;0;33;48;2;23;0;23m▀[38;2;33;0;33;48;2;33;0;33m▀[38;2;32;0;32;48;2;32;0;32m▀[38;2;32;0;32;48;2;23;0;23m▀[38;2;23;0;32;48;2;12;0;24m▀[38;2;22;0;32;48;2;12;0;23m▀[38;2;45;17;33;48;2;40;8;35m▀[38;2;48;24;36;48;2;45;17;37m▀[38;2;44;16;33;48;2;44;16;37m▀[38;2;37;16;32;48;2;46;7;34m▀[38;2;90;45;34;48;2;92;49;39m▀[0m
[38;2;139;115;103;48;2;151;134;124m▀[38;2;160;145;133;48;2;154;143;138m▀[38;2;77;66;61;48;2;44;39;51m▀[38;2;56;52;56;48;2;36;24;55m▀[38;2;47;30;62;48;2;51;39;70m▀[38;2;55;44;74;48;2;51;39;70m▀[38;2;12;0;24;48;2;0;0;13m▀[38;2;29;9;29;48;2;20;10;30m▀[38;2;68;57;43;48;2;63;50;44m▀[38;2;70;54;37;48;2;64;51;38m▀[38;2;74;55;43;48;2;70;51;44m▀[38;2;127;106;76;48;2;124;101;82m▀[38;2;137;85;64;48;2;130;81;60m▀[38;2;119;29;33;48;2;102;23;30m▀[38;2;77;25;25;48;2;54;17;28m▀[38;2;59;26;26;48;2;43;8;31m▀[38;2;120;56;56;48;2;119;33;41m▀[38;2;117;57;57;48;2;69;17;27m▀[38;2;29;19;19;48;2;22;10;10m▀[38;2;59;26;39;48;2;53;26;34m▀[38;2;22;10;10;48;2;32;9;9m▀[38;2;211;39;72;48;2;197;29;59m▀[38;2;216;34;73;48;2;205;24;55m▀[38;2;145;49;58;48;2;128;33;47m▀[38;2;132;57;57;48;2;118;50;50m▀[38;2;145;66;66;48;2;135;61;61m▀[38;2;137;49;54;48;2;111;45;52m▀[38;2;128;67;55;48;2;125;61;56m▀[38;2;150;83;74;48;2;144;70;58m▀[38;2;139;77;64;48;2;122;57;53m▀[38;2;130;81;85;48;2;118;50;50m▀[38;2;120;71;51;48;2;107;46;46m▀[38;2;109;58;43;48;2;102;51;51m▀[38;2;105;55;44;48;2;95;46;46m▀[38;2;109;58;49;48;2;110;55;50m▀[38;2;106;51;44;48;2;98;34;42m▀[38;2;188;46;67;48;2;172;42;63m▀[38;2;37;18;29;48;2;39;9;21m▀[38;2;66;17;27;48;2;61;17;28m▀[38;2;171;42;54;48;2;161;37;50m▀[38;2;155;48;48;48;2;153;43;49m▀[38;2;100;41;41;48;2;93;35;35m▀[38;2;39;9;31;48;2;39;9;31m▀[38;2;24;0;24;48;2;24;0;24m▀[38;2;21;10;21;48;2;21;10;21m▀[38;2;21;10;21;48;2;24;0;24m▀[38;2;23;0;23;48;2;23;0;23m▀[38;2;30;9;20;48;2;23;0;23m▀[38;2;33;0;33;48;2;30;9;20m▀[38;2;32;0;32;48;2;32;0;32m▀[38;2;29;9;29;48;2;23;0;23m▀[38;2;40;8;36;48;2;23;0;23m▀[38;2;12;0;23;48;2;23;0;23m▀[38;2;35;9;35;48;2;38;17;33m▀[38;2;45;17;37;48;2;45;17;38m▀[38;2;50;16;37;48;2;39;8;34m▀[38;2;39;7;34;48;2;39;7;34m▀[38;2;87;45;34;48;2;90;45;34m▀[0m
[38;2;150;131;103;48;2;134;115;100m▀[38;2;150;136;132;48;2;144;128;113m▀[38;2;50;43;50;48;2;52;48;56m▀[38;2;35;30;58;48;2;43;24;59m▀[38;2;57;49;68;48;2;54;44;62m▀[38;2;58;44;69;48;2;41;34;62m▀[38;2;0;0;13;48;2;0;0;13m▀[38;2;20;10;30;48;2;20;10;20m▀[38;2;60;46;46;48;2;58;41;41m▀[38;2;65;45;45;48;2;59;35;35m▀[38;2;70;51;44;48;2;60;46;40m▀[38;2;117;92;67;48;2;101;76;48m▀[38;2;109;70;50;48;2;82;54;37m▀[38;2;88;6;35;48;2;73;16;27m▀[38;2;43;8;31;48;2;38;9;21m▀[38;2;43;9;20;48;2;43;8;31m▀[38;2;108;29;35;48;2;107;57;53m▀[38;2;60;17;28;48;2;108;57;49m▀[38;2;29;19;19;48;2;22;10;10m▀[38;2;89;59;50;48;2;66;36;31m▀[38;2;39;9;21;48;2;13;0;0m▀[38;2;171;64;64;48;2;129;71;54m▀[38;2;167;59;66;48;2;125;62;52m▀[38;2;95;46;46;48;2;113;55;55m▀[38;2;99;51;45;48;2;155;60;66m▀[38;2;124;67;51;48;2;216;56;71m▀[38;2;141;66;59;48;2;254;50;80m▀[38;2;200;57;69;48;2;233;48;71m▀[38;2;222;52;76;48;2;232;51;76m▀[38;2;217;52;72;48;2;242;60;87m▀[38;2;215;62;75;48;2;245;64;89m▀[38;2;223;61;69;48;2;252;70;87m▀[38;2;240;71;80;48;2;254;76;76m▀[38;2;151;93;77;48;2;238;125;110m▀[38;2;117;67;56;48;2;188;115;94m▀[38;2;83;41;48;48;2;154;93;67m▀[38;2;165;75;70;48;2;141;81;56m▀[38;2;58;32;32;48;2;53;26;34m▀[38;2;57;8;20;48;2;76;42;42m▀[38;2;149;38;44;48;2;151;82;69m▀[38;2;145;38;45;48;2;129;49;49m▀[38;2;89;30;36;48;2;83;24;32m▀[38;2;31;9;21;48;2;34;0;34m▀[38;2;24;0;13;48;2;24;0;24m▀[38;2;22;10;10;48;2;24;0;13m▀[38;2;11;11;11;48;2;24;0;13m▀[38;2;21;10;21;48;2;23;0;23m▀[38;2;13;0;24;48;2;23;0;23m▀[38;2;37;9;30;48;2;33;0;33m▀[38;2;30;9;30;48;2;36;9;36m▀[38;2;23;0;23;48;2;23;0;23m▀▀[38;2;23;0;23;48;2;22;0;22m▀[38;2;51;16;38;48;2;35;9;35m▀[38;2;47;8;35;48;2;39;8;35m▀[38;2;39;8;34;48;2;37;0;37m▀[38;2;39;7;34;48;2;35;8;19m▀[38;2;89;50;27;48;2;88;45;28m▀[0m
[38;2;106;98;66;48;2;97;73;47m▀[38;2;124;113;93;48;2;87;61;31m▀[38;2;85;75;63;48;2;100;70;41m▀[38;2;35;30;47;48;2;47;29;35m▀[38;2;32;25;44;48;2;0;0;13m▀[38;2;10;10;30;48;2;0;0;0m▀[38;2;0;0;13;48;2;0;0;0m▀[38;2;29;9;20;48;2;40;17;27m▀[38;2;55;30;35;48;2;46;17;27m▀[38;2;50;32;32;48;2;40;17;28m▀[38;2;56;31;43;48;2;40;18;28m▀[38;2;102;71;44;48;2;64;51;31m▀[38;2;98;71;39;48;2;56;31;24m▀[38;2;61;31;24;48;2;38;9;21m▀[38;2;13;0;13;48;2;0;0;0m▀[38;2;39;27;35;48;2;29;19;19m▀[38;2;81;46;40;48;2;29;19;19m▀[38;2;93;55;38;48;2;51;33;33m▀[38;2;37;19;19;48;2;98;56;37m▀[38;2;107;63;42;48;2;109;55;37m▀[38;2;92;47;32;48;2;160;48;48m▀[38;2;156;80;67;48;2;244;60;54m▀[38;2;194;69;69;48;2;252;73;60m▀[38;2;253;66;66;48;2;253;75;70m▀[38;2;254;76;76;48;2;232;72;72m▀[38;2;254;77;89;48;2;247;78;86m▀[38;2;254;77;94;48;2;254;84;97m▀[38;2;254;87;100;48;2;254;86;95m▀[38;2;254;90;100;48;2;254;91;99m▀[38;2;254;93;100;48;2;254;98;98m▀[38;2;254;97;103;48;2;254;94;101m▀[38;2;254;93;97;48;2;254;96;99m▀[38;2;254;105;94;48;2;253;120;91m▀[38;2;254;82;95;48;2;253;73;82m▀[38;2;219;144;118;48;2;253;117;107m▀[38;2;194;125;92;48;2;205;139;109m▀[38;2;177;111;83;48;2;196;128;101m▀[38;2;119;71;55;48;2;167;104;78m▀[38;2;71;36;31;48;2;139;88;55m▀[38;2;162;104;68;48;2;158;102;68m▀[38;2;164;109;80;48;2;129;81;48m▀[38;2;160;106;81;48;2;91;58;49m▀[38;2;37;19;19;48;2;24;0;13m▀[38;2;24;0;13;48;2;24;0;13m▀[38;2;24;0;13;48;2;13;0;0m▀[38;2;24;0;13;48;2;13;0;13m▀[38;2;23;0;13;48;2;13;0;13m▀[38;2;23;0;23;48;2;11;11;11m▀[38;2;23;0;23;48;2;23;0;23m▀[38;2;32;0;22;48;2;32;0;32m▀[38;2;32;0;32;48;2;23;0;23m▀[38;2;23;0;12;48;2;20;10;20m▀[38;2;22;0;22;48;2;22;0;12m▀[38;2;42;0;38;48;2;29;9;19m▀[38;2;35;9;35;48;2;37;0;30m▀[38;2;31;0;31;48;2;31;0;31m▀[38;2;28;8;28;48;2;35;8;28m▀[38;2;88;45;28;48;2;81;41;24m▀[0m
[38;2;102;75;42;48;2;85;59;36m▀[38;2;105;81;49;48;2;114;90;52m▀[38;2;114;85;44;48;2;127;103;56m▀[38;2;28;8;19;48;2;18;18;18m▀[38;2;0;0;0;48;2;0;0;0m▀▀▀[38;2;29;9;20;48;2;23;0;12m▀[38;2;29;9;20;48;2;29;9;20m▀[38;2;30;9;20;48;2;23;0;13m▀[38;2;30;9;20;48;2;30;9;20m▀[38;2;50;32;15;48;2;36;18;18m▀[38;2;52;25;16;48;2;23;0;13m▀[38;2;51;25;25;48;2;23;0;13m▀[38;2;48;18;28;48;2;24;0;13m▀[38;2;46;26;26;48;2;24;0;24m▀[38;2;65;36;36;48;2;24;0;24m▀[38;2;86;41;41;48;2;24;0;13m▀[38;2;144;44;37;48;2;13;0;13m▀[38;2;210;50;44;48;2;24;0;13m▀[38;2;232;61;46;48;2;13;0;0m▀[38;2;217;68;54;48;2;0;0;0m▀[38;2;194;67;67;48;2;0;0;0m▀[38;2;199;69;69;48;2;13;0;0m▀[38;2;223;76;76;48;2;13;0;13m▀[38;2;222;84;84;48;2;13;0;0m▀[38;2;235;88;88;48;2;13;0;13m▀[38;2;238;92;96;48;2;24;0;13m▀▀[38;2;253;98;100;48;2;13;0;13m▀[38;2;242;92;96;48;2;24;0;13m▀[38;2;253;100;93;48;2;34;0;12m▀[38;2;253;109;81;48;2;42;0;12m▀[38;2;253;93;72;48;2;51;8;20m▀[38;2;252;68;83;48;2;51;8;8m▀[38;2;224;136;107;48;2;49;18;28m▀[38;2;189;124;95;48;2;52;33;33m▀[38;2;168;110;75;48;2;46;33;25m▀[38;2;153;99;64;48;2;51;33;25m▀[38;2;146;92;59;48;2;52;26;26m▀[38;2;141;91;66;48;2;51;33;25m▀[38;2;48;18;18;48;2;41;18;29m▀[38;2;24;0;13;48;2;24;0;13m▀[38;2;13;0;13;48;2;24;0;13m▀[38;2;13;0;25;48;2;23;0;13m▀[38;2;13;0;13;48;2;13;0;13m▀[38;2;11;11;11;48;2;0;0;24m▀[38;2;13;0;13;48;2;13;0;24m▀[38;2;23;0;23;48;2;32;0;32m▀▀[38;2;12;0;24;48;2;23;0;32m▀[38;2;12;0;12;48;2;12;0;23m▀[38;2;12;0;23;48;2;22;0;22m▀[38;2;31;0;31;48;2;31;0;37m▀[38;2;39;8;35;48;2;28;8;28m▀[38;2;44;16;25;48;2;31;0;21m▀[38;2;35;8;19;48;2;39;7;28m▀[38;2;74;31;20;48;2;63;28;21m▀[0m
[38;2;62;31;27;48;2;42;16;16m▀[38;2;81;56;26;48;2;71;46;24m▀[38;2;12;0;0;48;2;0;0;0m▀[38;2;0;0;0;48;2;0;0;0m▀▀▀▀[38;2;12;0;12;48;2;12;0;0m▀[38;2;12;0;12;48;2;12;0;12m▀[38;2;13;0;13;48;2;13;0;13m▀[38;2;13;0;13;48;2;23;0;13m▀[38;2;23;0;23;48;2;23;0;13m▀[38;2;13;0;13;48;2;23;0;13m▀[38;2;23;0;13;48;2;30;9;20m▀[38;2;23;0;13;48;2;30;9;21m▀[38;2;24;0;13;48;2;30;9;21m▀[38;2;24;0;13;48;2;43;9;20m▀[38;2;24;0;24;48;2;66;7;28m▀[38;2;24;0;13;48;2;79;16;27m▀[38;2;34;0;12;48;2;73;16;27m▀[38;2;13;0;13;48;2;74;16;27m▀[38;2;13;0;13;48;2;65;17;27m▀▀[38;2;13;0;25;48;2;83;24;32m▀[38;2;11;11;11;48;2;65;17;27m▀[38;2;11;11;11;48;2;78;25;32m▀[38;2;13;0;13;48;2;86;24;37m▀[38;2;22;10;10;48;2;72;25;38m▀[38;2;24;0;13;48;2;98;30;35m▀[38;2;24;0;24;48;2;86;24;37m▀[38;2;24;0;13;48;2;72;25;38m▀[38;2;24;0;13;48;2;95;24;44m▀[38;2;34;0;23;48;2;86;24;37m▀[38;2;41;0;33;48;2;113;29;34m▀[38;2;34;0;12;48;2;92;15;26m▀[38;2;13;0;13;48;2;83;25;25m▀[38;2;13;0;13;48;2;46;26;34m▀[38;2;11;11;11;48;2;37;18;29m▀[38;2;13;0;25;48;2;36;19;19m▀[38;2;10;10;22;48;2;38;9;21m▀[38;2;11;11;11;48;2;28;19;19m▀[38;2;13;0;13;48;2;21;10;21m▀[38;2;24;0;24;48;2;21;10;21m▀[38;2;23;0;13;48;2;13;0;13m▀[38;2;13;0;0;48;2;13;0;13m▀[38;2;13;0;24;48;2;0;0;14m▀[38;2;13;0;24;48;2;13;0;24m▀[38;2;13;0;24;48;2;0;0;14m▀[38;2;32;0;32;48;2;23;0;23m▀[38;2;32;0;32;48;2;20;10;30m▀[38;2;23;0;32;48;2;12;0;23m▀[38;2;12;0;23;48;2;12;0;23m▀▀[38;2;37;0;30;48;2;31;0;31m▀[38;2;31;0;31;48;2;30;0;30m▀[38;2;30;0;21;48;2;30;0;30m▀[38;2;43;16;25;48;2;43;16;32m▀[38;2;59;22;29;48;2;48;15;31m▀[0m
[38;2;38;8;8;48;2;40;0;0m▀[38;2;47;23;14;48;2;19;9;0m▀[38;2;0;0;0;48;2;0;0;0m▀▀▀▀▀▀▀[38;2;12;0;12;48;2;0;0;0m▀[38;2;23;0;13;48;2;0;0;0m▀▀▀[38;2;23;0;13;48;2;13;0;13m▀▀▀[38;2;23;0;13;48;2;23;0;13m▀[38;2;13;0;13;48;2;41;0;0m▀[38;2;13;0;13;48;2;33;0;12m▀[38;2;24;0;13;48;2;24;0;0m▀[38;2;13;0;0;48;2;13;0;13m▀▀[38;2;0;11;11;48;2;24;0;0m▀[38;2;13;0;0;48;2;13;0;13m▀[38;2;13;0;0;48;2;24;0;13m▀[38;2;24;0;13;48;2;34;0;23m▀[38;2;24;0;13;48;2;24;0;13m▀[38;2;24;0;24;48;2;24;0;13m▀[38;2;24;0;13;48;2;24;0;13m▀[38;2;24;0;24;48;2;24;0;24m▀[38;2;24;0;24;48;2;24;0;13m▀[38;2;24;0;13;48;2;24;0;24m▀[38;2;24;0;13;48;2;24;0;13m▀[38;2;45;0;23;48;2;34;0;12m▀[38;2;24;0;24;48;2;24;0;13m▀[38;2;24;0;13;48;2;24;0;13m▀[38;2;24;0;13;48;2;13;0;0m▀[38;2;24;0;13;48;2;13;0;13m▀[38;2;24;0;24;48;2;13;0;13m▀[38;2;24;0;13;48;2;13;0;24m▀[38;2;24;0;24;48;2;13;0;24m▀[38;2;23;0;23;48;2;13;0;24m▀[38;2;23;0;13;48;2;13;0;24m▀[38;2;33;0;33;48;2;13;0;24m▀[38;2;30;9;30;48;2;13;0;24m▀[38;2;13;0;24;48;2;13;0;24m▀[38;2;13;0;24;48;2;0;0;13m▀[38;2;0;0;13;48;2;0;0;13m▀[38;2;0;0;13;48;2;12;0;23m▀[38;2;12;0;23;48;2;12;0;23m▀[38;2;0;0;13;48;2;0;0;13m▀[38;2;12;0;23;48;2;0;0;13m▀[38;2;0;0;13;48;2;12;0;23m▀[38;2;12;0;23;48;2;12;0;22m▀[38;2;12;0;22;48;2;12;0;22m▀▀[38;2;44;7;37;48;2;42;16;31m▀[38;2;37;7;33;48;2;27;8;18m▀[0m
[38;2;68;45;16;48;2;92;63;2m▀[38;2;34;23;15;48;2;54;41;18m▀[38;2;0;0;12;48;2;0;0;0m▀[38;2;0;0;0;48;2;0;0;0m▀▀▀[38;2;12;0;12;48;2;12;0;0m▀[38;2;22;0;12;48;2;12;0;12m▀[38;2;22;0;12;48;2;22;0;12m▀▀[38;2;21;10;10;48;2;22;0;12m▀[38;2;23;0;12;48;2;22;0;12m▀[38;2;23;0;12;48;2;23;0;12m▀[38;2;20;10;20;48;2;23;0;12m▀[38;2;32;0;12;48;2;23;0;13m▀[38;2;40;0;12;48;2;23;0;13m▀[38;2;42;9;19;48;2;13;0;13m▀[38;2;65;7;18;48;2;32;0;12m▀[38;2;42;9;9;48;2;13;0;0m▀[38;2;47;18;27;48;2;23;0;13m▀[38;2;43;9;20;48;2;13;0;0m▀[38;2;38;9;21;48;2;13;0;13m▀[38;2;68;17;26;48;2;13;0;13m▀[38;2;50;8;29;48;2;23;0;13m▀[38;2;43;8;30;48;2;23;0;13m▀[38;2;79;16;27;48;2;24;0;24m▀[38;2;61;7;29;48;2;24;0;24m▀[38;2;60;17;28;48;2;24;0;24m▀[38;2;86;16;38;48;2;33;0;33m▀[38;2;62;7;36;48;2;24;0;24m▀[38;2;60;17;34;48;2;24;0;24m▀[38;2;90;24;31;48;2;33;0;23m▀[38;2;73;16;34;48;2;33;0;33m▀[38;2;103;29;34;48;2;45;0;32m▀[38;2;81;6;35;48;2;23;0;23m▀[38;2;75;7;28;48;2;23;0;23m▀[38;2;51;25;25;48;2;23;0;23m▀[38;2;36;18;28;48;2;23;0;23m▀[38;2;36;18;28;48;2;13;0;24m▀[38;2;28;19;28;48;2;13;0;24m▀[38;2;30;9;30;48;2;13;0;24m▀[38;2;23;0;33;48;2;13;0;24m▀[38;2;23;0;32;48;2;13;0;24m▀[38;2;23;0;23;48;2;13;0;24m▀[38;2;13;0;24;48;2;12;0;24m▀[38;2;0;0;13;48;2;12;0;23m▀[38;2;12;0;12;48;2;12;0;23m▀[38;2;12;0;23;48;2;12;0;23m▀▀▀[38;2;0;0;13;48;2;12;0;23m▀[38;2;0;0;13;48;2;0;0;13m▀▀▀[38;2;12;0;22;48;2;0;0;12m▀[38;2;12;0;22;48;2;11;0;22m▀[38;2;42;16;24;48;2;11;0;21m▀[38;2;19;9;9;48;2;0;0;0m▀[0m
[38;2;81;53;4;48;2;61;43;8m▀[38;2;43;31;12;48;2;25;16;0m▀[38;2;0;0;0;48;2;0;0;0m▀▀[38;2;0;0;0;48;2;11;0;0m▀[38;2;0;0;0;48;2;21;0;12m▀▀[38;2;0;0;0;48;2;12;0;12m▀▀[38;2;12;0;0;48;2;22;0;12m▀[38;2;0;0;0;48;2;22;0;12m▀[38;2;0;0;0;48;2;19;9;19m▀[38;2;12;0;0;48;2;31;0;11m▀[38;2;12;0;0;48;2;55;0;20m▀[38;2;12;0;0;48;2;59;8;8m▀[38;2;12;0;0;48;2;79;15;15m▀[38;2;13;0;0;48;2;98;23;12m▀[38;2;13;0;13;48;2;41;9;9m▀[38;2;0;0;0;48;2;52;17;17m▀[38;2;13;0;13;48;2;59;8;18m▀[38;2;0;0;0;48;2;53;17;6m▀[38;2;13;0;13;48;2;58;16;27m▀[38;2;13;0;13;48;2;52;16;27m▀▀[38;2;13;0;0;48;2;63;16;26m▀[38;2;13;0;13;48;2;63;16;26m▀[38;2;13;0;24;48;2;58;17;34m▀[38;2;23;0;23;48;2;67;16;38m▀[38;2;38;9;30;48;2;67;16;38m▀[38;2;23;0;23;48;2;60;7;35m▀[38;2;33;0;33;48;2;63;17;34m▀[38;2;33;0;22;48;2;63;17;38m▀[38;2;23;0;13;48;2;49;8;36m▀[38;2;33;0;22;48;2;101;15;32m▀[38;2;23;0;23;48;2;73;7;34m▀[38;2;23;0;13;48;2;67;0;21m▀[38;2;13;0;13;48;2;48;8;19m▀[38;2;13;0;24;48;2;29;9;20m▀[38;2;13;0;24;48;2;30;9;9m▀[38;2;13;0;13;48;2;21;10;10m▀[38;2;13;0;24;48;2;23;0;23m▀▀[38;2;12;0;24;48;2;12;0;23m▀[38;2;12;0;23;48;2;12;0;23m▀[38;2;12;0;23;48;2;12;0;12m▀[38;2;12;0;12;48;2;12;0;12m▀▀[38;2;12;0;23;48;2;12;0;12m▀[38;2;12;0;23;48;2;0;0;13m▀▀[38;2;12;0;22;48;2;12;0;22m▀[38;2;0;0;13;48;2;0;0;12m▀[38;2;0;0;12;48;2;0;0;12m▀▀[38;2;11;0;22;48;2;0;0;12m▀[38;2;29;0;29;48;2;32;8;32m▀▀[38;2;11;0;11;48;2;20;0;11m▀[0m
[38;2;0;0;0;48;2;0;0;0m▀[38;2;11;0;0;48;2;11;0;0m▀▀[38;2;11;0;0;48;2;20;0;11m▀[38;2;11;0;0;48;2;11;0;0m▀[38;2;21;0;11;48;2;20;0;11m▀[38;2;21;0;11;48;2;21;0;11m▀[38;2;21;0;12;48;2;21;0;11m▀[38;2;21;0;12;48;2;21;0;12m▀▀[38;2;28;8;19;48;2;30;0;11m▀[38;2;31;0;11;48;2;41;0;10m▀[38;2;54;0;10;48;2;53;0;10m▀[38;2;62;8;8;48;2;74;7;7m▀[38;2;81;15;4;48;2;95;22;12m▀[38;2;113;21;11;48;2;57;8;17m▀[38;2;59;8;8;48;2;62;7;18m▀[38;2;75;15;15;48;2;47;8;19m▀[38;2;65;16;16;48;2;47;8;19m▀[38;2;61;16;16;48;2;64;16;25m▀[38;2;79;24;13;48;2;69;16;16m▀[38;2;90;23;23;48;2;58;8;18m▀[38;2;62;16;26;48;2;61;16;25m▀[38;2;74;24;30;48;2;70;15;25m▀[38;2;98;22;29;48;2;75;15;15m▀[38;2;81;15;37;48;2;70;15;37m▀[38;2;79;23;35;48;2;74;23;42m▀[38;2;104;22;42;48;2;78;23;35m▀[38;2;102;22;42;48;2;70;15;37m▀[38;2;74;23;43;48;2;65;15;45m▀[38;2;81;23;48;48;2;70;15;37m▀[38;2;102;22;42;48;2;70;15;44m▀[38;2;74;23;43;48;2;61;16;45m▀[38;2;157;25;37;48;2;140;20;39m▀[38;2;131;20;40;48;2;140;20;39m▀[38;2;110;13;42;48;2;104;13;42m▀[38;2;105;13;42;48;2;100;13;43m▀[38;2;60;24;36;48;2;73;22;42m▀[38;2;54;30;35;48;2;54;24;36m▀[38;2;49;24;36;48;2;49;24;36m▀[38;2;49;24;36;48;2;48;24;36m▀[38;2;45;17;33;48;2;48;24;36m▀[38;2;45;17;33;48;2;48;24;35m▀[38;2;37;17;33;48;2;44;16;33m▀[38;2;38;17;26;48;2;39;7;28m▀[38;2;40;8;28;48;2;37;16;32m▀[38;2;35;8;28;48;2;45;7;34m▀[38;2;35;8;19;48;2;45;7;33m▀[38;2;21;0;21;48;2;33;8;33m▀[38;2;12;0;12;48;2;30;0;30m▀[38;2;12;0;22;48;2;21;0;29m▀[38;2;11;0;22;48;2;11;0;21m▀[38;2;0;0;12;48;2;11;0;21m▀▀▀[38;2;20;0;20;48;2;0;0;21m▀[38;2;20;0;20;48;2;0;0;20m▀[38;2;17;8;26;48;2;11;0;20m▀[0m
[38;2;0;0;0;48;2;0;0;0m▀[38;2;11;0;0;48;2;10;0;0m▀[38;2;11;0;0;48;2;11;0;0m▀[38;2;11;0;0;48;2;19;0;11m▀[38;2;11;0;0;48;2;20;0;11m▀[38;2;20;0;11;48;2;20;0;11m▀▀[38;2;21;0;11;48;2;20;0;11m▀[38;2;21;0;11;48;2;29;0;20m▀[38;2;29;0;11;48;2;29;0;10m▀[38;2;36;0;11;48;2;36;0;11m▀[38;2;40;0;10;48;2;59;7;7m▀[38;2;64;7;0;48;2;85;14;4m▀[38;2;87;14;0;48;2;47;0;0m▀[38;2;39;8;8;48;2;50;7;18m▀[38;2;41;0;10;48;2;56;7;7m▀[38;2;46;8;8;48;2;37;0;11m▀[38;2;40;8;18;48;2;37;0;21m▀[38;2;40;8;8;48;2;62;15;15m▀[38;2;58;8;8;48;2;72;15;24m▀[38;2;57;7;27;48;2;46;8;18m▀[38;2;47;8;8;48;2;51;8;8m▀[38;2;45;17;6;48;2;68;16;16m▀[38;2;69;16;16;48;2;80;15;24m▀[38;2;69;16;16;48;2;56;16;16m▀[38;2;63;7;18;48;2;55;16;26m▀[38;2;69;15;32;48;2;87;21;46m▀[38;2;99;21;33;48;2;91;21;40m▀[38;2;79;22;42;48;2;74;15;43m▀[38;2;69;15;43;48;2;72;22;47m▀[38;2;77;22;47;48;2;78;14;48m▀[38;2;79;22;47;48;2;83;22;41m▀[38;2;64;15;44;48;2;64;15;44m▀[38;2;122;20;39;48;2;109;20;39m▀[38;2;142;20;31;48;2;138;25;29m▀[38;2;98;14;35;48;2;98;5;36m▀[38;2;99;13;42;48;2;98;5;36m▀[38;2;80;15;36;48;2;88;14;34m▀[38;2;48;24;36;48;2;53;23;41m▀[38;2;48;24;35;48;2;47;23;35m▀▀▀[38;2;44;16;32;48;2;43;16;36m▀▀[38;2;43;16;36;48;2;43;16;36m▀[38;2;43;16;36;48;2;42;16;36m▀[38;2;43;16;36;48;2;37;7;33m▀[38;2;37;7;33;48;2;33;8;27m▀[38;2;37;7;33;48;2;33;8;26m▀[38;2;33;8;33;48;2;29;0;29m▀[38;2;29;0;29;48;2;28;0;28m▀▀[38;2;20;0;28;48;2;28;0;28m▀[38;2;20;0;20;48;2;28;0;19m▀[38;2;11;0;21;48;2;19;0;19m▀[38;2;0;0;11;48;2;11;0;20m▀[38;2;11;0;11;48;2;0;0;11m▀[38;2;0;0;11;48;2;0;0;0m▀[0m
[38;2;0;0;0;48;2;0;0;0m▀▀[38;2;10;0;0;48;2;10;0;0m▀▀[38;2;19;0;11;48;2;19;0;0m▀[38;2;11;0;0;48;2;19;0;0m▀[38;2;20;0;11;48;2;34;0;0m▀[38;2;28;0;10;48;2;34;0;0m▀[38;2;35;0;10;48;2;38;0;0m▀[38;2;35;0;10;48;2;70;13;4m▀[38;2;60;6;6;48;2;83;20;0m▀[38;2;90;13;3;48;2;47;7;7m▀[38;2;44;7;7;48;2;61;7;0m▀[38;2;36;0;0;48;2;63;15;5m▀[38;2;44;7;7;48;2;43;7;7m▀[38;2;38;8;8;48;2;38;8;8m▀[38;2;45;7;18;48;2;53;16;5m▀[38;2;43;16;25;48;2;70;14;14m▀[38;2;58;15;15;48;2;65;15;15m▀[38;2;56;7;17;48;2;43;16;6m▀[38;2;56;7;17;48;2;50;7;18m▀[38;2;55;15;15;48;2;71;14;14m▀[38;2;62;15;15;48;2;75;14;14m▀[38;2;62;15;15;48;2;55;7;17m▀[38;2;55;15;15;48;2;45;7;27m▀[38;2;55;16;25;48;2;54;15;25m▀[38;2;77;15;35;48;2;71;14;35m▀[38;2;79;15;35;48;2;64;22;41m▀[38;2;67;15;49;48;2;58;15;43m▀[38;2;65;7;44;48;2;58;15;43m▀[38;2;73;15;42;48;2;58;15;43m▀[38;2;83;14;41;48;2;62;14;35m▀[38;2;77;15;35;48;2;54;15;35m▀[38;2;82;22;29;48;2;66;14;35m▀[38;2;138;24;29;48;2;129;19;26m▀[38;2;97;5;36;48;2;94;13;33m▀[38;2;89;5;36;48;2;77;6;36m▀[38;2;84;6;32;48;2;72;6;36m▀[38;2;52;23;35;48;2;59;6;32m▀[38;2;47;23;41;48;2;46;23;34m▀[38;2;46;23;41;48;2;46;23;41m▀[38;2;43;16;36;48;2;42;16;35m▀▀[38;2;42;16;36;48;2;42;16;35m▀[38;2;42;16;35;48;2;36;7;32m▀[38;2;37;7;33;48;2;36;7;32m▀[38;2;32;8;32;48;2;33;8;26m▀[38;2;32;8;32;48;2;26;8;26m▀[38;2;29;0;29;48;2;28;0;28m▀[38;2;28;0;28;48;2;28;0;28m▀[38;2;28;0;19;48;2;28;0;19m▀[38;2;28;0;19;48;2;19;0;19m▀[38;2;19;0;19;48;2;19;0;19m▀[38;2;19;0;19;48;2;19;0;27m▀[38;2;19;0;19;48;2;19;0;19m▀[38;2;10;0;20;48;2;10;0;19m▀[38;2;10;0;10;48;2;10;0;19m▀[38;2;0;0;0;48;2;0;0;11m▀[0m
