[38;2;76;98;75;48;2;54;82;38m▀[38;2;88;112;85;48;2;88;107;75m▀[38;2;75;94;75;48;2;61;79;66m▀[38;2;44;63;39;48;2;48;75;48m▀[38;2;67;83;58;48;2;70;99;67m▀[38;2;114;117;113;48;2;117;126;117m▀[38;2;129;128;133;48;2;137;137;140m▀[38;2;131;129;136;48;2;131;129;135m▀[38;2;152;153;158;48;2;160;162;166m▀[38;2;156;157;162;48;2;158;159;163m▀[38;2;158;158;162;48;2;160;160;162m▀[38;2;161;159;162;48;2;164;164;167m▀[38;2;164;162;165;48;2;167;165;169m▀[38;2;165;162;167;48;2;170;168;171m▀[38;2;165;163;167;48;2;165;165;169m▀[38;2;161;161;167;48;2;121;125;133m▀[38;2;97;105;116;48;2;106;118;130m▀[38;2;87;93;103;48;2;77;85;93m▀[38;2;74;77;84;48;2;61;65;74m▀[38;2;75;84;90;48;2;106;114;122m▀[38;2;100;109;119;48;2;111;118;127m▀[38;2;103;108;121;48;2;106;108;120m▀[38;2;96;99;110;48;2;92;96;108m▀[38;2;87;87;101;48;2;85;88;100m▀[38;2;65;67;77;48;2;85;83;96m▀[38;2;77;75;85;48;2;54;52;61m▀[38;2;64;60;67;48;2;35;30;37m▀[38;2;32;25;29;48;2;45;39;46m▀[38;2;20;15;20;48;2;54;50;58m▀[38;2;19;15;21;48;2;58;54;59m▀[38;2;35;33;41;48;2;46;44;50m▀[38;2;52;50;52;48;2;42;39;42m▀[38;2;19;17;19;48;2;42;39;44m▀[38;2;15;10;18;48;2;39;34;42m▀[38;2;16;10;18;48;2;32;25;37m▀[38;2;26;26;31;48;2;46;45;57m▀[38;2;62;62;74;48;2;47;48;58m▀[38;2;50;50;64;48;2;45;48;60m▀[38;2;65;68;82;48;2;48;53;65m▀[38;2;75;78;90;48;2;64;69;80m▀[38;2;81;84;92;48;2;46;47;56m▀[38;2;56;55;61;48;2;33;33;43m▀[38;2;48;46;57;48;2;42;39;51m▀[38;2;60;59;70;48;2;44;44;58m▀[38;2;82;84;88;48;2;67;67;76m▀[38;2;100;109;117;48;2;85;88;93m▀[38;2;119;121;130;48;2;99;108;121m▀[38;2;157;154;154;48;2;149;147;149m▀[38;2;157;154;156;48;2;164;163;164m▀[38;2;158;156;160;48;2;159;158;159m▀[38;2;161;160;163;48;2;156;155;156m▀[38;2;158;155;158;48;2;154;154;157m▀[38;2;147;145;144;48;2;151;149;151m▀[38;2;143;140;139;48;2;145;143;141m▀[38;2;130;126;123;48;2;130;126;124m▀[38;2;115;112;111;48;2;113;111;110m▀[38;2;138;137;138;48;2;139;138;137m▀[38;2;78;92;74;48;2;104;119;97m▀[0m
[38;2;47;72;29;48;2;44;52;34m▀[38;2;65;86;49;48;2;41;45;27m▀[38;2;77;98;82;48;2;89;110;88m▀[38;2;87;111;92;48;2;91;116;95m▀[38;2;96;121;100;48;2;77;92;73m▀[38;2;117;124;117;48;2;110;111;107m▀[38;2;144;144;147;48;2;144;143;146m▀[38;2;129;128;132;48;2;138;135;141m▀[38;2;163;163;168;48;2;166;166;171m▀[38;2;166;166;170;48;2;168;168;173m▀[38;2;171;169;175;48;2;174;172;177m▀[38;2;173;171;176;48;2;177;174;178m▀[38;2;170;167;171;48;2;177;174;178m▀[38;2;172;171;175;48;2;182;181;185m▀[38;2;162;162;166;48;2;133;134;143m▀[38;2;100;109;118;48;2;115;124;138m▀[38;2;90;100;113;48;2;87;98;108m▀[38;2;77;84;96;48;2;78;83;91m▀[38;2;80;83;94;48;2;76;74;81m▀[38;2;89;94;98;48;2;74;70;72m▀[38;2;94;99;104;48;2;80;76;81m▀[38;2;94;95;104;48;2;90;86;93m▀[38;2;100;102;114;48;2;79;75;80m▀[38;2;87;93;102;48;2;82;82;92m▀[38;2;66;63;72;48;2;82;82;90m▀[38;2;56;52;62;48;2;61;56;63m▀[38;2;60;57;64;48;2;32;28;32m▀[38;2;55;50;60;48;2;20;14;20m▀[38;2;41;36;47;48;2;29;29;33m▀[38;2;40;41;49;48;2;72;85;94m▀[38;2;57;59;67;48;2;99;113;118m▀[38;2;55;59;62;48;2;88;98;101m▀[38;2;42;42;47;48;2;76;84;88m▀[38;2;42;42;47;48;2;52;61;67m▀[38;2;64;61;66;48;2;25;22;27m▀[38;2;26;25;33;48;2;21;18;23m▀[38;2;25;25;34;48;2;41;37;42m▀[38;2;25;27;36;48;2;53;50;56m▀[38;2;43;46;58;48;2;45;47;56m▀[38;2;58;61;72;48;2;37;32;37m▀[38;2;42;42;47;48;2;35;30;36m▀[38;2;44;44;53;48;2;24;22;34m▀[38;2;41;39;48;48;2;24;24;33m▀[38;2;42;42;54;48;2;22;18;28m▀[38;2;54;51;68;48;2;44;40;54m▀[38;2;81;85;93;48;2;76;84;96m▀[38;2;96;106;118;48;2;87;96;109m▀[38;2;122;124;135;48;2;98;107;122m▀[38;2;162;161;162;48;2;159;156;159m▀[38;2;164;162;164;48;2;166;162;166m▀[38;2;157;155;156;48;2;164;161;164m▀[38;2;163;161;164;48;2;167;164;168m▀[38;2;148;145;145;48;2;145;141;140m▀[38;2;150;147;145;48;2;155;152;152m▀[38;2;134;130;129;48;2;143;139;138m▀[38;2;115;114;112;48;2;123;119;119m▀[38;2;142;140;138;48;2;150;148;147m▀[38;2;92;106;79;48;2;116;126;115m▀[0m
[38;2;48;51;28;48;2;77;91;44m▀[38;2;43;40;26;48;2;89;104;65m▀[38;2;41;51;27;48;2;62;78;47m▀[38;2;62;79;45;48;2;48;65;30m▀[38;2;72;89;49;48;2;89;104;63m▀[38;2;112;113;105;48;2;129;129;116m▀[38;2;152;150;153;48;2;156;153;157m▀[38;2;141;140;144;48;2;137;136;138m▀[38;2;172;172;175;48;2;176;174;176m▀[38;2;176;174;178;48;2;174;173;175m▀[38;2;177;176;179;48;2;179;179;182m▀[38;2;184;182;187;48;2;180;180;184m▀[38;2;180;180;184;48;2;182;182;185m▀[38;2;180;180;186;48;2;174;171;176m▀[38;2;118;123;134;48;2;106;111;121m▀[38;2;98;108;123;48;2;93;99;113m▀[38;2;112;125;132;48;2;114;129;136m▀[38;2;71;71;80;48;2;66;67;72m▀[38;2;79;78;86;48;2;71;71;76m▀[38;2;81;78;84;48;2;75;75;84m▀[38;2;68;65;71;48;2;76;78;89m▀[38;2;75;71;77;48;2;78;78;85m▀[38;2;54;47;50;48;2;51;49;54m▀[38;2;41;34;37;48;2;28;25;27m▀[38;2;26;22;26;48;2;18;12;18m▀[38;2;20;16;22;48;2;17;14;18m▀[38;2;17;14;14;48;2;27;25;27m▀[38;2;19;23;24;48;2;53;57;61m▀[38;2;61;73;82;48;2;60;69;76m▀[38;2;82;105;112;48;2;61;79;85m▀[38;2;87;110;115;48;2;74;104;111m▀[38;2;88;109;111;48;2;70;97;105m▀[38;2;88;110;115;48;2;49;62;72m▀[38;2;82;95;105;48;2;38;39;49m▀[38;2;41;42;53;48;2;37;34;39m▀[38;2;19;14;20;48;2;26;21;27m▀[38;2;25;19;25;48;2;18;11;17m▀[38;2;23;18;28;48;2;17;12;19m▀[38;2;19;14;20;48;2;26;22;27m▀[38;2;20;16;20;48;2;42;40;51m▀[38;2;23;21;27;48;2;52;54;64m▀[38;2;43;41;52;48;2;41;39;44m▀[38;2;52;50;61;48;2;34;29;35m▀[38;2;25;23;32;48;2;30;27;36m▀[38;2;32;28;37;48;2;31;29;38m▀[38;2;62;69;82;48;2;53;59;68m▀[38;2;79;87;101;48;2;78;90;102m▀[38;2;96;106;121;48;2;81;91;105m▀[38;2;134;134;140;48;2;111;118;128m▀[38;2;162;159;163;48;2;159;157;162m▀[38;2;164;162;166;48;2;161;161;166m▀[38;2;165;163;165;48;2;165;165;169m▀[38;2;153;150;149;48;2;152;150;149m▀[38;2;159;155;155;48;2;161;159;157m▀[38;2;146;141;140;48;2;148;143;142m▀[38;2;125;122;122;48;2;125;122;124m▀[38;2;148;147;144;48;2;152;150;150m▀[38;2;109;118;111;48;2;96;110;99m▀[0m
[38;2;105;134;77;48;2;116;146;105m▀[38;2;103;131;80;48;2;97;126;78m▀[38;2;89;117;70;48;2;99;125;98m▀[38;2;58;78;39;48;2;98;123;90m▀[38;2;125;145;102;48;2;114;128;95m▀[38;2;151;151;132;48;2;136;137;115m▀[38;2;166;163;163;48;2;167;164;164m▀[38;2;139;137;142;48;2;145;143;143m▀[38;2;176;174;179;48;2;179;179;181m▀[38;2;183;184;187;48;2;189;189;193m▀[38;2;185;183;188;48;2;188;186;190m▀[38;2;179;179;182;48;2;182;182;187m▀[38;2;176;177;181;48;2;186;186;192m▀[38;2;146;147;153;48;2;144;146;154m▀[38;2;115;122;132;48;2;110;118;131m▀[38;2;90;101;112;48;2;104;119;129m▀[38;2;115;135;143;48;2;119;139;149m▀[38;2;71;76;80;48;2;73;78;85m▀[38;2;71;73;75;48;2;65;65;69m▀[38;2;77;79;84;48;2;107;112;120m▀[38;2;92;96;99;48;2;72;77;80m▀[38;2;92;98;100;48;2;30;32;32m▀[38;2;81;88;91;48;2;23;24;27m▀[38;2;37;37;44;48;2;26;27;36m▀[38;2;15;12;18;48;2;17;13;24m▀[38;2;32;29;32;48;2;31;27;30m▀[38;2;44;45;50;48;2;57;60;58m▀[38;2;57;58;63;48;2;79;84;85m▀[38;2;38;42;43;48;2;35;40;44m▀[38;2;39;44;46;48;2;55;58;62m▀[38;2;89;111;117;48;2;117;131;137m▀[38;2;72;92;102;48;2;98;114;123m▀[38;2;23;24;36;48;2;31;35;43m▀[38;2;35;35;40;48;2;57;57;62m▀[38;2;38;34;40;48;2;60;58;66m▀[38;2;24;20;28;48;2;31;27;40m▀[38;2;21;19;21;48;2;23;20;25m▀[38;2;14;14;17;48;2;15;12;15m▀[38;2;29;30;37;48;2;30;31;39m▀[38;2;49;56;64;48;2;55;63;65m▀[38;2;33;42;49;48;2;50;62;65m▀[38;2;28;33;40;48;2;79;93;99m▀[38;2;32;32;43;48;2;75;82;90m▀[38;2;33;31;41;48;2;48;47;59m▀[38;2;33;28;41;48;2;36;33;43m▀[38;2;46;52;59;48;2;44;46;56m▀[38;2;79;92;102;48;2;71;83;97m▀[38;2;72;84;94;48;2;67;79;93m▀[38;2;87;97;111;48;2;93;101;117m▀[38;2;155;154;158;48;2;136;135;141m▀[38;2;163;163;168;48;2;157;157;161m▀[38;2;169;167;171;48;2;163;163;167m▀[38;2;158;155;158;48;2;160;157;160m▀[38;2;162;158;158;48;2;165;163;163m▀[38;2;157;154;152;48;2;156;152;151m▀[38;2;125;121;121;48;2;132;128;128m▀[38;2;155;153;154;48;2;153;150;149m▀[38;2;93;106;89;48;2;99;99;95m▀[0m
[38;2;98;128;92;48;2;50;68;34m▀[38;2;79;106;76;48;2;54;75;41m▀[38;2;109;138;106;48;2;65;88;53m▀[38;2;86;111;81;48;2;64;88;59m▀[38;2;81;100;73;48;2;85;114;82m▀[38;2;120;120;108;48;2;127;134;117m▀[38;2;158;155;157;48;2;156;154;153m▀[38;2;143;141;141;48;2;139;136;138m▀[38;2;183;183;186;48;2;182;182;186m▀[38;2;187;186;192;48;2;190;190;195m▀[38;2;186;186;191;48;2;190;190;195m▀[38;2;186;185;188;48;2;190;190;193m▀[38;2;186;183;188;48;2;192;190;194m▀[38;2;130;134;143;48;2;124;130;140m▀[38;2;96;106;117;48;2;94;108;119m▀[38;2;106;123;131;48;2;112;141;145m▀[38;2;118;139;147;48;2;107;131;137m▀[38;2;87;92;103;48;2;100;108;116m▀[38;2;116;117;122;48;2;55;52;58m▀[38;2;111;119;122;48;2;22;25;28m▀[38;2;115;128;135;48;2;32;32;35m▀[38;2;110;130;138;48;2;43;46;49m▀[38;2;107;138;143;48;2;46;53;56m▀[38;2;72;89;96;48;2;23;23;31m▀[38;2;17;13;21;48;2;18;12;22m▀[38;2;34;38;40;48;2;48;60;62m▀[38;2;100;125;127;48;2;124;154;158m▀[38;2;76;83;87;48;2;120;135;143m▀[38;2;53;59;64;48;2;126;139;147m▀[38;2;105;116;126;48;2;134;151;159m▀[38;2;130;147;157;48;2;137;158;166m▀[38;2;99;116;126;48;2;108;123;132m▀[38;2;48;55;66;48;2;52;62;73m▀[38;2;51;55;66;48;2;74;82;94m▀[38;2;42;43;51;48;2;73;85;94m▀[38;2;45;51;62;48;2;54;70;80m▀[38;2;37;45;52;48;2;39;53;61m▀[38;2;17;14;21;48;2;17;19;30m▀[38;2;42;45;50;48;2;15;10;15m▀[38;2;82;97;97;48;2;30;26;29m▀[38;2;90;95;97;48;2;27;23;27m▀[38;2;55;59;63;48;2;14;17;17m▀[38;2;19;20;23;48;2;10;13;15m▀[38;2;19;17;19;48;2;10;13;11m▀[38;2;27;25;31;48;2;20;20;26m▀[38;2;43;46;57;48;2;47;53;63m▀[38;2;65;80;92;48;2;55;72;85m▀[38;2;71;87;101;48;2;79;98;110m▀[38;2;83;92;106;48;2;77;87;99m▀[38;2;125;125;136;48;2;119;121;131m▀[38;2;159;156;162;48;2;166;164;170m▀[38;2;165;165;170;48;2;168;168;174m▀[38;2;164;162;164;48;2;164;162;165m▀[38;2;167;167;165;48;2;162;161;162m▀[38;2;160;156;154;48;2;162;157;157m▀[38;2;131;127;127;48;2;131;125;126m▀[38;2;162;160;159;48;2;160;157;157m▀[38;2;104;108;104;48;2;93;98;94m▀[0m
[38;2;90;111;80;48;2;93;119;90m▀[38;2;51;74;36;48;2;102;127;96m▀[38;2;48;70;33;48;2;74;103;57m▀[38;2;57;81;43;48;2;88;117;70m▀[38;2;93;111;81;48;2;62;86;57m▀[38;2;114;121;101;48;2;111;122;111m▀[38;2;173;169;172;48;2;173;170;173m▀[38;2;141;139;143;48;2;146;144;150m▀[38;2;188;186;191;48;2;194;192;199m▀[38;2;193;193;198;48;2;190;188;191m▀[38;2;191;191;195;48;2;192;190;195m▀[38;2;191;191;196;48;2;195;195;199m▀[38;2;190;190;196;48;2;190;191;196m▀[38;2;122;129;137;48;2;112;122;131m▀[38;2;97;113;121;48;2;94;112;120m▀[38;2;120;151;158;48;2;117;146;153m▀[38;2;105;130;135;48;2;111;132;139m▀[38;2;92;103;106;48;2;91;105;110m▀[38;2;24;20;27;48;2;23;25;27m▀[38;2;23;19;30;48;2;22;23;33m▀[38;2;36;31;41;48;2;49;51;61m▀[38;2;43;39;45;48;2;75;76;80m▀[38;2;24;24;29;48;2;32;30;37m▀[38;2;18;15;25;48;2;17;17;25m▀[38;2;14;12;22;48;2;15;15;29m▀[38;2;57;65;70;48;2;65;72;80m▀[38;2;111;142;146;48;2;106;135;140m▀[38;2;105;127;132;48;2;104;131;136m▀[38;2;113;127;135;48;2;103;120;128m▀[38;2;129;149;156;48;2;135;152;160m▀[38;2;144;159;167;48;2;86;94;98m▀[38;2;110;119;129;48;2;53;58;60m▀[38;2;59;70;80;48;2;38;45;50m▀[38;2;60;76;86;48;2;52;66;75m▀[38;2;58;73;84;48;2;49;62;72m▀[38;2;45;64;74;48;2;43;58;70m▀[38;2;48;61;67;48;2;46;59;66m▀[38;2;20;24;27;48;2;21;21;28m▀[38;2;16;12;18;48;2;19;15;24m▀[38;2;17;13;21;48;2;23;23;31m▀[38;2;43;43;49;48;2;83;89;94m▀[38;2;34;31;35;48;2;66;78;84m▀[38;2;15;13;15;48;2;30;34;39m▀[38;2;17;12;20;48;2;30;30;40m▀[38;2;24;22;31;48;2;32;30;40m▀[38;2;56;66;76;48;2;47;52;60m▀[38;2;61;75;84;48;2;52;62;73m▀[38;2;69;87;102;48;2;71;91;110m▀[38;2;70;82;97;48;2;77;90;108m▀[38;2;111;115;128;48;2;107;113;127m▀[38;2;166;167;172;48;2;167;166;168m▀[38;2;164;167;171;48;2;171;172;176m▀[38;2;159;157;161;48;2;166;166;169m▀[38;2;165;162;165;48;2;169;167;167m▀[38;2;164;161;161;48;2;160;158;156m▀[38;2;134;130;130;48;2;136;132;134m▀[38;2;159;158;157;48;2;157;154;154m▀[38;2;99;100;92;48;2;104;105;100m▀[0m
[38;2;106;133;95;48;2;71;99;42m▀[38;2;100;125;87;48;2;43;58;21m▀[38;2;63;85;47;48;2;49;63;33m▀[38;2;95;115;92;48;2;51;69;39m▀[38;2;94;114;94;48;2;67;82;44m▀[38;2;118;132;116;48;2;91;103;69m▀[38;2;172;170;170;48;2;170;168;167m▀[38;2;143;140;143;48;2;142;138;140m▀[38;2;189;187;189;48;2;192;192;193m▀[38;2;193;189;193;48;2;193;189;193m▀[38;2;195;192;196;48;2;197;193;198m▀[38;2;198;195;201;48;2;199;195;201m▀[38;2;196;196;202;48;2;195;194;199m▀[38;2;123;130;140;48;2;123;131;141m▀[38;2;94;108;117;48;2;94;103;115m▀[38;2;113;134;140;48;2;113;133;139m▀[38;2;109;131;138;48;2;108;129;136m▀[38;2;95;115;123;48;2;103;125;131m▀[38;2;59;66;69;48;2;78;88;90m▀[38;2;59;70;77;48;2;75;87;88m▀[38;2;95;108;114;48;2;122;142;143m▀[38;2;101;113;114;48;2;117;137;140m▀[38;2;69;81;85;48;2;96;112;118m▀[38;2;28;29;40;48;2;35;46;55m▀[38;2;25;24;37;48;2;37;35;47m▀[38;2;53;60;69;48;2;40;47;54m▀[38;2;95;116;122;48;2;83;103;109m▀[38;2;107;134;139;48;2;103;126;131m▀[38;2;105;125;132;48;2;119;139;145m▀[38;2;143;163;169;48;2;134;157;162m▀[38;2;112;125;132;48;2;109;122;129m▀[38;2;41;41;48;48;2;84;89;99m▀[38;2;39;42;55;48;2;59;61;80m▀[38;2;50;61;77;48;2;55;65;80m▀[38;2;46;54;64;48;2;49;55;60m▀[38;2;44;57;68;48;2;43;53;57m▀[38;2;42;52;60;48;2;30;39;48m▀[38;2;17;18;29;48;2;13;18;29m▀[38;2;24;24;34;48;2;31;32;42m▀[38;2;35;41;46;48;2;46;54;65m▀[38;2;88;100;110;48;2;90;111;125m▀[38;2;90;112;123;48;2;101;132;143m▀[38;2;54;64;73;48;2;56;72;81m▀[38;2;26;28;39;48;2;31;34;48m▀[38;2;39;43;52;48;2;51;58;72m▀[38;2;63;70;77;48;2;58;64;74m▀[38;2;64;74;82;48;2;63;73;85m▀[38;2;76;97;114;48;2;78;98;111m▀[38;2;84;98;113;48;2;86;99;108m▀[38;2;110;115;126;48;2;117;121;131m▀[38;2;174;171;172;48;2;175;172;174m▀[38;2;173;171;173;48;2;175;175;179m▀[38;2;170;170;171;48;2;174;174;179m▀[38;2;164;161;161;48;2;173;170;174m▀[38;2;163;159;156;48;2;170;167;166m▀[38;2;137;135;137;48;2;139;137;138m▀[38;2;159;157;158;48;2;161;158;158m▀[38;2;100;100;97;48;2;102;98;97m▀[0m
[38;2;91;128;60;48;2;43;61;20m▀[38;2;59;83;24;48;2;59;83;28m▀[38;2;70;88;39;48;2;142;160;118m▀[38;2;60;78;36;48;2;114;131;81m▀[38;2;49;62;21;48;2;109;119;65m▀[38;2;94;105;65;48;2;93;98;67m▀[38;2;179;176;178;48;2;177;176;177m▀[38;2;145;141;144;48;2;145;142;146m▀[38;2;193;194;197;48;2;190;190;190m▀[38;2;191;191;195;48;2;193;190;193m▀[38;2;196;193;197;48;2;195;193;197m▀[38;2;199;197;202;48;2;198;196;201m▀[38;2;196;193;198;48;2;196;194;200m▀[38;2;127;133;148;48;2;129;135;146m▀[38;2;101;112;124;48;2;104;117;127m▀[38;2;109;129;139;48;2;113;132;146m▀[38;2;105;124;133;48;2;108;127;137m▀[38;2;115;132;140;48;2;108;128;136m▀[38;2;92;107;116;48;2;93;112;125m▀[38;2;85;101;109;48;2;83;98;109m▀[38;2;103;127;131;48;2;103;121;129m▀[38;2;124;146;151;48;2;126;148;154m▀[38;2;112;130;133;48;2;115;135;137m▀[38;2;47;61;71;48;2;66;84;93m▀[38;2;39;45;54;48;2;52;58;69m▀[38;2;40;42;52;48;2;48;56;65m▀[38;2;61;75;81;48;2;42;48;54m▀[38;2;99;122;128;48;2;85;103;103m▀[38;2;91;106;111;48;2;89;110;109m▀[38;2;69;75;83;48;2;119;132;139m▀[38;2;65;67;77;48;2;119;131;141m▀[38;2;47;45;56;48;2;87;93;101m▀[38;2;31;31;44;48;2;53;55;65m▀[38;2;28;41;49;48;2;66;74;82m▀[38;2;43;54;59;48;2;41;53;60m▀[38;2;35;45;55;48;2;31;38;47m▀[38;2;21;26;38;48;2;21;24;38m▀[38;2;27;33;46;48;2;40;51;65m▀[38;2;35;39;49;48;2;41;52;62m▀[38;2;61;73;88;48;2;79;102;113m▀[38;2;101;127;140;48;2;108;139;152m▀[38;2;109;139;149;48;2;110;142;150m▀[38;2;65;86;92;48;2;68;92;101m▀[38;2;35;39;57;48;2;32;39;56m▀[38;2;51;58;70;48;2;48;54;65m▀[38;2;48;53;59;48;2;53;64;68m▀[38;2;56;66;77;48;2;61;75;83m▀[38;2;84;104;113;48;2;80;101;108m▀[38;2;87;101;108;48;2;85;97;105m▀[38;2;113;116;126;48;2;115;117;126m▀[38;2;172;168;168;48;2;178;176;178m▀[38;2;176;174;177;48;2;177;177;182m▀[38;2;174;174;179;48;2;175;173;176m▀[38;2;172;170;172;48;2;173;172;175m▀[38;2;169;166;165;48;2;174;170;174m▀[38;2;138;136;138;48;2;140;135;137m▀[38;2;165;161;161;48;2;162;158;158m▀[38;2;108;106;103;48;2;109;119;100m▀[0m
[38;2;39;41;22;48;2;83;110;70m▀[38;2;38;46;19;48;2;49;62;36m▀[38;2;97;106;82;48;2;41;44;30m▀[38;2;101;105;84;48;2;90;105;64m▀[38;2;83;85;52;48;2;73;80;45m▀[38;2;76;71;56;48;2;79;76;64m▀[38;2;177;174;173;48;2;177;173;171m▀[38;2;144;140;142;48;2;145;141;143m▀[38;2;188;185;184;48;2;190;186;185m▀[38;2;197;195;197;48;2;197;194;197m▀[38;2;196;196;199;48;2;197;198;199m▀[38;2;196;193;198;48;2;197;195;200m▀[38;2;196;196;202;48;2;200;197;202m▀[38;2;139;144;157;48;2;153;156;168m▀[38;2;98;113;126;48;2;102;115;126m▀[38;2;105;127;141;48;2;96;115;128m▀[38;2;103;123;138;48;2;98;120;134m▀[38;2;111;132;144;48;2;94;118;127m▀[38;2;98;120;134;48;2;88;111;120m▀[38;2;91;106;118;48;2;85;102;111m▀[38;2;110;123;127;48;2;106;119;125m▀[38;2;127;149;154;48;2;133;156;163m▀[38;2;119;140;143;48;2;121;141;143m▀[38;2;87;110;118;48;2;100;125;132m▀[38;2;51;63;75;48;2;39;54;69m▀[38;2;43;56;67;48;2;81;97;112m▀[38;2;65;71;81;48;2;52;59;72m▀[38;2;57;66;70;48;2;69;76;85m▀[38;2;93;109;110;48;2;70;81;83m▀[38;2;110;123;131;48;2;109;123;129m▀[38;2;81;88;97;48;2;136;153;158m▀[38;2;68;72;80;48;2;109;127;132m▀[38;2;54;64;74;48;2;73;86;98m▀[38;2;59;70;83;48;2;50;56;69m▀[38;2;41;47;59;48;2;23;25;35m▀[38;2;21;28;43;48;2;32;38;50m▀[38;2;40;45;64;48;2;33;40;56m▀[38;2;43;54;70;48;2;51;62;76m▀[38;2;41;51;63;48;2;28;38;49m▀[38;2;95;119;130;48;2;107;133;140m▀[38;2;110;143;154;48;2;109;141;149m▀[38;2;116;156;165;48;2;112;155;163m▀[38;2;75;107;118;48;2;77;112;119m▀[38;2;38;45;59;48;2;44;51;61m▀[38;2;50;56;67;48;2;53;60;70m▀[38;2;55;66;80;48;2;57;69;85m▀[38;2;73;92;105;48;2;76;98;115m▀[38;2;81;102;110;48;2;81;106;119m▀[38;2;92;102;114;48;2;98;109;120m▀[38;2;126;128;134;48;2;139;139;144m▀[38;2;184;180;182;48;2;180;178;178m▀[38;2;177;174;177;48;2;178;174;178m▀[38;2;177;174;179;48;2;179;175;181m▀[38;2;175;173;178;48;2;177;176;180m▀[38;2;174;170;175;48;2;176;174;177m▀[38;2;141;136;141;48;2;134;132;135m▀[38;2;166;161;161;48;2;164;161;158m▀[38;2;113;120;103;48;2;109;106;104m▀[0m
[38;2;94;127;80;48;2;81;105;56m▀[38;2;90;118;72;48;2;76;100;46m▀[38;2;64;73;44;48;2;73;76;49m▀[38;2;63;74;44;48;2;58;58;38m▀[38;2;74;70;54;48;2;82;78;67m▀[38;2;87;82;74;48;2;105;94;89m▀[38;2;173;169;169;48;2;182;177;177m▀[38;2;149;144;143;48;2;149;145;142m▀[38;2;192;190;190;48;2;191;186;191m▀[38;2;198;194;198;48;2;197;194;198m▀[38;2;200;197;200;48;2;199;196;199m▀[38;2;199;196;199;48;2;201;198;202m▀[38;2;203;198;202;48;2;197;194;197m▀[38;2;171;171;176;48;2;194;192;194m▀[38;2;121;131;143;48;2;125;132;145m▀[38;2;89;108;118;48;2;86;102;111m▀[38;2;108;133;141;48;2;104;128;136m▀[38;2;92;116;124;48;2;93;119;131m▀[38;2;90;116;127;48;2;97;128;141m▀[38;2;96;118;128;48;2;105;134;141m▀[38;2;93;105;114;48;2;78;92;99m▀[38;2;133;157;161;48;2;113;132;137m▀[38;2;127;143;144;48;2;126;144;144m▀[38;2;114;141;145;48;2;127;161;159m▀[38;2;41;58;75;48;2;51;71;89m▀[38;2;71;84;100;48;2;43;52;70m▀[38;2;80;93;109;48;2;94;111;126m▀[38;2;64;74;82;48;2;94;112;121m▀[38;2;73;82;85;48;2;57;69;70m▀[38;2;67;79;82;48;2;57;64;66m▀[38;2;51;63;69;48;2;62;68;74m▀[38;2;39;43;48;48;2;45;48;53m▀[38;2;27;33;36;48;2;28;28;30m▀[38;2;18;18;24;48;2;24;21;25m▀[38;2;21;25;34;48;2;31;41;50m▀[38;2;30;40;53;48;2;65;91;107m▀[38;2;59;75;91;48;2;49;75;92m▀[38;2;39;53;70;48;2;45;64;78m▀[38;2;35;43;55;48;2;28;40;56m▀[38;2;123;151;154;48;2;131;163;171m▀[38;2;112;145;155;48;2;105;138;146m▀[38;2;114;154;160;48;2;71;89;102m▀[38;2;44;52;57;48;2;59;65;77m▀[38;2;31;31;35;48;2;40;40;48m▀[38;2;49;59;67;48;2;48;54;65m▀[38;2;56;75;86;48;2;51;66;76m▀[38;2;75;99;114;48;2;67;87;101m▀[38;2;74;102;114;48;2;73;93;103m▀[38;2;101;113;122;48;2;101;110;122m▀[38;2;155;153;156;48;2;167;164;164m▀[38;2;182;179;179;48;2;175;172;172m▀[38;2;179;175;178;48;2;175;171;171m▀[38;2;176;173;175;48;2;178;175;177m▀[38;2;174;174;179;48;2;177;177;181m▀[38;2;174;172;176;48;2;177;174;177m▀[38;2;138;134;136;48;2;142;137;142m▀[38;2;162;158;157;48;2;168;165;164m▀[38;2;105;101;101;48;2;109;106;105m▀[0m
[38;2;62;71;40;48;2;51;57;27m▀[38;2;67;81;39;48;2;82;99;49m▀[38;2;84;109;55;48;2;92;105;58m▀[38;2;115;135;81;48;2;72;60;44m▀[38;2;74;62;49;48;2;66;52;46m▀[38;2;90;78;68;48;2;82;69;62m▀[38;2;178;174;173;48;2;188;184;183m▀[38;2;150;146;145;48;2;149;144;143m▀[38;2;189;186;189;48;2;193;190;193m▀[38;2;194;190;193;48;2;198;195;198m▀[38;2;198;194;197;48;2;200;196;199m▀[38;2;202;199;203;48;2;197;194;197m▀[38;2;196;194;197;48;2;195;192;194m▀[38;2;198;196;200;48;2;198;195;198m▀[38;2;146;149;159;48;2;166;167;173m▀[38;2;97;109;120;48;2;112;117;127m▀[38;2;103;124;132;48;2;102;118;124m▀[38;2;95;120;131;48;2;94;115;125m▀[38;2;95;116;131;48;2;102;118;131m▀[38;2;96;116;123;48;2;92;105;112m▀[38;2;91;100;103;48;2;86;91;96m▀[38;2;128;143;149;48;2;139;157;167m▀[38;2;96;111;121;48;2;107;123;139m▀[38;2;133;176;173;48;2;71;94;103m▀[38;2;63;88;101;48;2;78;102;114m▀[38;2;31;33;48;48;2;33;33;51m▀[38;2;69;81;94;48;2;47;53;64m▀[38;2;84;106;112;48;2;90;106;118m▀[38;2;111;135;140;48;2;69;87;90m▀[38;2;85;96;103;48;2;96;119;125m▀[38;2;66;73;84;48;2;109;138;145m▀[38;2;57;63;73;48;2;107;142;146m▀[38;2;52;62;70;48;2;106;147;151m▀[38;2;69;86;95;48;2;86;120;131m▀[38;2;91;125;138;48;2;74;106;118m▀[38;2;58;91;109;48;2;44;67;81m▀[38;2;48;70;89;48;2;49;64;80m▀[38;2;40;56;74;48;2;30;49;64m▀[38;2;47;64;79;48;2;70;94;106m▀[38;2;130;170;175;48;2;83;106;111m▀[38;2;64;84;94;48;2;69;80;89m▀[38;2;106;128;141;48;2;119;143;158m▀[38;2;71;88;100;48;2;84;110;125m▀[38;2;34;39;49;48;2;43;53;69m▀[38;2;48;54;66;48;2;43;52;67m▀[38;2;51;65;74;48;2;49;65;79m▀[38;2;62;83;96;48;2;58;79;92m▀[38;2;72;88;101;48;2;81;92;104m▀[38;2;111;114;127;48;2;129;129;139m▀[38;2;183;179;181;48;2;182;178;181m▀[38;2;183;179;182;48;2;181;177;181m▀[38;2;178;176;178;48;2;181;179;183m▀[38;2;181;181;183;48;2;179;176;181m▀[38;2;177;174;178;48;2;178;173;175m▀[38;2;175;172;172;48;2;178;175;175m▀[38;2;136;133;133;48;2;144;140;141m▀[38;2;161;157;156;48;2;166;161;160m▀[38;2;110;105;103;48;2;108;101;100m▀[0m
[38;2;102;117;63;48;2;74;70;49m▀[38;2;85;96;46;48;2;75;65;52m▀[38;2;69;60;48;48;2;55;44;34m▀[38;2;78;66;59;48;2;77;68;61m▀[38;2;66;54;52;48;2;47;37;35m▀[38;2;48;40;38;48;2;53;46;42m▀[38;2;190;186;188;48;2;188;185;185m▀[38;2;151;148;150;48;2;155;150;152m▀[38;2;190;186;190;48;2;191;187;192m▀[38;2;200;197;199;48;2;201;201;205m▀[38;2;199;196;199;48;2;204;201;204m▀[38;2;197;194;198;48;2;200;198;201m▀[38;2;196;193;196;48;2;195;192;196m▀[38;2;196;193;195;48;2;168;164;167m▀[38;2;195;195;198;48;2;204;202;205m▀[38;2;130;131;137;48;2;157;157;162m▀[38;2;99;106;114;48;2;118;122;130m▀[38;2;100;116;125;48;2;101;117;127m▀[38;2;101;116;127;48;2;106;123;136m▀[38;2;102;113;122;48;2;96;105;116m▀[38;2;94;101;112;48;2;94;104;113m▀[38;2;149;178;184;48;2;143;178;185m▀[38;2;113;141;154;48;2;98;128;136m▀[38;2;92;117;127;48;2;86;111;117m▀[38;2;89;107;118;48;2;66;86;96m▀[38;2;39;47;64;48;2;46;59;80m▀[38;2;33;36;50;48;2;62;75;96m▀[38;2;59;70;80;48;2;44;59;74m▀[38;2;105;122;133;48;2;36;48;51m▀[38;2;95;117;127;48;2;57;68;70m▀[38;2;83;109;113;48;2;85;99;102m▀[38;2;72;94;98;48;2;91;108;114m▀[38;2;75;105;111;48;2;73;86;93m▀[38;2;70;93;107;48;2;46;52;56m▀[38;2;51;71;77;48;2;20;24;28m▀[38;2;28;36;47;48;2;18;24;35m▀[38;2;27;34;47;48;2;56;71;84m▀[38;2;60;85;100;48;2;87;105;114m▀[38;2;83;103;117;48;2;87;103;114m▀[38;2;65;79;90;48;2;99;118;130m▀[38;2;129;153;165;48;2;66;73;78m▀[38;2;136;167;180;48;2;82;97;106m▀[38;2;92;126;140;48;2;89;119;130m▀[38;2;52;69;86;48;2;64;86;101m▀[38;2;51;61;81;48;2;45;58;74m▀[38;2;55;70;86;48;2;51;63;72m▀[38;2;62;77;87;48;2;74;87;97m▀[38;2;88;99;110;48;2;103;108;121m▀[38;2;158;155;157;48;2;158;154;153m▀[38;2;162;157;157;48;2;151;146;144m▀[38;2;178;173;176;48;2;179;174;174m▀[38;2;180;177;182;48;2;177;174;177m▀[38;2;175;171;175;48;2;175;173;175m▀[38;2;178;175;174;48;2;176;173;175m▀[38;2;172;167;166;48;2;175;171;171m▀[38;2;138;133;136;48;2;135;130;133m▀[38;2;166;163;161;48;2;168;165;165m▀[38;2;112;107;105;48;2;116;108;108m▀[0m
[38;2;60;51;36;48;2;79;81;49m▀[38;2;75;66;48;48;2;81;98;54m▀[38;2;57;47;37;48;2;83;101;59m▀[38;2;62;50;44;48;2;51;38;26m▀[38;2;81;69;60;48;2;96;78;66m▀[38;2;53;40;35;48;2;80;66;62m▀[38;2;185;182;181;48;2;180;176;174m▀[38;2;155;149;154;48;2;152;148;150m▀[38;2;190;186;190;48;2;183;179;181m▀[38;2;201;198;201;48;2;196;195;197m▀[38;2;198;195;198;48;2;196;193;195m▀[38;2;195;191;193;48;2;193;189;189m▀[38;2;191;189;191;48;2;196;194;196m▀[38;2;184;182;184;48;2;167;161;167m▀[38;2;156;150;154;48;2;158;152;151m▀[38;2;194;192;196;48;2;204;200;202m▀[38;2;138;143;152;48;2;165;170;175m▀[38;2;100;116;125;48;2;110;121;131m▀[38;2;115;135;148;48;2;108;128;141m▀[38;2;102;115;125;48;2;99;114;124m▀[38;2;102;117;123;48;2;81;92;98m▀[38;2;60;69;73;48;2;30;27;34m▀[38;2;22;17;26;48;2;33;37;46m▀[38;2;45;55;64;48;2;105;130;140m▀[38;2;59;86;100;48;2;79;118;129m▀[38;2;43;58;74;48;2;40;61;74m▀[38;2;47;59;76;48;2;28;31;44m▀[38;2;82;112;131;48;2;84;105;119m▀[38;2;72;95;107;48;2;115;144;157m▀[38;2;56;69;77;48;2;113;142;155m▀[38;2;44;49;54;48;2;115;138;147m▀[38;2;35;37;38;48;2;109;125;131m▀[38;2;29;25;35;48;2;105;119;127m▀[38;2;25;23;29;48;2;98;111;121m▀[38;2;35;40;46;48;2;111;128;139m▀[38;2;67;79;94;48;2;103;116;130m▀[38;2;93;108;120;48;2;47;53;66m▀[38;2;53;61;71;48;2;24;25;42m▀[38;2;84;100;110;48;2;72;89;100m▀[38;2;117;151;161;48;2;115;157;164m▀[38;2;37;48;63;48;2;62;87;105m▀[38;2;40;45;54;48;2;58;77;88m▀[38;2;48;54;66;48;2;83;97;107m▀[38;2;64;80;93;48;2;61;73;84m▀[38;2;45;55;73;48;2;49;59;74m▀[38;2;52;58;70;48;2;68;79;90m▀[38;2;93;108;118;48;2;94;103;113m▀[38;2;135;136;141;48;2;139;141;141m▀[38;2;140;136;136;48;2;134;131;130m▀[38;2;127;123;124;48;2;140;136;132m▀[38;2;182;177;179;48;2;172;166;166m▀[38;2;169;166;168;48;2;167;163;165m▀[38;2;172;168;171;48;2;171;167;169m▀[38;2;177;172;176;48;2;174;172;173m▀[38;2;170;168;170;48;2;170;167;169m▀[38;2;137;132;134;48;2;137;132;134m▀[38;2;165;161;160;48;2;161;156;155m▀[38;2;117;108;109;48;2;109;104;105m▀[0m
[38;2;65;65;40;48;2;42;33;26m▀[38;2;58;72;33;48;2;41;32;26m▀[38;2;64;83;42;48;2;79;95;59m▀[38;2;59;50;33;48;2;67;57;38m▀[38;2;73;51;44;48;2;65;46;42m▀[38;2;82;66;64;48;2;43;29;29m▀[38;2;179;174;173;48;2;169;164;163m▀[38;2;154;149;153;48;2;157;152;156m▀[38;2;179;176;178;48;2;177;175;177m▀[38;2;199;196;201;48;2;195;196;199m▀[38;2;196;193;196;48;2;198;195;197m▀[38;2;194;191;191;48;2;196;193;194m▀[38;2;194;193;194;48;2;195;193;197m▀[38;2;172;169;173;48;2;172;167;169m▀[38;2;188;183;180;48;2;153;146;146m▀[38;2;208;206;208;48;2;166;159;162m▀[38;2;193;194;197;48;2;198;194;193m▀[38;2;128;138;146;48;2;170;170;176m▀[38;2;100;112;122;48;2;124;130;141m▀[38;2;100;115;123;48;2;94;102;113m▀[38;2;87;97;104;48;2;94;107;116m▀[38;2;73;79;84;48;2;93;117;124m▀[38;2;83;95;101;48;2;82;103;109m▀[38;2;66;81;85;48;2;68;75;82m▀[38;2;53;75;79;48;2;71;80;81m▀[38;2;49;70;79;48;2;55;69;75m▀[38;2;36;42;58;48;2;47;55;68m▀[38;2;45;52;63;48;2;70;85;95m▀[38;2;119;142;152;48;2;108;128;137m▀[38;2;130;154;169;48;2;97;118;124m▀[38;2;134;160;172;48;2;93;117;124m▀[38;2;129;153;162;48;2;83;103;109m▀[38;2;128;151;159;48;2;92;118;124m▀[38;2;115;137;146;48;2;92;123;128m▀[38;2;124;146;159;48;2;97;129;137m▀[38;2;55;67;84;48;2;60;81;90m▀[38;2;25;28;40;48;2;45;58;71m▀[38;2;40;47;63;48;2;48;59;74m▀[38;2;76;98;113;48;2;67;83;94m▀[38;2;94;126;133;48;2;43;46;54m▀[38;2;27;33;39;48;2;21;18;28m▀[38;2;26;31;36;48;2;23;20;32m▀[38;2;34;35;44;48;2;24;26;36m▀[38;2;30;32;45;48;2;31;33;44m▀[38;2;46;52;67;48;2;59;62;75m▀[38;2;83;95;102;48;2;80;86;94m▀[38;2;102;109;115;48;2;125;126;128m▀[38;2;134;135;138;48;2;127;125;125m▀[38;2;141;139;137;48;2;106;102;100m▀[38;2;133;128;128;48;2;133;128;128m▀[38;2;170;165;165;48;2;172;169;167m▀[38;2;168;163;164;48;2;168;163;164m▀[38;2;171;166;168;48;2;170;167;170m▀[38;2;172;168;168;48;2;169;166;167m▀[38;2;170;166;167;48;2;172;167;170m▀[38;2;137;132;136;48;2;135;129;134m▀[38;2;157;153;151;48;2;155;149;148m▀[38;2;106;101;102;48;2;97;93;91m▀[0m
[38;2;48;36;28;48;2;59;46;39m▀[38;2;45;35;29;48;2;42;29;22m▀[38;2;82;88;65;48;2;40;31;22m▀[38;2;68;57;44;48;2;63;48;39m▀[38;2;69;56;49;48;2;72;53;45m▀[38;2;48;34;31;48;2;58;41;40m▀[38;2;163;159;157;48;2;161;156;154m▀[38;2;158;154;156;48;2;157;155;156m▀[38;2;177;175;176;48;2;171;167;168m▀[38;2;195;195;199;48;2;198;196;199m▀[38;2;193;191;194;48;2;194;192;195m▀[38;2;195;192;195;48;2;193;190;192m▀[38;2;196;194;196;48;2;195;193;193m▀[38;2;173;171;171;48;2;158;157;155m▀[38;2;153;146;149;48;2;126;120;118m▀[38;2;154;146;147;48;2;178;173;173m▀[38;2;200;196;195;48;2;200;196;194m▀[38;2;208;206;206;48;2;205;203;201m▀[38;2;146;148;157;48;2;197;194;197m▀[38;2;109;116;127;48;2;125;130;138m▀[38;2;93;110;119;48;2;102;114;121m▀[38;2;99;128;133;48;2;96;118;124m▀[38;2;104;133;139;48;2;75;91;98m▀[38;2;96;113;120;48;2;59;71;73m▀[38;2;77;90;91;48;2;56;69;73m▀[38;2;32;44;51;48;2;64;79;87m▀[38;2;52;62;79;48;2;77;97;112m▀[38;2;57;68;77;48;2;64;78;88m▀[38;2;99;115;122;48;2;52;65;69m▀[38;2;39;42;45;48;2;43;54;57m▀[38;2;39;40;45;48;2;32;39;40m▀[38;2;37;35;39;48;2;31;33;33m▀[38;2;35;35;40;48;2;30;32;33m▀[38;2;38;40;42;48;2;31;33;35m▀[38;2;38;45;44;48;2;36;32;31m▀[38;2;48;61;71;48;2;36;42;45m▀[38;2;37;47;59;48;2;42;57;66m▀[38;2;42;56;73;48;2;49;72;87m▀[38;2;48;64;74;48;2;56;75;89m▀[38;2;45;52;57;48;2;57;68;75m▀[38;2;32;30;36;48;2;57;65;68m▀[38;2;28;30;42;48;2;48;48;65m▀[38;2;31;33;45;48;2;78;82;91m▀[38;2;55;56;68;48;2;84;88;99m▀[38;2;74;75;87;48;2;146;146;144m▀[38;2;143;143;141;48;2;161;157;153m▀[38;2;139;136;133;48;2;160;159;152m▀[38;2;139;136;132;48;2;129;125;121m▀[38;2;141;135;132;48;2;130;124;120m▀[38;2;121;117;114;48;2;119;115;112m▀[38;2;171;167;165;48;2;170;166;163m▀[38;2;173;167;167;48;2;166;161;161m▀[38;2;170;166;168;48;2;172;167;169m▀[38;2;168;165;164;48;2;171;169;170m▀[38;2;167;164;164;48;2;164;161;161m▀[38;2;138;133;136;48;2;138;133;134m▀[38;2;142;137;135;48;2;133;127;125m▀[38;2;93;89;86;48;2;99;93;92m▀[0m
[38;2;58;45;37;48;2;57;45;38m▀[38;2;43;31;22;48;2;51;40;28m▀[38;2;50;41;31;48;2;55;43;37m▀[38;2;74;56;45;48;2;38;24;19m▀[38;2;84;68;59;48;2;60;50;41m▀[38;2;75;58;51;48;2;71;54;45m▀[38;2;153;147;144;48;2;146;142;138m▀[38;2;155;152;154;48;2;160;158;157m▀[38;2;167;165;168;48;2;165;163;163m▀[38;2;191;191;194;48;2;189;189;191m▀[38;2;189;186;188;48;2;190;187;191m▀[38;2;191;187;189;48;2;191;187;189m▀[38;2;197;194;197;48;2;192;190;191m▀[38;2;170;168;168;48;2;169;166;169m▀[38;2;141;137;137;48;2;101;95;102m▀[38;2;144;138;138;48;2;111;104;111m▀[38;2;176;171;173;48;2;165;162;159m▀[38;2;204;202;202;48;2;175;170;170m▀[38;2;206;204;205;48;2;201;198;198m▀[38;2;193;191;195;48;2;202;199;201m▀[38;2;119;124;134;48;2;194;192;197m▀[38;2;97;110;120;48;2;123;128;138m▀[38;2;103;123;130;48;2;123;129;137m▀[38;2;99;122;128;48;2;103;119;122m▀[38;2;87;108;118;48;2;97;118;126m▀[38;2;89;110;127;48;2;93;118;129m▀[38;2;94;123;137;48;2;92;121;133m▀[38;2;80;102;113;48;2;88;112;122m▀[38;2;81;97;103;48;2;82;103;111m▀[38;2;72;94;101;48;2;85;106;112m▀[38;2;66;83;86;48;2;84;106;111m▀[38;2;62;77;82;48;2;84;107;114m▀[38;2;63;76;85;48;2;91;117;129m▀[38;2;58;65;68;48;2;68;89;97m▀[38;2;55;66;66;48;2;69;90;95m▀[38;2;61;78;83;48;2;80;106;110m▀[38;2;72;97;105;48;2;85;115;120m▀[38;2;64;91;101;48;2;79;106;113m▀[38;2;58;78;90;48;2;72;91;99m▀[38;2;66;79;89;48;2;82;92;102m▀[38;2;68;79;86;48;2;113;119;129m▀[38;2;98;103;113;48;2;101;109;118m▀[38;2;112;120;122;48;2;147;149;150m▀[38;2;138;140;136;48;2;163;160;157m▀[38;2;174;171;167;48;2;184;180;177m▀[38;2;176;171;166;48;2;153;146;140m▀[38;2;155;151;146;48;2;115;108;100m▀[38;2;110;103;102;48;2;121;115;114m▀[38;2;125;117;116;48;2;121;114;113m▀[38;2;112;102;101;48;2;129;119;119m▀[38;2;170;164;164;48;2;171;164;164m▀[38;2;163;158;158;48;2;159;154;153m▀[38;2;166;162;161;48;2;159;154;154m▀[38;2;166;163;166;48;2;160;156;159m▀[38;2;162;159;162;48;2;160;156;160m▀[38;2;133;130;133;48;2;131;129;131m▀[38;2;133;128;125;48;2;135;130;128m▀[38;2;97;91;90;48;2;95;90;86m▀[0m
[38;2;57;44;38;48;2;54;38;38m▀[38;2;46;34;27;48;2;47;35;36m▀[38;2;40;29;26;48;2;37;30;28m▀[38;2;47;41;31;48;2;43;32;29m▀[38;2;92;97;65;48;2;58;47;40m▀[38;2;84;84;58;48;2;96;88;77m▀[38;2;141;137;131;48;2;135;128;121m▀[38;2;161;156;157;48;2;160;157;155m▀[38;2;158;156;155;48;2;150;145;144m▀[38;2;188;187;188;48;2;183;180;180m▀[38;2;188;188;191;48;2;184;182;183m▀[38;2;188;186;188;48;2;188;187;187m▀[38;2;190;187;192;48;2;187;185;189m▀[38;2;186;183;185;48;2;177;173;176m▀[38;2;129;124;128;48;2;123;115;116m▀[38;2;127;120;120;48;2;144;137;135m▀[38;2;154;149;148;48;2;135;128;127m▀[38;2;158;152;151;48;2;147;139;142m▀[38;2;168;163;163;48;2;169;163;163m▀[38;2;203;200;200;48;2;178;174;173m▀[38;2;200;197;201;48;2;158;154;154m▀[38;2;191;189;190;48;2;172;167;166m▀[38;2;146;144;149;48;2;187;183;182m▀[38;2;144;148;150;48;2;151;151;151m▀[38;2;117;128;136;48;2;132;135;141m▀[38;2;93;107;117;48;2;116;122;131m▀[38;2;89;108;118;48;2;107;116;124m▀[38;2;91;111;124;48;2;101;114;121m▀[38;2;91;116;127;48;2;89;105;114m▀[38;2;92;122;128;48;2;86;104;118m▀[38;2;92;118;124;48;2;81;96;111m▀[38;2;89;115;125;48;2;78;95;105m▀[38;2;84;114;126;48;2;74;94;108m▀[38;2;83;112;120;48;2;91;112;120m▀[38;2;78;99;107;48;2;94;113;122m▀[38;2;88;110;119;48;2;100;118;125m▀[38;2;92;119;125;48;2;115;130;135m▀[38;2;85;104;110;48;2;129;138;145m▀[38;2;96;107;115;48;2;111;118;122m▀[38;2;111;118;126;48;2;140;140;144m▀[38;2;115;120;130;48;2;180;177;179m▀[38;2;150;152;153;48;2;161;159;159m▀[38;2;156;154;153;48;2;120;117;114m▀[38;2;170;166;164;48;2;126;120;116m▀[38;2;175;175;171;48;2;122;115;113m▀[38;2;129;124;119;48;2;120;114;110m▀[38;2;132;126;119;48;2;120;113;110m▀[38;2;121;114;113;48;2;99;92;93m▀[38;2;96;86;92;48;2;93;87;87m▀[38;2;119;110;111;48;2;97;90;89m▀[38;2;166;158;157;48;2;158;152;149m▀[38;2;165;160;160;48;2;158;154;153m▀[38;2;160;156;158;48;2;150;146;145m▀[38;2;157;154;157;48;2;155;152;153m▀[38;2;158;156;158;48;2;154;152;155m▀[38;2;132;129;132;48;2;133;129;133m▀[38;2;134;130;129;48;2;133;128;128m▀[38;2;104;99;95;48;2;103;97;95m▀[0m
[38;2;61;59;36;48;2;69;76;33m▀[38;2;40;28;26;48;2;44;35;28m▀[38;2;35;25;22;48;2;48;38;31m▀[38;2;47;36;28;48;2;53;40;34m▀[38;2;83;67;56;48;2;99;79;64m▀[38;2;94;79;68;48;2;66;51;40m▀[38;2;132;126;119;48;2;126;120;114m▀[38;2;157;153;153;48;2;156;152;150m▀[38;2;146;142;141;48;2;139;136;133m▀[38;2;179;176;176;48;2;176;174;173m▀[38;2;182;179;180;48;2;181;177;180m▀[38;2;185;181;185;48;2;180;177;181m▀[38;2;185;182;185;48;2;184;182;184m▀[38;2;172;170;169;48;2;169;165;163m▀[38;2;109;101;101;48;2;154;147;145m▀[38;2;129;120;118;48;2;167;161;159m▀[38;2;149;142;141;48;2;191;189;186m▀[38;2;146;140;138;48;2;183;179;178m▀[38;2;133;128;128;48;2;173;169;172m▀[38;2;144;139;142;48;2;160;157;160m▀[38;2;143;138;138;48;2;171;168;170m▀[38;2;130;122;121;48;2;176;173;175m▀[38;2;172;169;166;48;2;168;166;167m▀[38;2;163;160;159;48;2;164;164;161m▀[38;2;185;182;182;48;2;188;184;183m▀[38;2;166;164;170;48;2;194;190;194m▀[38;2;133;137;145;48;2;184;182;188m▀[38;2;103;107;117;48;2;188;189;192m▀[38;2;104;110;117;48;2;166;167;173m▀[38;2;103;109;121;48;2;145;146;149m▀[38;2;102;104;119;48;2;127;127;136m▀[38;2;110;117;127;48;2;129;130;138m▀[38;2;98;109;120;48;2;130;132;140m▀[38;2;104;115;122;48;2;140;141;148m▀[38;2;102;111;120;48;2;153;153;159m▀[38;2;96;105;111;48;2;166;169;171m▀[38;2;130;136;140;48;2;168;166;168m▀[38;2;140;143;146;48;2;172;169;169m▀[38;2;154;151;154;48;2;179;174;176m▀[38;2;176;172;172;48;2;179;175;174m▀[38;2;154;149;149;48;2;172;166;165m▀[38;2;126;119;118;48;2;157;150;147m▀[38;2;108;102;100;48;2;160;155;152m▀[38;2;119;113;110;48;2;176;172;171m▀[38;2;137;131;126;48;2;174;171;169m▀[38;2;125;120;116;48;2;164;160;155m▀[38;2;124;117;116;48;2;154;148;142m▀[38;2;121;116;114;48;2;163;160;156m▀[38;2;101;91;90;48;2;162;156;152m▀[38;2;117;107;107;48;2;158;153;152m▀[38;2;149;141;140;48;2;153;149;148m▀[38;2;151;146;146;48;2;155;150;153m▀[38;2;151;146;146;48;2;148;143;144m▀[38;2;154;150;153;48;2;149;145;147m▀[38;2;149;147;149;48;2;147;143;145m▀[38;2;127;124;129;48;2;126;126;126m▀[38;2;131;127;127;48;2;128;125;125m▀[38;2;99;94;95;48;2;102;97;98m▀[0m
[38;2;56;44;31;48;2;74;58;46m▀[38;2;58;44;37;48;2;69;55;46m▀[38;2;61;48;39;48;2;31;20;18m▀[38;2;34;24;20;48;2;36;24;21m▀[38;2;81;67;48;48;2;79;63;44m▀[38;2;92;94;56;48;2;121;131;77m▀[38;2;125;122;110;48;2;126;130;109m▀[38;2;156;151;148;48;2;152;151;147m▀[38;2;135;130;128;48;2;133;131;127m▀[38;2;171;169;167;48;2;171;168;167m▀[38;2;175;172;172;48;2;174;171;171m▀[38;2;177;175;177;48;2;176;173;176m▀[38;2;180;177;180;48;2;175;171;173m▀[38;2;180;177;175;48;2;179;175;175m▀[38;2;177;174;170;48;2;179;176;175m▀[38;2;185;183;181;48;2;186;183;182m▀[38;2;190;185;185;48;2;182;178;177m▀[38;2;193;190;190;48;2;188;187;186m▀[38;2;193;189;190;48;2;177;173;171m▀[38;2;199;197;199;48;2;186;183;183m▀[38;2;191;189;191;48;2;181;177;179m▀[38;2;195;192;196;48;2;176;172;172m▀[38;2;187;186;189;48;2;168;162;165m▀[38;2;171;169;168;48;2;175;172;170m▀[38;2;180;177;174;48;2;171;171;167m▀[38;2;185;183;184;48;2;171;168;168m▀[38;2;192;190;193;48;2;172;169;171m▀[38;2;188;188;193;48;2;157;155;155m▀[38;2;189;189;194;48;2;164;161;162m▀[38;2;193;190;194;48;2;162;159;159m▀[38;2;190;188;188;48;2;168;163;165m▀[38;2;189;187;187;48;2;143;140;138m▀[38;2;191;189;191;48;2;166;161;160m▀[38;2;180;179;181;48;2;141;134;132m▀[38;2;185;184;184;48;2;159;153;152m▀[38;2;184;182;184;48;2;142;138;137m▀[38;2;168;167;168;48;2;148;146;145m▀[38;2;171;167;169;48;2;153;148;152m▀[38;2;180;176;176;48;2;146;141;141m▀[38;2;177;175;174;48;2;172;171;169m▀[38;2;170;168;165;48;2;122;115;114m▀[38;2;170;168;163;48;2;151;148;144m▀[38;2;169;164;161;48;2;118;110;108m▀[38;2;180;175;174;48;2;148;145;141m▀[38;2;174;170;169;48;2;121;115;111m▀[38;2;163;158;153;48;2;122;114;107m▀[38;2;163;157;154;48;2;134;129;127m▀[38;2;159;154;148;48;2;124;118;115m▀[38;2;158;153;151;48;2;162;157;157m▀[38;2;158;154;154;48;2;154;150;150m▀[38;2;151;146;145;48;2;145;142;141m▀[38;2;153;150;151;48;2;146;144;142m▀[38;2;152;149;151;48;2;145;141;143m▀[38;2;151;148;148;48;2;147;143;145m▀[38;2;146;143;143;48;2;142;139;142m▀[38;2;125;121;124;48;2;125;121;124m▀[38;2;127;124;124;48;2;122;119;120m▀[38;2;108;104;103;48;2;107;103;105m▀[0m
[38;2;52;53;33;48;2;42;57;30m▀[38;2;43;43;30;48;2;51;70;39m▀[38;2;38;38;29;48;2;58;78;50m▀[38;2;52;39;36;48;2;71;88;59m▀[38;2;98;85;65;48;2;40;42;30m▀[38;2;87;87;59;48;2;31;27;23m▀[38;2;126;125;108;48;2;104;100;92m▀[38;2;153;153;149;48;2;151;148;146m▀[38;2;126;123;119;48;2;123;121;114m▀[38;2;167;165;165;48;2;161;159;158m▀[38;2;172;169;171;48;2;165;163;162m▀[38;2;174;171;171;48;2;168;164;165m▀[38;2;175;172;173;48;2;172;169;171m▀[38;2;177;174;174;48;2;173;171;173m▀[38;2;176;172;173;48;2;175;172;175m▀[38;2;176;174;175;48;2;179;177;179m▀[38;2;106;99;97;48;2;129;126;124m▀[38;2;158;152;151;48;2;164;159;159m▀[38;2;117;112;112;48;2;114;108;108m▀[38;2;167;165;164;48;2;159;155;155m▀[38;2;105;101;103;48;2;118;114;116m▀[38;2;120;114;115;48;2;123;118;119m▀[38;2;114;109;107;48;2;119;112;110m▀[38;2;134;128;128;48;2;149;142;141m▀[38;2;174;170;169;48;2;170;165;163m▀[38;2;115;109;112;48;2;132;127;124m▀[38;2;133;127;125;48;2;150;144;142m▀[38;2;120;113;111;48;2;127;123;121m▀[38;2;120;112;110;48;2;114;108;107m▀[38;2;112;105;101;48;2;118;109;107m▀[38;2;146;140;139;48;2;151;146;145m▀[38;2;155;151;148;48;2;132;125;124m▀[38;2;161;157;155;48;2;155;150;149m▀[38;2;147;139;139;48;2;108;100;99m▀[38;2;167;161;158;48;2;162;157;152m▀[38;2;130;120;118;48;2;120;111;108m▀[38;2;156;153;152;48;2;153;152;149m▀[38;2;145;143;145;48;2;146;144;143m▀[38;2;123;117;118;48;2;109;103;103m▀[38;2;173;170;172;48;2;157;155;153m▀[38;2;118;109;108;48;2;101;92;90m▀[38;2;156;152;150;48;2;143;137;135m▀[38;2;94;84;82;48;2;97;86;85m▀[38;2;123;114;115;48;2;123;114;116m▀[38;2;142;137;137;48;2;134;129;129m▀[38;2;154;150;147;48;2;141;135;134m▀[38;2;125;121;121;48;2;126;122;121m▀[38;2;134;131;133;48;2;126;122;122m▀[38;2;153;151;151;48;2;153;147;150m▀[38;2;153;150;152;48;2;146;141;141m▀[38;2;147;144;143;48;2;144;140;140m▀[38;2;144;141;140;48;2;142;140;142m▀[38;2;142;138;140;48;2;141;138;141m▀[38;2;140;137;137;48;2;142;139;141m▀[38;2;142;138;140;48;2;135;131;133m▀[38;2;122;119;123;48;2;114;110;112m▀[38;2;117;114;114;48;2;113;110;108m▀[38;2;105;103;102;48;2;99;96;95m▀[0m
