[38;2;43;17;22;48;2;40;15;13m▀[38;2;40;13;20;48;2;45;13;13m▀[38;2;46;18;16;48;2;47;17;14m▀[38;2;58;29;22;48;2;54;24;16m▀[38;2;62;31;14;48;2;55;24;13m▀[38;2;67;34;21;48;2;55;24;18m▀[38;2;40;14;14;48;2;58;26;20m▀[38;2;40;12;15;48;2;53;23;21m▀[38;2;56;28;13;48;2;60;32;22m▀[38;2;57;23;12;48;2;62;24;19m▀[38;2;68;27;16;48;2;63;24;20m▀[38;2;71;28;19;48;2;57;22;10m▀[38;2;76;28;15;48;2;66;27;14m▀[38;2;66;29;18;48;2;73;32;20m▀[38;2;82;47;15;48;2;79;42;18m▀[38;2;95;53;21;48;2;79;45;15m▀[38;2;66;32;13;48;2;86;49;17m▀[38;2;55;23;13;48;2;73;39;17m▀[38;2;75;40;18;48;2;78;41;21m▀[38;2;77;36;17;48;2;74;35;16m▀[38;2;78;38;15;48;2;75;39;20m▀[38;2;73;36;18;48;2;81;39;22m▀[38;2;85;53;16;48;2;80;46;16m▀[38;2;93;55;15;48;2;87;52;19m▀[38;2;61;30;14;48;2;82;47;15m▀[38;2;75;39;15;48;2;82;44;16m▀[38;2;81;42;14;48;2;80;44;16m▀[38;2;82;41;11;48;2;90;50;17m▀[38;2;81;47;15;48;2;82;44;18m▀[38;2;86;52;16;48;2;90;55;23m▀[38;2;70;44;14;48;2;86;48;17m▀[38;2;79;39;12;48;2;80;44;16m▀[38;2;78;38;15;48;2;86;48;17m▀[38;2;81;47;15;48;2;75;44;19m▀[38;2;68;38;12;48;2;79;46;16m▀[38;2;72;39;20;48;2;75;42;15m▀[38;2;74;41;17;48;2;89;55;20m▀[38;2;81;52;16;48;2;77;46;14m▀[38;2;67;38;19;48;2;74;41;14m▀[38;2;64;34;12;48;2;76;45;16m▀[38;2;68;41;17;48;2;67;38;15m▀[38;2;60;28;17;48;2;69;34;16m▀[38;2;62;27;16;48;2;71;38;21m▀[38;2;61;32;16;48;2;64;32;11m▀[38;2;55;25;12;48;2;62;32;13m▀[38;2;58;29;16;48;2;58;34;16m▀[38;2;52;23;13;48;2;55;27;12m▀[38;2;50;22;13;48;2;53;25;15m▀[38;2;44;20;10;48;2;49;24;6m▀[38;2;42;20;13;48;2;43;21;10m▀[38;2;36;20;10;48;2;39;22;7m▀[38;2;26;19;5;48;2;37;20;8m▀[38;2;33;18;7;48;2;37;20;7m▀[38;2;26;18;5;48;2;35;18;7m▀[38;2;28;18;1;48;2;28;16;5m▀[38;2;32;18;4;48;2;32;20;7m▀[38;2;39;23;5;48;2;38;19;4m▀[38;2;36;22;6;48;2;40;22;6m▀[0m
[38;2;38;18;7;48;2;64;35;19m▀[38;2;41;13;8;48;2;39;15;11m▀[38;2;44;15;13;48;2;41;14;14m▀[38;2;45;18;13;48;2;38;14;8m▀[38;2;61;30;17;48;2;57;26;13m▀[38;2;61;28;16;48;2;56;20;13m▀[38;2;60;27;13;48;2;64;25;17m▀[38;2;59;22;12;48;2;72;29;5m▀[38;2;69;25;19;48;2;77;33;17m▀[38;2;61;31;20;48;2;72;34;12m▀[38;2;61;33;18;48;2;78;41;20m▀[38;2;102;57;12;48;2;84;45;19m▀[38;2;93;51;20;48;2;97;57;21m▀[38;2;66;28;12;48;2;74;41;19m▀[38;2;60;26;13;48;2;66;35;13m▀[38;2;81;45;22;48;2;91;47;17m▀[38;2;93;46;15;48;2;91;44;18m▀[38;2;90;44;18;48;2;86;40;22m▀[38;2;91;44;20;48;2;93;47;32m▀[38;2;85;49;17;48;2;95;48;18m▀[38;2;111;67;19;48;2;97;57;20m▀[38;2;96;55;20;48;2;102;61;21m▀[38;2;72;37;18;48;2;88;49;18m▀[38;2;90;50;22;48;2;93;51;20m▀[38;2;96;48;15;48;2;88;48;16m▀[38;2;99;48;18;48;2;96;54;19m▀[38;2;98;53;18;48;2;99;54;29m▀[38;2;111;67;20;48;2;99;61;18m▀[38;2;80;47;14;48;2;103;58;22m▀[38;2;94;54;31;48;2;98;56;25m▀[38;2;95;54;17;48;2;108;66;23m▀[38;2;92;51;22;48;2;97;57;19m▀[38;2;95;56;23;48;2;95;56;25m▀[38;2;80;48;23;48;2;99;54;19m▀[38;2;81;46;21;48;2;93;54;26m▀[38;2;87;48;20;48;2;106;66;33m▀[38;2;95;59;34;48;2;91;58;33m▀[38;2;82;47;16;48;2;92;53;24m▀[38;2;79;46;23;48;2;91;55;21m▀[38;2;76;42;21;48;2;79;48;25m▀[38;2;73;42;19;48;2;78;44;17m▀[38;2;74;42;14;48;2;82;48;23m▀[38;2;73;41;19;48;2;77;46;21m▀[38;2;66;40;12;48;2;74;41;19m▀[38;2;66;38;18;48;2;71;41;21m▀[38;2;61;35;7;48;2;68;39;20m▀[38;2;58;32;17;48;2;61;35;13m▀[38;2;55;27;14;48;2;61;32;13m▀[38;2;55;27;12;48;2;57;28;9m▀[38;2;49;28;12;48;2;58;33;5m▀[38;2;44;23;7;48;2;55;27;12m▀[38;2;44;22;10;48;2;49;26;9m▀[38;2;45;21;13;48;2;47;24;4m▀[38;2;41;19;8;48;2;43;21;4m▀[38;2;34;19;1;48;2;40;19;4m▀[38;2;30;18;1;48;2;35;19;4m▀[38;2;34;18;0;48;2;35;18;4m▀[38;2;36;19;4;48;2;41;20;7m▀[0m
[38;2;53;22;9;48;2;56;24;13m▀[38;2;56;28;16;48;2;64;30;17m▀[38;2;51;23;17;48;2;49;16;11m▀[38;2;54;25;13;48;2;54;19;14m▀[38;2;58;27;14;48;2;58;24;9m▀[38;2;56;22;15;48;2;55;26;17m▀[38;2;59;24;17;48;2;60;28;17m▀[38;2;53;22;15;48;2;88;50;14m▀[38;2;61;28;14;48;2;105;61;13m▀[38;2;80;36;17;48;2;70;35;11m▀[38;2;75;34;10;48;2;78;37;15m▀[38;2;85;46;20;48;2;75;39;17m▀[38;2;81;47;18;48;2;90;48;17m▀[38;2;94;52;23;48;2;100;46;15m▀[38;2;81;41;17;48;2;106;50;18m▀[38;2;86;44;26;48;2;108;53;23m▀[38;2;87;46;18;48;2;99;51;20m▀[38;2;105;61;19;48;2;114;69;22m▀[38;2;111;65;23;48;2;128;76;18m▀[38;2;93;48;18;48;2;100;58;21m▀[38;2;92;54;21;48;2;107;62;22m▀[38;2;106;58;21;48;2;108;58;18m▀[38;2;110;57;16;48;2;104;57;14m▀[38;2;107;58;21;48;2;111;59;20m▀[38;2;108;64;27;48;2;113;65;22m▀[38;2;131;81;31;48;2;117;71;33m▀[38;2;94;54;22;48;2;117;71;30m▀[38;2;101;59;23;48;2;111;65;28m▀[38;2;110;61;28;48;2;108;66;28m▀[38;2;108;63;22;48;2;119;74;22m▀[38;2;114;72;34;48;2;114;72;27m▀[38;2;108;67;24;48;2;117;72;30m▀[38;2;98;59;24;48;2;113;66;22m▀[38;2;96;59;21;48;2;116;74;26m▀[38;2;99;61;30;48;2;114;75;32m▀[38;2;110;71;33;48;2;112;71;28m▀[38;2;101;62;34;48;2;108;67;24m▀[38;2;99;62;34;48;2;107;66;35m▀[38;2;89;54;30;48;2;100;62;35m▀[38;2;90;53;30;48;2;95;58;34m▀[38;2;91;56;26;48;2;92;57;25m▀[38;2;85;50;20;48;2;95;56;21m▀[38;2;82;47;16;48;2;92;58;23m▀[38;2;82;50;17;48;2;82;48;18m▀[38;2;72;43;15;48;2;81;47;16m▀[38;2;74;41;17;48;2;78;49;10m▀[38;2;67;40;7;48;2;75;41;6m▀[38;2;65;37;11;48;2;71;38;10m▀[38;2;64;35;7;48;2;67;36;13m▀[38;2;59;30;8;48;2;64;37;7m▀[38;2;59;33;11;48;2;62;35;7m▀[38;2;55;27;9;48;2;61;38;0m▀[38;2;51;28;9;48;2;58;33;0m▀[38;2;48;24;4;48;2;56;30;0m▀[38;2;43;22;4;48;2;52;26;6m▀[38;2;39;21;7;48;2;46;24;4m▀[38;2;40;20;4;48;2;43;22;4m▀[38;2;39;19;4;48;2;42;20;4m▀[0m
[38;2;52;18;13;48;2;56;18;13m▀[38;2;66;23;12;48;2;70;26;16m▀[38;2;67;25;14;48;2;63;22;15m▀[38;2;64;24;14;48;2;56;21;13m▀[38;2;73;27;13;48;2;72;30;17m▀[38;2;63;26;19;48;2;68;28;12m▀[38;2;71;36;12;48;2;74;30;21m▀[38;2;80;46;13;48;2;81;45;18m▀[38;2;94;54;14;48;2;85;47;18m▀[38;2;88;49;22;48;2;101;57;22m▀[38;2;74;37;10;48;2;89;46;16m▀[38;2;92;52;19;48;2;90;45;21m▀[38;2;93;47;16;48;2;93;49;22m▀[38;2;99;49;18;48;2;97;55;26m▀[38;2;88;45;19;48;2;129;75;29m▀[38;2;102;50;26;48;2;131;78;28m▀[38;2;109;54;25;48;2;106;55;29m▀[38;2;112;66;24;48;2;99;56;24m▀[38;2;115;69;23;48;2;121;68;29m▀[38;2;120;69;23;48;2;132;67;33m▀[38;2;112;58;28;48;2;137;71;36m▀[38;2;110;65;24;48;2;133;69;29m▀[38;2;124;77;30;48;2;138;84;28m▀[38;2;142;85;30;48;2;136;84;28m▀[38;2;111;62;25;48;2;122;74;37m▀[38;2;115;68;34;48;2;127;78;32m▀[38;2;131;71;36;48;2;124;73;34m▀[38;2;129;72;33;48;2;128;79;33m▀[38;2;123;75;33;48;2;124;74;35m▀[38;2;127;83;33;48;2;129;83;36m▀[38;2;119;79;34;48;2;135;85;46m▀[38;2;119;76;39;48;2;130;82;46m▀[38;2;115;72;33;48;2;144;95;52m▀[38;2;118;73;34;48;2;119;78;34m▀[38;2;125;82;40;48;2;133;88;45m▀[38;2;119;77;33;48;2;127;79;41m▀[38;2;126;82;35;48;2;129;83;45m▀[38;2;104;66;38;48;2;123;77;43m▀[38;2;109;67;38;48;2;113;72;37m▀[38;2;105;65;35;48;2;113;72;40m▀[38;2;101;64;32;48;2;110;70;35m▀[38;2;97;60;28;48;2;106;66;30m▀[38;2;92;57;25;48;2;100;62;33m▀[38;2;92;53;21;48;2;97;58;19m▀[38;2;90;54;24;48;2;91;55;22m▀[38;2;82;46;21;48;2;88;51;18m▀[38;2;80;49;16;48;2;84;52;13m▀[38;2;73;43;9;48;2;75;45;6m▀[38;2;69;42;7;48;2;76;42;15m▀[38;2;69;40;7;48;2;75;41;19m▀[38;2;63;35;11;48;2;69;42;9m▀[38;2;64;38;12;48;2;67;40;15m▀[38;2;63;36;7;48;2;64;38;7m▀[38;2;61;32;8;48;2;63;36;4m▀[38;2;55;30;9;48;2;59;34;5m▀[38;2;49;28;3;48;2;56;30;9m▀[38;2;44;24;4;48;2;52;27;12m▀[38;2;45;24;4;48;2;48;26;9m▀[0m
[38;2;53;22;18;48;2;59;24;15m▀[38;2;57;21;18;48;2;68;37;17m▀[38;2;53;28;12;48;2;75;41;14m▀[38;2;84;48;12;48;2;97;58;14m▀[38;2;72;40;17;48;2;104;63;15m▀[38;2;69;28;17;48;2;62;36;14m▀[38;2;71;30;14;48;2;67;31;17m▀[38;2;72;37;16;48;2;76;40;10m▀[38;2;90;50;15;48;2;93;48;10m▀[38;2;103;53;23;48;2;106;54;14m▀[38;2;110;52;19;48;2;100;54;14m▀[38;2;114;55;22;48;2;99;51;13m▀[38;2;115;56;21;48;2;118;60;25m▀[38;2;111;61;18;48;2;113;59;23m▀[38;2;121;72;20;48;2;124;73;26m▀[38;2;135;83;20;48;2;125;76;32m▀[38;2;119;71;20;48;2;136;78;21m▀[38;2;117;68;30;48;2;130;67;27m▀[38;2;129;72;33;48;2;136;75;32m▀[38;2;127;66;30;48;2;135;84;32m▀[38;2;122;74;20;48;2;174;112;36m▀[38;2;135;73;34;48;2;147;94;34m▀[38;2;131;77;30;48;2;129;74;31m▀[38;2;150;91;41;48;2;156;95;44m▀[38;2;149;83;38;48;2;156;87;42m▀[38;2;146;82;41;48;2;147;86;41m▀[38;2;142;87;35;48;2;151;92;41m▀[38;2;161;103;50;48;2;149;95;48m▀[38;2;126;78;40;48;2;147;94;47m▀[38;2;135;86;45;48;2;138;90;50m▀[38;2;139;90;51;48;2;152;105;55m▀[38;2;139;89;49;48;2;156;107;58m▀[38;2;139;92;52;48;2;139;94;52m▀[38;2;143;93;51;48;2;151;101;62m▀[38;2;141;93;48;48;2;149;100;56m▀[38;2;147;99;46;48;2;145;100;50m▀[38;2;128;84;45;48;2;143;96;55m▀[38;2;129;79;41;48;2;135;91;48m▀[38;2;125;77;36;48;2;130;86;43m▀[38;2;121;78;43;48;2;124;80;43m▀[38;2;114;73;34;48;2;121;77;42m▀[38;2;114;72;38;48;2;120;78;35m▀[38;2;106;63;33;48;2;108;68;30m▀[38;2;106;62;25;48;2;108;67;24m▀[38;2;99;59;19;48;2;101;61;23m▀[38;2;93;58;17;48;2;98;63;13m▀[38;2;90;52;10;48;2;94;58;7m▀[38;2;88;51;13;48;2;87;52;15m▀[38;2;80;45;15;48;2;81;50;10m▀[38;2;77;43;11;48;2;82;47;14m▀[38;2;74;43;12;48;2;75;45;9m▀[38;2;73;39;10;48;2;76;43;6m▀[38;2;70;40;7;48;2;75;43;9m▀[38;2;67;39;0;48;2;74;41;6m▀[38;2;64;36;0;48;2;66;38;4m▀[38;2;59;33;5;48;2;60;33;5m▀[38;2;55;28;3;48;2;56;28;5m▀[38;2;52;26;6;48;2;52;30;5m▀[0m
[38;2;77;28;13;48;2;74;29;11m▀[38;2;73;34;12;48;2;75;29;18m▀[38;2;85;46;19;48;2;70;34;13m▀[38;2;78;43;20;48;2;81;45;15m▀[38;2;82;46;22;48;2;80;46;18m▀[38;2;81;47;14;48;2;88;46;16m▀[38;2;79;43;17;48;2;87;40;11m▀[38;2;88;47;14;48;2;101;49;13m▀[38;2;93;51;24;48;2;103;54;9m▀[38;2;94;49;18;48;2;106;60;20m▀[38;2;98;57;16;48;2;126;77;21m▀[38;2;140;86;22;48;2;138;86;14m▀[38;2;108;61;23;48;2;143;88;22m▀[38;2;118;63;19;48;2;115;67;19m▀[38;2;108;62;25;48;2;124;75;26m▀[38;2;129;75;28;48;2;136;78;25m▀[38;2;148;76;32;48;2;143;76;27m▀[38;2;154;82;30;48;2;140;81;29m▀[38;2;160;83;40;48;2;149;86;34m▀[38;2;155;89;45;48;2;161;89;41m▀[38;2;156;101;43;48;2;160;101;47m▀[38;2;167;107;54;48;2;179;106;47m▀[38;2;154;95;52;48;2;188;109;59m▀[38;2;158;97;43;48;2;189;113;55m▀[38;2;159;100;42;48;2;183;119;57m▀[38;2;183;124;53;48;2;185;126;61m▀[38;2;150;93;54;48;2;165;111;58m▀[38;2;150;96;58;48;2;159;104;59m▀[38;2;159;100;57;48;2;160;104;58m▀[38;2;156;100;54;48;2;169;116;62m▀[38;2;161;111;63;48;2;164;113;69m▀[38;2;166;117;69;48;2;175;126;75m▀[38;2;154;104;59;48;2;177;118;69m▀[38;2;161;114;66;48;2;175;126;78m▀[38;2;165;115;63;48;2;172;121;63m▀[38;2;146;99;56;48;2;158;110;61m▀[38;2;151;101;59;48;2;164;115;65m▀[38;2;144;97;56;48;2;152;105;60m▀[38;2;141;94;53;48;2;147;97;55m▀[38;2;132;88;52;48;2;143;95;48m▀[38;2;133;89;49;48;2;135;92;48m▀[38;2;119;77;42;48;2;125;81;39m▀[38;2;113;73;34;48;2;125;82;35m▀[38;2;111;70;35;48;2;113;71;29m▀[38;2;109;68;30;48;2;112;68;24m▀[38;2;99;61;21;48;2;107;65;13m▀[38;2;94;59;17;48;2;103;64;11m▀[38;2;90;56;17;48;2;94;60;19m▀[38;2;90;55;12;48;2;89;55;13m▀[38;2;83;50;9;48;2;90;55;12m▀[38;2;81;49;9;48;2;88;51;10m▀[38;2;78;47;11;48;2;84;49;5m▀[38;2;79;44;6;48;2;86;48;8m▀[38;2;75;44;9;48;2;80;47;14m▀[38;2;72;41;3;48;2;78;44;2m▀[38;2;67;38;10;48;2;69;39;4m▀[38;2;62;35;11;48;2;64;37;7m▀[38;2;55;33;5;48;2;62;36;11m▀[0m
[38;2;60;26;9;48;2;67;41;17m▀[38;2;72;34;20;48;2;61;27;13m▀[38;2;58;27;13;48;2;61;27;9m▀[38;2;81;46;18;48;2;97;56;18m▀[38;2;74;37;13;48;2;80;40;12m▀[38;2;90;43;14;48;2;97;50;15m▀[38;2;97;50;15;48;2;84;45;11m▀[38;2;109;57;18;48;2;92;51;13m▀[38;2;118;61;15;48;2;103;55;12m▀[38;2;111;58;12;48;2;122;65;14m▀[38;2;119;71;20;48;2;109;61;14m▀[38;2;125;78;15;48;2;131;82;18m▀[38;2;136;85;19;48;2;137;78;21m▀[38;2;134;78;27;48;2;152;79;14m▀[38;2;131;73;26;48;2;161;84;27m▀[38;2;137;78;27;48;2;161;85;27m▀[38;2;141;87;25;48;2;159;93;35m▀[38;2;182;119;41;48;2;166;106;33m▀[38;2;187;124;46;48;2;177;116;42m▀[38;2;156;88;40;48;2;179;117;48m▀[38;2;169;111;48;48;2;181;114;55m▀[38;2;186;111;58;48;2;190;124;61m▀[38;2;184;112;56;48;2;209;144;70m▀[38;2;192;120;63;48;2;229;162;84m▀[38;2;197;124;62;48;2;202;133;76m▀[38;2;188;129;62;48;2;195;133;75m▀[38;2;193;126;74;48;2;200;131;79m▀[38;2;183;117;67;48;2;188;127;70m▀[38;2;176;123;64;48;2;190;131;77m▀[38;2;185;132;77;48;2;189;139;86m▀[38;2;174;128;77;48;2;206;156;101m▀[38;2;185;137;86;48;2;210;163;112m▀[38;2;181;135;79;48;2;207;160;105m▀[38;2;177;128;77;48;2;196;148;92m▀[38;2;178;126;72;48;2;185;135;84m▀[38;2;176;120;68;48;2;186;137;84m▀[38;2;173;125;66;48;2;177;128;79m▀[38;2;167;118;68;48;2;177;127;74m▀[38;2;154;106;61;48;2;169;116;66m▀[38;2;158;110;58;48;2;161;112;63m▀[38;2;135;92;48;48;2;146;98;50m▀[38;2;128;85;32;48;2;145;97;43m▀[38;2;127;83;39;48;2;129;85;46m▀[38;2;124;77;28;48;2;127;84;36m▀[38;2;119;76;28;48;2;119;77;28m▀[38;2;111;69;30;48;2;114;72;21m▀[38;2;104;63;18;48;2;108;69;19m▀[38;2;100;62;16;48;2;106;65;17m▀[38;2;94;59;9;48;2;100;59;19m▀[38;2;96;58;16;48;2;98;58;9m▀[38;2;91;54;12;48;2;96;59;6m▀[38;2;91;57;14;48;2;95;59;9m▀[38;2;88;52;0;48;2;91;57;9m▀[38;2;83;48;10;48;2;88;54;7m▀[38;2;78;48;5;48;2;82;50;13m▀[38;2;71;44;2;48;2;79;46;8m▀[38;2;67;39;4;48;2;69;42;3m▀[38;2;64;38;6;48;2;68;42;3m▀[0m
[38;2;79;46;13;48;2;85;47;10m▀[38;2;78;45;16;48;2;73;39;10m▀[38;2;76;41;17;48;2;79;39;10m▀[38;2;75;39;12;48;2;95;50;13m▀[38;2;86;47;20;48;2;86;45;14m▀[38;2;84;47;19;48;2;88;52;15m▀[38;2;100;58;16;48;2;111;66;16m▀[38;2;143;88;18;48;2;116;70;18m▀[38;2;130;81;20;48;2;134;82;24m▀[38;2;108;61;11;48;2;124;76;19m▀[38;2;115;63;25;48;2;121;72;18m▀[38;2;133;80;21;48;2;135;82;20m▀[38;2;140;75;30;48;2;136;79;27m▀[38;2;149;80;24;48;2;132;77;25m▀[38;2;140;79;22;48;2;177;114;34m▀[38;2;155;86;28;48;2;164;106;33m▀[38;2;163;89;34;48;2;157;88;39m▀[38;2;165;105;42;48;2;161;100;40m▀[38;2;182;118;39;48;2;182;109;45m▀[38;2;202;122;57;48;2;202;124;61m▀[38;2;213;132;68;48;2;203;130;68m▀[38;2;211;133;72;48;2;225;148;86m▀[38;2;227;161;84;48;2;226;157;91m▀[38;2;231;166;88;48;2;242;177;102m▀[38;2;223;159;90;48;2;249;168;100m▀[38;2;214;149;85;48;2;244;164;98m▀[38;2;207;145;82;48;2;237;168;101m▀[38;2;235;173;95;48;2;242;181;116m▀[38;2;198;144;91;48;2;246;191;131m▀[38;2;232;177;122;48;2;244;192;131m▀[38;2;219;170;119;48;2;243;207;165m▀[38;2;233;184;132;48;2;249;234;215m▀[38;2;234;185;130;48;2;249;213;166m▀[38;2;228;176;121;48;2;235;179;122m▀[38;2;214;162;106;48;2;241;187;128m▀[38;2;199;151;89;48;2;225;175;119m▀[38;2;192;143;84;48;2;207;157;101m▀[38;2;182;136;77;48;2;201;152;95m▀[38;2;182;134;73;48;2;191;143;84m▀[38;2;161;114;64;48;2;172;123;72m▀[38;2;152;104;59;48;2;166;118;65m▀[38;2;145;99;47;48;2;147;103;54m▀[38;2;138;90;45;48;2;145;98;47m▀[38;2;136;89;41;48;2;134;87;42m▀[38;2;122;79;33;48;2;130;83;39m▀[38;2;119;78;30;48;2;125;78;36m▀[38;2;111;71;27;48;2;118;76;22m▀[38;2;105;66;16;48;2;107;68;11m▀[38;2;105;66;11;48;2;106;68;13m▀[38;2;102;62;13;48;2;103;66;5m▀[38;2;98;61;6;48;2;102;64;11m▀[38;2;99;61;11;48;2;103;63;8m▀[38;2;98;60;8;48;2;101;64;10m▀[38;2;91;57;3;48;2;98;60;8m▀[38;2;86;53;4;48;2;90;57;3m▀[38;2;85;53;4;48;2;88;56;7m▀[38;2;77;47;2;48;2;81;51;1m▀[38;2;72;44;0;48;2;75;49;0m▀[0m
[38;2;83;41;9;48;2;88;42;11m▀[38;2;85;42;8;48;2;78;37;10m▀[38;2;89;44;5;48;2;69;35;11m▀[38;2;97;50;13;48;2;75;40;12m▀[38;2;93;48;8;48;2;93;48;5m▀[38;2;94;47;8;48;2;99;51;7m▀[38;2;106;62;13;48;2;91;51;13m▀[38;2;113;67;14;48;2;122;72;15m▀[38;2;119;73;15;48;2;120;70;12m▀[38;2;134;77;25;48;2;138;72;13m▀[38;2;124;67;15;48;2;145;76;12m▀[38;2;146;77;14;48;2;157;83;13m▀[38;2;142;84;16;48;2;151;82;24m▀[38;2;154;95;27;48;2;150;89;25m▀[38;2;170;107;33;48;2;158;99;28m▀[38;2;177;113;35;48;2;168;106;37m▀[38;2;162;104;41;48;2;174;102;42m▀[38;2;171;108;41;48;2;185;108;45m▀[38;2;182;115;43;48;2;196;121;52m▀[38;2;191;125;57;48;2;205;141;66m▀[38;2;233;166;83;48;2;221;158;75m▀[38;2;220;155;86;48;2;236;171;94m▀[38;2;228;158;93;48;2;233;172;107m▀[38;2;247;176;100;48;2;228;163;98m▀[38;2;221;146;90;48;2;230;176;105m▀[38;2;196;131;81;48;2;237;200;125m▀[38;2;226;169;113;48;2;238;188;127m▀[38;2;238;187;127;48;2;229;178;121m▀[38;2;240;181;123;48;2;224;175;119m▀[38;2;242;195;145;48;2;239;199;157m▀[38;2;252;250;242;48;2;252;252;249m▀[38;2;252;254;252;48;2;254;252;252m▀[38;2;251;251;247;48;2;253;253;253m▀[38;2;247;201;155;48;2;242;214;184m▀[38;2;246;189;132;48;2;230;180;123m▀[38;2;250;198;137;48;2;248;226;164m▀[38;2;245;210;168;48;2;249;251;247m▀[38;2;235;214;188;48;2;251;251;251m▀[38;2;210;160;107;48;2;244;233;215m▀[38;2;182;129;75;48;2;204;154;93m▀[38;2;168;118;65;48;2;169;120;70m▀[38;2;160;107;55;48;2;161;113;59m▀[38;2;150;102;46;48;2;150;102;46m▀[38;2;139;93;39;48;2;141;95;39m▀[38;2;137;92;42;48;2;135;92;41m▀[38;2;123;80;32;48;2;131;84;26m▀[38;2;119;79;18;48;2;126;80;22m▀[38;2;112;72;15;48;2;117;77;16m▀[38;2;109;68;7;48;2;111;72;17m▀[38;2;108;69;10;48;2;110;72;12m▀[38;2;107;70;12;48;2;111;72;9m▀[38;2;104;67;4;48;2;111;71;3m▀[38;2;107;65;1;48;2;114;75;12m▀[38;2;105;66;0;48;2;112;74;0m▀[38;2;100;63;1;48;2;110;70;0m▀[38;2;94;60;5;48;2;103;65;0m▀[38;2;88;55;0;48;2;98;63;0m▀[38;2;85;53;0;48;2;92;63;0m▀[0m
[38;2;78;38;17;48;2;68;44;14m▀[38;2;68;39;13;48;2;81;50;10m▀[38;2;100;60;13;48;2;105;68;11m▀[38;2;117;72;15;48;2;110;67;13m▀[38;2;85;47;14;48;2;107;64;14m▀[38;2;90;48;11;48;2;92;55;15m▀[38;2;93;49;11;48;2;102;59;18m▀[38;2;118;70;18;48;2;119;71;23m▀[38;2;119;63;4;48;2;117;66;15m▀[38;2;135;72;17;48;2;114;66;15m▀[38;2;121;68;12;48;2;144;91;27m▀[38;2;128;73;13;48;2;172;114;28m▀[38;2;150;80;26;48;2;138;85;26m▀[38;2;146;82;25;48;2;140;81;30m▀[38;2;152;95;36;48;2;153;98;35m▀[38;2;163;98;33;48;2;160;94;34m▀[38;2;183;105;38;48;2;172;99;38m▀[38;2;193;116;51;48;2;176;116;43m▀[38;2;206;128;59;48;2;189;124;56m▀[38;2;208;139;67;48;2;206;135;73m▀[38;2;221;159;75;48;2;212;152;80m▀[38;2;238;170;92;48;2;235;161;94m▀[38;2;251;174;105;48;2;249;172;97m▀[38;2;254;181;112;48;2;254;181;114m▀[38;2;254;204;132;48;2;254;185;120m▀[38;2;254;216;137;48;2;251;202;131m▀[38;2;249;200;129;48;2;254;199;133m▀[38;2;248;183;119;48;2;254;195;128m▀[38;2;229;178;117;48;2;236;174;117m▀[38;2;233;184;130;48;2;231;181;131m▀[38;2;246;230;213;48;2;237;190;134m▀[38;2;251;247;237;48;2;252;211;153m▀[38;2;245;225;202;48;2;242;193;138m▀[38;2;238;189;135;48;2;250;189;124m▀[38;2;229;179;125;48;2;238;179;121m▀[38;2;240;199;141;48;2;226;172;111m▀[38;2;251;244;229;48;2;236;200;160m▀[38;2;249;251;248;48;2;238;210;174m▀[38;2;240;213;183;48;2;217;173;126m▀[38;2;197;143;84;48;2;182;132;76m▀[38;2;177;124;63;48;2;174;121;67m▀[38;2;164;115;54;48;2;162;110;59m▀[38;2;153;105;41;48;2;154;102;51m▀[38;2;148;102;38;48;2;144;98;39m▀[38;2;138;92;34;48;2;141;93;41m▀[38;2;136;91;20;48;2;137;89;41m▀[38;2;125;82;20;48;2;131;84;36m▀[38;2;118;78;20;48;2;122;81;30m▀[38;2;114;74;16;48;2;121;78;21m▀[38;2;116;77;8;48;2;121;80;15m▀[38;2;115;77;2;48;2;121;80;7m▀[38;2;116;77;4;48;2;120;77;8m▀[38;2;119;78;0;48;2;123;81;0m▀[38;2;122;81;0;48;2;129;85;1m▀[38;2;118;77;0;48;2;127;85;0m▀[38;2;114;75;0;48;2;127;82;2m▀[38;2;106;71;0;48;2;120;76;0m▀[38;2;100;66;0;48;2;107;67;8m▀[0m
[38;2;67;38;15;48;2;71;36;13m▀[38;2;87;56;16;48;2;76;42;15m▀[38;2;86;54;15;48;2;90;52;17m▀[38;2;88;55;9;48;2;98;54;21m▀[38;2;98;64;21;48;2;107;63;19m▀[38;2;94;55;20;48;2;109;57;16m▀[38;2;99;52;7;48;2;116;62;11m▀[38;2;121;66;14;48;2;132;69;15m▀[38;2;124;71;23;48;2;132;70;14m▀[38;2;131;80;29;48;2;130;76;17m▀[38;2;151;94;23;48;2;129;82;19m▀[38;2;154;98;25;48;2;139;87;25m▀[38;2;157;98;27;48;2;155;95;32m▀[38;2;140;88;26;48;2;149;83;31m▀[38;2;148;90;34;48;2;165;92;38m▀[38;2;156;98;34;48;2;165;94;34m▀[38;2;166;106;38;48;2;169;109;42m▀[38;2;204;140;53;48;2;180;121;50m▀[38;2;210;146;64;48;2;198;139;60m▀[38;2;193;132;69;48;2;204;140;70m▀[38;2;216;156;83;48;2;215;145;81m▀[38;2;227;159;92;48;2;222;158;88m▀[38;2;233;172;94;48;2;234;174;90m▀[38;2;250;190;106;48;2;240;177;95m▀[38;2;246;174;114;48;2;234;172;101m▀[38;2;250;185;122;48;2;241;173;115m▀[38;2;254;186;120;48;2;244;182;120m▀[38;2;253;194;125;48;2;254;207;123m▀[38;2;249;174;112;48;2;238;174;104m▀[38;2;216;159;101;48;2;222;161;101m▀[38;2;209;166;113;48;2;192;143;92m▀[38;2;232;185;128;48;2;222;172;117m▀[38;2;241;185;127;48;2;225;174;120m▀[38;2;250;180;118;48;2;241;176;116m▀[38;2;241;169;111;48;2;232;168;100m▀[38;2;223;163;100;48;2;207;151;93m▀[38;2;221;162;100;48;2;209;150;90m▀[38;2;210;154;100;48;2;200;144;89m▀[38;2;197;145;90;48;2;187;131;74m▀[38;2;183;129;72;48;2;179;120;71m▀[38;2;175;121;63;48;2;167;113;58m▀[38;2;163;111;52;48;2;163;107;48m▀[38;2;157;105;49;48;2;153;99;44m▀[38;2;145;99;47;48;2;147;96;41m▀[38;2;144;96;41;48;2;142;93;39m▀[38;2;135;90;34;48;2;141;90;37m▀[38;2;133;86;32;48;2;135;87;35m▀[38;2;125;81;25;48;2;125;82;27m▀[38;2;121;80;12;48;2;127;85;3m▀[38;2;124;79;7;48;2;130;86;17m▀[38;2;125;82;12;48;2;127;83;17m▀[38;2;125;81;12;48;2;127;84;8m▀[38;2;127;83;6;48;2;130;87;11m▀[38;2;136;91;6;48;2;142;95;11m▀[38;2;136;88;15;48;2;145;100;6m▀[38;2;137;90;8;48;2;155;106;18m▀[38;2;136;87;0;48;2;166;110;19m▀[38;2;123;76;3;48;2;123;77;2m▀[0m
[38;2;74;36;13;48;2;62;27;9m▀[38;2;72;33;13;48;2;66;35;19m▀[38;2;82;47;14;48;2;80;46;16m▀[38;2;83;47;20;48;2;81;45;18m▀[38;2;105;54;20;48;2;99;50;21m▀[38;2;107;56;14;48;2;88;47;21m▀[38;2;107;59;13;48;2;100;59;23m▀[38;2;114;62;15;48;2;126;79;21m▀[38;2;128;70;26;48;2;110;63;20m▀[38;2;124;69;17;48;2;122;68;23m▀[38;2;124;74;20;48;2;112;66;19m▀[38;2;139;85;26;48;2;130;79;21m▀[38;2;148;82;28;48;2;140;79;24m▀[38;2;150;84;28;48;2;122;73;21m▀[38;2;154;88;17;48;2;134;86;27m▀[38;2;161;93;30;48;2;137;82;30m▀[38;2;162;98;43;48;2;151;90;41m▀[38;2;175;118;48;48;2;158;104;49m▀[38;2;193;128;56;48;2;180;115;52m▀[38;2;210;137;68;48;2;195;129;61m▀[38;2;219;147;77;48;2;188;129;62m▀[38;2;219;147;82;48;2;201;132;73m▀[38;2;217;156;83;48;2;191;128;67m▀[38;2;221;162;85;48;2;209;145;75m▀[38;2;233;162;89;48;2;216;145;78m▀[38;2;240;164;99;48;2;208;145;78m▀[38;2;246;174;107;48;2;231;158;90m▀[38;2;246;182;106;48;2;217;152;84m▀[38;2;234;166;99;48;2;216;143;86m▀[38;2;231;161;103;48;2;207;141;83m▀[38;2;203;150;96;48;2;179;130;70m▀[38;2;204;151;92;48;2;202;147;86m▀[38;2;223;161;99;48;2;213;146;94m▀[38;2;223;158;95;48;2;210;143;86m▀[38;2;228;167;96;48;2;208;148;85m▀[38;2;206;148;85;48;2;207;141;80m▀[38;2;197;138;79;48;2;197;129;74m▀[38;2;206;151;88;48;2;188;133;74m▀[38;2;181;128;72;48;2;185;124;69m▀[38;2;178;123;64;48;2;173;113;59m▀[38;2;166;112;57;48;2;162;106;54m▀[38;2;155;103;43;48;2;155;99;47m▀[38;2;151;101;40;48;2;145;96;40m▀[38;2;140;90;45;48;2;140;89;35m▀[38;2;138;89;35;48;2;136;89;37m▀[38;2;136;89;35;48;2;135;89;35m▀[38;2;129;83;29;48;2;132;84;28m▀[38;2;127;82;20;48;2;129;84;24m▀[38;2;126;83;17;48;2;131;85;23m▀[38;2;127;84;6;48;2;131;86;13m▀[38;2;130;84;17;48;2;137;89;24m▀[38;2;133;89;16;48;2;142;97;24m▀[38;2;146;97;26;48;2;152;106;25m▀[38;2;161;113;22;48;2;166;119;25m▀[38;2;175;130;35;48;2;186;142;42m▀[38;2;184;139;40;48;2;186;144;50m▀[38;2;187;139;36;48;2;204;155;45m▀[38;2;143;99;25;48;2;179;124;36m▀[0m
[38;2;73;39;20;48;2;46;21;14m▀[38;2;65;37;16;48;2;48;20;8m▀[38;2;70;40;17;48;2;65;33;16m▀[38;2;79;44;17;48;2;75;39;12m▀[38;2;84;48;16;48;2;83;45;9m▀[38;2;92;57;14;48;2;100;58;13m▀[38;2;130;80;13;48;2;100;58;16m▀[38;2;141;86;12;48;2;105;65;19m▀[38;2;126;77;14;48;2;120;75;22m▀[38;2;112;67;21;48;2;113;67;21m▀[38;2;124;76;25;48;2;116;66;22m▀[38;2;128;79;15;48;2;127;71;18m▀[38;2;122;73;16;48;2;113;66;15m▀[38;2;128;80;20;48;2;87;52;15m▀[38;2;172;114;35;48;2;32;12;8m▀[38;2;169;111;37;48;2;134;88;38m▀[38;2;150;96;37;48;2;150;100;40m▀[38;2;160;108;43;48;2;167;114;49m▀[38;2;171;111;48;48;2;175;118;55m▀[38;2;179;121;53;48;2;180;123;46m▀[38;2;220;158;68;48;2;182;124;51m▀[38;2;192;133;65;48;2;188;129;56m▀[38;2;183;122;62;48;2;180;119;52m▀[38;2;197;133;63;48;2;191;120;56m▀[38;2;189;129;66;48;2;186;129;67m▀[38;2;223;162;86;48;2;131;90;44m▀[38;2;208;146;79;48;2;198;148;88m▀[38;2;191;131;70;48;2;241;182;114m▀[38;2;195;130;71;48;2;223;165;96m▀[38;2;190;135;70;48;2;171;116;61m▀[38;2;158;108;61;48;2;177;118;64m▀[38;2;186;130;71;48;2;181;119;70m▀[38;2;190;134;78;48;2;178;122;69m▀[38;2;195;135;71;48;2;163;108;63m▀[38;2;186;129;72;48;2;190;136;78m▀[38;2;185;123;64;48;2;196;138;70m▀[38;2;182;122;58;48;2;174;116;57m▀[38;2;169;113;58;48;2;158;102;50m▀[38;2;164;108;56;48;2;150;101;51m▀[38;2;148;98;45;48;2;155;103;47m▀[38;2;150;97;47;48;2;140;90;40m▀[38;2;147;94;39;48;2;143;94;40m▀[38;2;136;88;38;48;2;122;80;33m▀[38;2;126;81;30;48;2;121;79;43m▀[38;2;122;79;28;48;2;112;73;32m▀[38;2;122;80;30;48;2;120;80;25m▀[38;2;121;79;21;48;2;104;68;16m▀[38;2;119;78;17;48;2;99;67;16m▀[38;2;125;80;12;48;2;112;76;26m▀[38;2;128;84;14;48;2;100;67;13m▀[38;2;128;82;15;48;2;106;72;16m▀[38;2;129;86;12;48;2;110;74;13m▀[38;2;136;90;13;48;2;91;62;11m▀[38;2;139;94;19;48;2;123;87;31m▀[38;2;146;102;17;48;2;97;65;7m▀[38;2;150;103;14;48;2;127;89;23m▀[38;2;169;118;22;48;2;126;85;17m▀[38;2;164;109;25;48;2;126;78;18m▀[0m
[38;2;53;29;14;48;2;50;27;15m▀[38;2;61;37;13;48;2;57;31;9m▀[38;2;59;36;14;48;2;58;28;9m▀[38;2;80;40;15;48;2;69;35;13m▀[38;2;76;39;16;48;2;75;39;16m▀[38;2;84;48;19;48;2;73;36;17m▀[38;2;99;60;16;48;2;86;50;16m▀[38;2;106;65;12;48;2;93;58;12m▀[38;2;126;71;22;48;2;107;58;11m▀[38;2;123;65;19;48;2;101;54;14m▀[38;2;123;66;10;48;2;89;48;9m▀[38;2;114;60;16;48;2;91;49;11m▀[38;2;92;47;18;48;2;96;50;18m▀[38;2;52;21;16;48;2;38;14;14m▀[38;2;17;9;4;48;2;20;9;9m▀[38;2;77;45;21;48;2;62;37;19m▀[38;2;113;70;29;48;2;84;52;11m▀[38;2;144;98;39;48;2;93;57;23m▀[38;2;153;95;38;48;2;139;84;32m▀[38;2;167;107;42;48;2;147;88;37m▀[38;2;171;113;48;48;2;143;93;39m▀[38;2;182;116;53;48;2;168;99;43m▀[38;2;185;112;48;48;2;152;89;38m▀[38;2;190;113;53;48;2;155;94;42m▀[38;2;169;107;51;48;2;140;83;42m▀[38;2;78;50;26;48;2;64;38;13m▀[38;2;123;82;45;48;2;113;71;31m▀[38;2;191;140;75;48;2;139;92;38m▀[38;2;197;142;68;48;2;158;105;42m▀[38;2;175;115;57;48;2;157;102;48m▀[38;2;176;108;54;48;2;163;99;48m▀[38;2;178;108;58;48;2;154;98;40m▀[38;2;165;109;60;48;2;149;96;42m▀[38;2;121;81;41;48;2;111;75;33m▀[38;2;166;117;58;48;2;147;98;51m▀[38;2;185;131;70;48;2;135;91;42m▀[38;2;159;102;50;48;2;138;88;39m▀[38;2;152;92;41;48;2;138;86;27m▀[38;2;130;86;42;48;2;115;76;28m▀[38;2;121;80;35;48;2;106;70;25m▀[38;2;145;97;33;48;2;113;76;29m▀[38;2;126;81;30;48;2;100;61;25m▀[38;2;103;64;21;48;2;97;62;20m▀[38;2;93;61;18;48;2;83;54;17m▀[38;2;101;67;19;48;2;78;54;17m▀[38;2;100;65;19;48;2;80;52;9m▀[38;2;72;45;3;48;2;69;45;11m▀[38;2;64;40;8;48;2;52;29;7m▀[38;2;76;49;9;48;2;60;38;5m▀[38;2;63;36;5;48;2;63;37;8m▀[38;2;54;29;11;48;2;43;23;9m▀[38;2;72;44;10;48;2;64;37;8m▀[38;2;32;14;7;48;2;27;14;3m▀[38;2;70;44;7;48;2;53;30;7m▀[38;2;32;18;6;48;2;32;18;9m▀[38;2;72;50;20;48;2;50;28;13m▀[38;2;42;24;14;48;2;37;18;15m▀[38;2;65;44;19;48;2;55;30;14m▀[0m
[38;2;60;32;17;48;2;15;5;12m▀[38;2;40;22;11;48;2;26;13;10m▀[38;2;57;31;9;48;2;72;40;17m▀[38;2;55;27;15;48;2;72;39;15m▀[38;2;63;29;12;48;2;55;29;18m▀[38;2;69;35;13;48;2;62;38;21m▀[38;2;80;47;11;48;2;79;46;18m▀[38;2;83;48;14;48;2;76;43;15m▀[38;2;93;49;4;48;2;77;44;10m▀[38;2;79;41;12;48;2;84;49;14m▀[38;2;101;59;14;48;2;100;59;12m▀[38;2;102;61;21;48;2;105;63;17m▀[38;2;78;41;13;48;2;82;49;14m▀[38;2;30;12;8;48;2;27;12;8m▀[38;2;22;9;13;48;2;16;5;5m▀[38;2;66;41;18;48;2;53;28;15m▀[38;2;63;31;14;48;2;56;27;17m▀[38;2;80;49;18;48;2;63;37;13m▀[38;2;122;75;31;48;2;126;80;33m▀[38;2;125;75;33;48;2;129;81;32m▀[38;2;142;93;33;48;2;135;81;27m▀[38;2;140;84;32;48;2;134;84;36m▀[38;2;150;95;30;48;2;141;90;34m▀[38;2;168;110;41;48;2;139;90;34m▀[38;2;107;68;26;48;2;101;62;22m▀[38;2;57;31;17;48;2;54;29;11m▀[38;2;94;60;34;48;2;75;46;13m▀[38;2;90;58;21;48;2;95;61;23m▀[38;2;125;80;34;48;2;131;84;41m▀[38;2;147;92;38;48;2;163;106;48m▀[38;2;145;90;41;48;2;167;111;45m▀[38;2;162;103;40;48;2;157;103;49m▀[38;2;141;91;42;48;2;160;105;50m▀[38;2;105;71;29;48;2;130;88;42m▀[38;2;109;70;38;48;2;100;62;25m▀[38;2;102;65;30;48;2;111;69;23m▀[38;2;128;79;31;48;2;126;79;23m▀[38;2;124;81;32;48;2;121;78;28m▀[38;2;115;78;31;48;2;121;78;33m▀[38;2;106;70;20;48;2;111;70;30m▀[38;2;91;57;19;48;2;85;54;11m▀[38;2;95;60;18;48;2;95;61;21m▀[38;2;93;60;13;48;2;94;63;21m▀[38;2;85;55;21;48;2;89;53;16m▀[38;2;68;42;11;48;2;64;38;8m▀[38;2;83;53;11;48;2;84;52;28m▀[38;2;71;45;3;48;2;84;55;18m▀[38;2;48;27;4;48;2;70;44;16m▀[38;2;60;36;12;48;2;59;35;2m▀[38;2;67;44;11;48;2;76;46;6m▀[38;2;41;19;1;48;2;54;28;7m▀[38;2;72;46;11;48;2;61;36;8m▀[38;2;52;28;7;48;2;58;32;9m▀[38;2;58;31;9;48;2;58;29;14m▀[38;2;57;34;14;48;2;63;34;16m▀[38;2;57;33;8;48;2;54;26;12m▀[38;2;54;31;9;48;2;59;33;13m▀[38;2;74;46;8;48;2;55;33;13m▀[0m
[38;2;30;13;15;48;2;19;8;19m▀[38;2;30;13;6;48;2;26;10;10m▀[38;2;60;30;14;48;2;58;33;13m▀[38;2;59;28;14;48;2;50;29;14m▀[38;2;62;35;16;48;2;52;25;13m▀[38;2;62;36;14;48;2;58;28;13m▀[38;2;63;36;14;48;2;60;30;12m▀[38;2;72;39;12;48;2;58;34;12m▀[38;2;71;40;16;48;2;59;34;14m▀[38;2;81;49;10;48;2;63;31;12m▀[38;2;77;43;15;48;2;63;34;18m▀[38;2;83;48;16;48;2;64;34;22m▀[38;2;82;46;17;48;2;56;26;14m▀[38;2;29;12;8;48;2;43;22;12m▀[38;2;22;9;4;48;2;47;24;12m▀[38;2;42;22;13;48;2;42;19;10m▀[38;2;56;30;14;48;2;61;30;14m▀[38;2;66;40;14;48;2;83;50;11m▀[38;2;124;82;35;48;2;121;83;40m▀[38;2;134;86;38;48;2;104;73;36m▀[38;2;153;101;48;48;2;123;87;40m▀[38;2;156;109;51;48;2;114;78;33m▀[38;2;151;105;48;48;2;108;68;24m▀[38;2;143;97;32;48;2;104;69;28m▀[38;2;117;75;27;48;2;110;73;35m▀[38;2;75;47;13;48;2;99;64;24m▀[38;2;67;41;14;48;2;76;46;19m▀[38;2;107;65;24;48;2;96;57;13m▀[38;2;132;87;32;48;2;106;63;19m▀[38;2;143;94;39;48;2;150;98;39m▀[38;2;146;96;38;48;2;146;95;38m▀[38;2;146;93;36;48;2;134;86;32m▀[38;2;143;95;40;48;2;135;86;34m▀[38;2;141;93;36;48;2;127;76;18m▀[38;2;103;61;12;48;2;102;61;20m▀[38;2;106;64;19;48;2;103;63;14m▀[38;2;116;73;29;48;2;105;62;23m▀[38;2;122;78;34;48;2;100;58;15m▀[38;2;116;74;29;48;2;96;57;7m▀[38;2;100;60;15;48;2;90;56;7m▀[38;2;84;50;9;48;2;79;48;10m▀[38;2;89;52;17;48;2;80;47;2m▀[38;2;85;54;14;48;2;78;47;6m▀[38;2;78;49;14;48;2;77;47;6m▀[38;2;63;38;12;48;2;65;37;12m▀[38;2;76;44;7;48;2;69;41;7m▀[38;2;67;39;4;48;2;82;49;9m▀[38;2;65;37;1;48;2;71;43;7m▀[38;2;53;29;7;48;2;54;27;4m▀[38;2;66;38;8;48;2;47;26;10m▀[38;2;56;28;7;48;2;33;16;7m▀[38;2;51;30;9;48;2;37;21;5m▀[38;2;62;36;11;48;2;21;8;4m▀[38;2;46;22;5;48;2;32;16;2m▀[38;2;48;25;6;48;2;28;13;6m▀[38;2;43;22;7;48;2;32;13;10m▀[38;2;42;23;13;48;2;30;13;13m▀[38;2;33;17;12;48;2;29;15;9m▀[0m
[38;2;29;13;18;48;2;21;10;13m▀[38;2;29;13;18;48;2;32;15;15m▀[38;2;47;21;14;48;2;33;12;12m▀[38;2;41;22;7;48;2;45;19;19m▀[38;2;48;24;7;48;2;45;23;13m▀[38;2;51;27;10;48;2;60;32;13m▀[38;2;54;31;12;48;2;60;28;9m▀[38;2;51;29;13;48;2;57;34;8m▀[38;2;52;28;10;48;2;60;36;16m▀[38;2;59;32;12;48;2;53;31;6m▀[38;2;59;29;18;48;2;55;32;9m▀[38;2;46;20;15;48;2;52;30;9m▀[38;2;39;19;10;48;2;61;37;9m▀[38;2;57;28;16;48;2;68;40;16m▀[38;2;42;19;10;48;2;39;19;6m▀[38;2;35;14;7;48;2;29;11;3m▀[38;2;59;26;13;48;2;49;25;8m▀[38;2;77;42;11;48;2;66;32;6m▀[38;2;94;59;13;48;2;97;55;13m▀[38;2;135;90;38;48;2;96;55;17m▀[38;2;156;111;51;48;2;86;53;14m▀[38;2;150;109;52;48;2;84;50;11m▀[38;2;140;95;36;48;2;90;50;15m▀[38;2;122;83;29;48;2;82;47;12m▀[38;2;120;78;25;48;2;79;48;12m▀[38;2;100;59;9;48;2;90;50;16m▀[38;2;73;43;17;48;2;74;41;11m▀[38;2;93;56;20;48;2;93;56;16m▀[38;2;104;59;20;48;2;101;56;9m▀[38;2;109;61;6;48;2;102;56;15m▀[38;2;94;53;8;48;2;96;56;13m▀[38;2;103;57;9;48;2;97;56;13m▀[38;2;112;64;18;48;2;97;56;7m▀[38;2;112;63;14;48;2;94;53;14m▀[38;2;94;54;14;48;2;72;42;4m▀[38;2;96;55;7;48;2;85;50;11m▀[38;2;94;53;16;48;2;87;54;16m▀[38;2;83;47;9;48;2;66;38;12m▀[38;2;83;49;5;48;2;58;30;13m▀[38;2;85;50;9;48;2;71;41;11m▀[38;2;72;37;1;48;2;71;38;8m▀[38;2;78;49;6;48;2;72;44;10m▀[38;2;68;41;4;48;2;53;27;7m▀[38;2;59;35;9;48;2;28;17;2m▀[38;2;64;35;5;48;2;49;25;0m▀[38;2;61;32;6;48;2;47;23;5m▀[38;2;53;29;10;48;2;40;21;5m▀[38;2;28;11;3;48;2;29;16;10m▀[38;2;42;18;6;48;2;38;18;1m▀[38;2;35;18;1;48;2;27;16;2m▀[38;2;29;11;7;48;2;25;11;0m▀[38;2;29;11;3;48;2;23;11;7m▀[38;2;23;8;4;48;2;12;5;9m▀[38;2;57;26;12;48;2;124;48;10m▀[38;2;27;11;7;48;2;78;28;13m▀[38;2;27;13;10;48;2;35;17;11m▀[38;2;33;17;12;48;2;30;17;5m▀[38;2;37;17;11;48;2;18;10;7m▀[0m
[38;2;21;8;10;48;2;23;7;13m▀[38;2;31;9;16;48;2;27;10;12m▀[38;2;31;13;13;48;2;32;12;15m▀[38;2;40;12;12;48;2;39;14;14m▀[38;2;45;20;10;48;2;44;19;15m▀[38;2;58;33;13;48;2;56;24;18m▀[38;2;62;39;17;48;2;65;33;12m▀[38;2;59;37;16;48;2;77;42;17m▀[38;2;59;37;16;48;2;76;46;8m▀[38;2;63;39;15;48;2;68;41;6m▀[38;2;62;33;14;48;2;61;30;8m▀[38;2;65;38;16;48;2;68;33;11m▀[38;2;66;38;11;48;2;71;38;7m▀[38;2;80;46;10;48;2;65;31;8m▀[38;2;45;21;9;48;2;44;21;8m▀[38;2;30;11;3;48;2;34;14;7m▀[38;2;45;21;5;48;2;63;34;18m▀[38;2;63;32;12;48;2;60;29;2m▀[38;2;89;47;19;48;2;76;40;10m▀[38;2;79;43;6;48;2;63;28;13m▀[38;2;61;30;10;48;2;51;24;14m▀[38;2;67;35;12;48;2;57;33;10m▀[38;2;68;37;12;48;2;57;29;7m▀[38;2;65;32;15;48;2;71;41;18m▀[38;2;69;38;1;48;2;81;44;12m▀[38;2;72;42;4;48;2;83;44;12m▀[38;2;72;42;4;48;2;78;41;18m▀[38;2;86;46;12;48;2;73;35;8m▀[38;2;116;66;0;48;2;94;52;4m▀[38;2;113;63;11;48;2;111;61;15m▀[38;2;110;63;15;48;2;125;70;13m▀[38;2;111;66;0;48;2;114;70;13m▀[38;2;101;62;8;48;2;65;37;14m▀[38;2;85;51;1;48;2;49;25;8m▀[38;2;80;47;2;48;2;74;42;7m▀[38;2;82;45;0;48;2;74;40;7m▀[38;2;83;49;16;48;2;55;29;3m▀[38;2;54;24;8;48;2;49;23;5m▀[38;2;42;16;10;48;2;41;17;1m▀[38;2;55;27;4;48;2;60;30;6m▀[38;2;61;32;2;48;2;54;27;4m▀[38;2;49;23;0;48;2;38;18;1m▀[38;2;46;23;5;48;2;35;17;7m▀[38;2;34;14;2;48;2;31;16;2m▀[38;2;51;22;4;48;2;33;16;0m▀[38;2;41;18;6;48;2;33;16;7m▀[38;2;29;14;2;48;2;33;14;7m▀[38;2;27;14;3;48;2;27;13;3m▀[38;2;28;11;0;48;2;23;8;4m▀[38;2;26;13;3;48;2;38;22;8m▀[38;2;23;8;4;48;2;58;38;10m▀[38;2;23;8;4;48;2;22;8;8m▀[38;2;17;8;4;48;2;20;8;8m▀[38;2;44;10;10;48;2;14;4;9m▀[38;2;23;4;8;48;2;12;4;4m▀[38;2;13;0;9;48;2;17;8;11m▀[38;2;19;4;8;48;2;9;0;9m▀[38;2;14;4;8;48;2;12;0;9m▀[0m
[38;2;23;3;18;48;2;23;7;13m▀[38;2;17;4;11;48;2;23;7;10m▀[38;2;23;10;10;48;2;23;3;11m▀[38;2;24;8;13;48;2;18;0;9m▀[38;2;27;9;16;48;2;16;0;9m▀[38;2;29;9;13;48;2;19;4;8m▀[38;2;38;14;14;48;2;29;9;9m▀[38;2;33;12;10;48;2;38;12;9m▀[38;2;42;16;8;48;2;58;25;5m▀[38;2;60;28;14;48;2;81;42;15m▀[38;2;83;46;10;48;2;109;59;0m▀[38;2;69;38;6;48;2;94;51;3m▀[38;2;57;31;9;48;2;56;28;14m▀[38;2;63;30;12;48;2;52;25;15m▀[38;2;44;17;12;48;2;38;13;6m▀[38;2;23;8;8;48;2;41;17;8m▀[38;2;45;23;11;48;2;46;20;8m▀[38;2;59;29;6;48;2;50;21;0m▀[38;2;81;43;11;48;2;53;26;7m▀[38;2;74;43;15;48;2;71;43;9m▀[38;2;103;69;22;48;2;32;10;10m▀[38;2;109;69;26;48;2;34;10;10m▀[38;2;105;70;32;48;2;41;17;1m▀[38;2;83;51;24;48;2;32;11;8m▀[38;2;68;36;8;48;2;25;4;9m▀[38;2;64;30;2;48;2;27;9;0m▀[38;2;29;9;9;48;2;19;5;5m▀[38;2;29;9;4;48;2;25;5;5m▀[38;2;59;24;7;48;2;30;8;8m▀[38;2;100;51;10;48;2;66;29;15m▀[38;2;98;49;13;48;2;63;26;13m▀[38;2;73;36;8;48;2;48;16;6m▀[38;2;76;36;8;48;2;68;31;12m▀[38;2;57;26;7;48;2;63;29;6m▀[38;2;63;35;5;48;2;56;26;0m▀[38;2;58;29;0;48;2;52;22;0m▀[38;2;48;23;0;48;2;41;18;1m▀[38;2;48;25;4;48;2;42;18;1m▀[38;2;41;18;6;48;2;44;17;6m▀[38;2;48;25;8;48;2;40;18;1m▀[38;2;48;22;11;48;2;42;18;6m▀[38;2;32;14;10;48;2;28;11;7m▀[38;2;33;14;7;48;2;67;41;12m▀[38;2;33;14;7;48;2;60;37;11m▀[38;2;33;16;2;48;2;32;13;0m▀[38;2;27;13;3;48;2;30;10;10m▀[38;2;62;38;10;48;2;32;13;6m▀[38;2;68;42;17;48;2;48;19;8m▀[38;2;16;5;0;48;2;15;5;5m▀[38;2;12;5;0;48;2;6;0;6m▀[38;2;22;10;7;48;2;14;4;9m▀[38;2;12;4;9;48;2;10;0;6m▀[38;2;14;4;9;48;2;6;0;6m▀[38;2;23;10;7;48;2;12;0;9m▀[38;2;16;8;4;48;2;35;11;11m▀[38;2;36;11;19;48;2;64;29;14m▀[38;2;10;0;6;48;2;9;0;9m▀[38;2;12;0;12;48;2;11;4;8m▀[0m
[38;2;13;4;13;48;2;17;7;12m▀[38;2;18;3;16;48;2;20;7;15m▀[38;2;18;4;13;48;2;22;6;15m▀[38;2;12;0;5;48;2;20;7;7m▀[38;2;14;4;8;48;2;26;6;6m▀[38;2;27;7;16;48;2;40;14;8m▀[38;2;44;16;11;48;2;49;21;9m▀[38;2;51;21;13;48;2;61;26;16m▀[38;2;69;34;9;48;2;65;30;10m▀[38;2;75;41;13;48;2;64;32;12m▀[38;2;85;45;1;48;2;64;27;13m▀[38;2;76;40;0;48;2;55;22;6m▀[38;2;36;17;5;48;2;19;8;4m▀[38;2;27;11;7;48;2;26;10;7m▀[38;2;41;17;8;48;2;36;17;9m▀[38;2;43;22;11;48;2;33;16;9m▀[38;2;49;21;4;48;2;37;16;1m▀[38;2;45;17;6;48;2;32;16;2m▀[38;2;58;30;14;48;2;41;17;12m▀[38;2;47;21;11;48;2;28;13;6m▀[38;2;47;24;14;48;2;31;11;3m▀[38;2;50;22;16;48;2;30;8;4m▀[38;2;48;20;5;48;2;27;11;3m▀[38;2;36;14;2;48;2;40;13;9m▀[38;2;26;8;8;48;2;58;27;14m▀[38;2;54;25;10;48;2;98;58;2m▀[38;2;21;5;9;48;2;43;24;11m▀[38;2;14;0;0;48;2;11;0;7m▀[38;2;24;4;12;48;2;14;0;6m▀[38;2;49;17;17;48;2;32;7;7m▀[38;2;71;35;18;48;2;52;21;11m▀[38;2;52;20;8;48;2;48;17;12m▀[38;2;67;31;14;48;2;56;20;7m▀[38;2;44;17;8;48;2;42;13;2m▀[38;2;47;21;0;48;2;41;18;1m▀[38;2;45;15;1;48;2;35;13;2m▀[38;2;44;17;6;48;2;30;16;6m▀[38;2;49;24;4;48;2;67;42;3m▀[38;2;44;22;5;48;2;68;39;6m▀[38;2;38;13;10;48;2;23;8;8m▀[38;2;33;13;6;48;2;20;8;8m▀[38;2;19;5;0;48;2;19;0;0m▀[38;2;37;16;6;48;2;30;13;0m▀[38;2;56;28;6;48;2;43;15;9m▀[38;2;51;21;11;48;2;54;22;4m▀[38;2;44;12;6;48;2;55;24;6m▀[38;2;45;15;5;48;2;49;16;14m▀[38;2;45;16;8;48;2;41;14;5m▀[38;2;37;9;6;48;2;56;20;7m▀[38;2;26;8;4;48;2;43;16;1m▀[38;2;10;0;6;48;2;12;0;5m▀[38;2;6;0;6;48;2;6;0;0m▀[38;2;0;0;0;48;2;12;0;9m▀[38;2;0;0;0;48;2;10;0;6m▀[38;2;11;4;8;48;2;18;4;8m▀[38;2;37;11;19;48;2;12;0;9m▀[38;2;12;0;12;48;2;22;7;12m▀[38;2;16;4;13;48;2;41;20;6m▀[0m
