[38;2;35;43;33;48;2;30;46;21m▀[38;2;67;88;100;48;2;43;51;48m▀[38;2;55;69;65;48;2;61;78;66m▀[38;2;41;51;41;48;2;39;55;39m▀[38;2;52;60;41;48;2;38;47;30m▀[38;2;34;59;36;48;2;59;84;79m▀[38;2;36;57;36;48;2;51;75;57m▀[38;2;37;73;44;48;2;41;73;49m▀[38;2;58;88;59;48;2;51;72;47m▀[38;2;70;87;54;48;2;60;74;53m▀[38;2;47;82;47;48;2;81;94;63m▀[38;2;55;87;57;48;2;66;89;59m▀[38;2;84;101;71;48;2;66;89;58m▀[38;2;103;110;82;48;2;98;95;74m▀[38;2;58;78;42;48;2;47;71;43m▀[38;2;70;91;58;48;2;66;89;62m▀[38;2;69;111;67;48;2;71;101;59m▀[38;2;79;96;59;48;2;66;100;55m▀[38;2;65;78;41;48;2;75;77;53m▀[38;2;59;76;42;48;2;73;89;35m▀[38;2;115;116;91;48;2;93;109;64m▀[38;2;129;131;90;48;2;136;142;97m▀[38;2;128;126;90;48;2;148;138;97m▀[38;2;160;149;114;48;2;134;139;95m▀[38;2;102;118;69;48;2;118;133;85m▀[38;2;89;119;59;48;2;96;140;70m▀[38;2;96;127;70;48;2;86;137;61m▀[38;2;73;113;49;48;2;79;125;53m▀[38;2;87;116;54;48;2;80;126;52m▀[38;2;81;106;42;48;2;84;126;48m▀[38;2;61;102;35;48;2;73;124;49m▀[38;2;85;120;57;48;2;77;121;49m▀[38;2;103;126;66;48;2;91;135;58m▀[38;2;94;134;65;48;2;72;126;46m▀[38;2;91;131;63;48;2;84;135;62m▀[38;2;100;129;70;48;2;105;138;79m▀[38;2;112;139;77;48;2;139;167;98m▀[38;2;100;141;74;48;2;118;158;83m▀[38;2;120;142;72;48;2;134;153;76m▀[38;2;109;129;60;48;2;125;140;63m▀[38;2;95;109;62;48;2;116;122;71m▀[38;2;133;135;80;48;2;97;115;52m▀[38;2;116;128;81;48;2;84;108;57m▀[38;2;102;117;59;48;2;93;105;56m▀[38;2;86;108;60;48;2;81;105;55m▀[38;2;131;135;67;48;2;109;121;64m▀[38;2;78;85;51;48;2;136;139;78m▀[38;2;106;116;63;48;2;95;104;56m▀[38;2;95;102;58;48;2;87;94;50m▀[38;2;77;86;34;48;2;95;107;53m▀[38;2;122;128;72;48;2;61;82;37m▀[38;2;100;110;45;48;2;51;69;35m▀[38;2;79;94;38;48;2;57;68;35m▀[38;2;26;51;23;48;2;54;66;30m▀[38;2;45;63;33;48;2;37;57;36m▀[38;2;52;60;33;48;2;76;82;52m▀[38;2;40;52;28;48;2;78;78;48m▀[38;2;57;68;34;48;2;22;40;17m▀[0m
[38;2;38;49;28;48;2;30;49;27m▀[38;2;23;33;23;48;2;34;44;24m▀[38;2;70;76;57;48;2;55;58;37m▀[38;2;29;59;24;48;2;62;68;55m▀[38;2;37;58;31;48;2;54;60;43m▀[38;2;55;77;75;48;2;51;73;52m▀[38;2;73;83;78;48;2;72;87;70m▀[38;2;57;78;50;48;2;93;93;71m▀[38;2;76;82;53;48;2;119;107;87m▀[38;2;78;83;52;48;2;112;90;75m▀[38;2;67;74;55;48;2;83;84;64m▀[38;2;71;86;63;48;2;89;89;75m▀[38;2;53;80;44;48;2;77;97;58m▀[38;2;74;99;60;48;2;63;95;43m▀[38;2;63;102;48;48;2;43;79;27m▀[38;2;73;113;50;48;2;56;83;40m▀[38;2;79;112;52;48;2;106;120;76m▀[38;2;65;95;55;48;2;69;120;43m▀[38;2;86;102;57;48;2;78;112;54m▀[38;2;69;90;40;48;2;81;116;43m▀[38;2;65;101;40;48;2;66;115;44m▀[38;2;91;125;57;48;2;76;119;53m▀[38;2;100;124;65;48;2;116;121;77m▀[38;2;98;130;61;48;2;125;128;80m▀[38;2;136;144;90;48;2;124;132;84m▀[38;2;106;149;76;48;2;80;123;55m▀[38;2;101;155;68;48;2;96;122;58m▀[38;2;86;125;62;48;2;76;126;56m▀[38;2;91;129;62;48;2;93;146;73m▀[38;2;85;143;57;48;2;107;150;69m▀[38;2;92;131;61;48;2;106;123;70m▀[38;2;93;145;62;48;2;87;118;55m▀[38;2;94;136;55;48;2;93;141;63m▀[38;2;96;122;59;48;2;87;126;58m▀[38;2;90;131;58;48;2;84;125;61m▀[38;2;92;139;63;48;2;105;129;75m▀[38;2;99;149;69;48;2;110;146;72m▀[38;2;87;122;54;48;2;128;147;84m▀[38;2;97;120;60;48;2;143;145;95m▀[38;2;105;119;50;48;2;91;106;55m▀[38;2;119;118;65;48;2;114;123;73m▀[38;2;131;133;73;48;2;138;149;77m▀[38;2;104;105;63;48;2;132;133;81m▀[38;2;130;130;79;48;2;117;130;68m▀[38;2;118;121;65;48;2;79;100;46m▀[38;2;126;131;68;48;2;115;120;72m▀[38;2;130;141;62;48;2;108;113;55m▀[38;2;131;139;81;48;2;56;80;29m▀[38;2;124;124;68;48;2;89;103;51m▀[38;2;97;111;54;48;2;124;132;50m▀[38;2;56;74;35;48;2;101;108;53m▀[38;2;75;82;51;48;2;114;117;74m▀[38;2;111;105;66;48;2;117;116;76m▀[38;2;116;118;69;48;2;116;118;78m▀[38;2;41;52;32;48;2;50;58;30m▀[38;2;53;73;42;48;2;107;102;89m▀[38;2;56;64;44;48;2;129;118;112m▀[38;2;53;56;36;48;2;129;123;114m▀[0m
[38;2;31;39;31;48;2;43;48;39m▀[38;2;52;53;33;48;2;53;50;43m▀[38;2;61;67;48;48;2;53;47;43m▀[38;2;64;67;57;48;2;71;67;57m▀[38;2;97;89;70;48;2;82;68;56m▀[38;2;85;84;65;48;2;85;76;61m▀[38;2;62;88;57;48;2;51;69;47m▀[38;2;100;112;75;48;2;65;80;51m▀[38;2;103;105;76;48;2;101;101;82m▀[38;2;85;95;64;48;2;66;95;65m▀[38;2;62;90;53;48;2;60;94;57m▀[38;2;84;99;62;48;2;89;105;66m▀[38;2;99;117;81;48;2;82;101;63m▀[38;2;151;138;118;48;2;113;117;78m▀[38;2;50;68;34;48;2;52;86;43m▀[38;2;48;75;32;48;2;54;92;35m▀[38;2;88;114;61;48;2;64;94;44m▀[38;2;78;119;52;48;2;56;81;38m▀[38;2;64;111;43;48;2;51;91;34m▀[38;2;105;136;65;48;2;63;108;47m▀[38;2;84;116;55;48;2;68;116;56m▀[38;2;81;116;60;48;2;64;100;40m▀[38;2;97;123;62;48;2;82;120;49m▀[38;2;97;99;56;48;2;122;129;77m▀[38;2;104;127;76;48;2;96;121;60m▀[38;2;100;111;57;48;2;92;72;51m▀[38;2;80;115;51;48;2;132;107;81m▀[38;2;73;112;53;48;2;71;89;40m▀[38;2;71;120;43;48;2;83;115;50m▀[38;2;95;153;64;48;2;124;138;96m▀[38;2;101;155;75;48;2;141;147;117m▀[38;2;100;144;71;48;2;132;147;117m▀[38;2;94;153;76;48;2;160;150;131m▀[38;2;113;135;69;48;2;128;128;97m▀[38;2;94;148;73;48;2;132;127;87m▀[38;2;109;146;74;48;2;129;124;83m▀[38;2;94;145;64;48;2;96;142;58m▀[38;2;101;139;71;48;2;117;133;67m▀[38;2;118;140;71;48;2;121;137;78m▀[38;2;142;143;86;48;2;155;148;93m▀[38;2;149;148;91;48;2;93;106;59m▀[38;2;139;149;72;48;2;147;153;76m▀[38;2;118;121;66;48;2;140;140;79m▀[38;2;120;132;65;48;2;143;149;75m▀[38;2;122;127;68;48;2;94;108;52m▀[38;2;90;104;42;48;2;78;93;43m▀[38;2;106;120;53;48;2;133;137;71m▀[38;2;49;69;25;48;2;165;165;96m▀[38;2;64;83;37;48;2;110;103;58m▀[38;2;93;111;67;48;2;115;120;72m▀[38;2;103;110;68;48;2;149;142;109m▀[38;2;96;104;67;48;2;123;121;86m▀[38;2;85;96;54;48;2;106;105;73m▀[38;2;121;121;79;48;2;155;150;111m▀[38;2;87;85;60;48;2;92;88;67m▀[38;2;110;105;76;48;2;99;93;67m▀[38;2;84;81;59;48;2;99;98;70m▀[38;2;124;117;103;48;2;113;114;86m▀[0m
[38;2;34;50;32;48;2;26;28;29m▀[38;2;60;54;46;48;2;30;33;35m▀[38;2;71;61;56;48;2;39;42;42m▀[38;2;46;64;45;48;2;48;46;46m▀[38;2;43;58;41;48;2;35;43;35m▀[38;2;46;51;45;48;2;41;41;38m▀[38;2;44;47;39;48;2;41;38;38m▀[38;2;46;40;40;48;2;56;54;52m▀[38;2;54;70;44;48;2;58;80;38m▀[38;2;75;93;72;48;2;143;160;155m▀[38;2;94;111;99;48;2;133;150;149m▀[38;2;142;151;147;48;2;171;175;181m▀[38;2;146;157;153;48;2;188;188;198m▀[38;2;141;161;150;48;2;191;192;200m▀[38;2;121;146;122;48;2;165;172;178m▀[38;2;88;128;87;48;2;160;188;178m▀[38;2;59;101;55;48;2;58;103;48m▀[38;2;52;88;43;48;2;61;99;51m▀[38;2;47;79;40;48;2;61;101;49m▀[38;2;53;80;43;48;2;60;96;60m▀[38;2;57;95;46;48;2;65;108;60m▀[38;2;77;103;59;48;2;65;92;48m▀[38;2;127;116;79;48;2;73;114;45m▀[38;2;105;112;62;48;2;87;102;59m▀[38;2;125;126;81;48;2;98;111;67m▀[38;2;65;79;30;48;2;92;109;47m▀[38;2;101;113;66;48;2;137;137;115m▀[38;2;151;160;145;48;2;183;194;198m▀[38;2;192;200;203;48;2;190;203;208m▀[38;2;208;216;227;48;2;205;211;222m▀[38;2;193;200;214;48;2;197;200;214m▀[38;2;174;183;197;48;2;188;195;208m▀[38;2;179;187;204;48;2;197;205;217m▀[38;2;186;195;209;48;2;183;189;201m▀[38;2;194;199;202;48;2;190;194;206m▀[38;2;186;177;163;48;2;201;211;218m▀[38;2;145;142;80;48;2;187;187;173m▀[38;2;117;134;62;48;2;114;125;70m▀[38;2;145;151;76;48;2;156;157;102m▀[38;2;134;129;87;48;2;108;120;63m▀[38;2;164;164;92;48;2;140;152;74m▀[38;2;145;150;81;48;2;115;143;57m▀[38;2;161;157;96;48;2;94;123;50m▀[38;2;139;148;83;48;2;111;129;61m▀[38;2;139;141;83;48;2;122;132;65m▀[38;2;143;146;86;48;2;91;120;48m▀[38;2;168;168;109;48;2;169;170;112m▀[38;2;153;156;104;48;2;126;138;75m▀[38;2;123;126;71;48;2;161;157;92m▀[38;2;117;118;75;48;2;188;179;130m▀[38;2;161;153;124;48;2;130;124;84m▀[38;2;181;175;148;48;2;196;191;150m▀[38;2;114;110;71;48;2;115;104;70m▀[38;2;142;138;96;48;2;172;164;125m▀[38;2;60;73;45;48;2;90;88;62m▀[38;2;121;115;74;48;2;134;126;94m▀[38;2;102;96;57;48;2;148;144;94m▀[38;2;84;89;53;48;2;84;93;43m▀[0m
[38;2;80;90;97;48;2;104;113;127m▀[38;2;32;48;37;48;2;48;53;55m▀[38;2;36;40;38;48;2;28;31;33m▀[38;2;46;46;48;48;2;52;48;54m▀[38;2;49;46;49;48;2;52;51;55m▀[38;2;44;53;42;48;2;66;105;56m▀[38;2;51;60;50;48;2;79;134;62m▀[38;2;61;74;59;48;2;71;111;66m▀[38;2;69;85;49;48;2;69;109;58m▀[38;2;146;159;158;48;2;143;162;155m▀[38;2;136;151;150;48;2;141;151;151m▀[38;2;188;185;195;48;2;189;185;196m▀[38;2;201;199;209;48;2;206;207;216m▀[38;2;197;193;203;48;2;205;203;212m▀[38;2;193;192;201;48;2;208;208;217m▀[38;2;162;185;181;48;2;160;176;177m▀[38;2;50;85;43;48;2;63;85;58m▀[38;2;50;73;35;48;2;51;52;40m▀[38;2;34;56;24;48;2;41;60;33m▀[38;2;67;107;50;48;2;51;80;37m▀[38;2;60;99;42;48;2;71;108;49m▀[38;2;52;80;35;48;2;42;65;30m▀[38;2;46;81;32;48;2;35;49;25m▀[38;2;80;100;92;48;2;80;88;95m▀[38;2;95;106;108;48;2;104;106;115m▀[38;2;83;88;85;48;2;69;83;71m▀[38;2;54;82;28;48;2;46;44;27m▀[38;2;165;175;172;48;2;86;90;76m▀[38;2;198;207;210;48;2;202;204;208m▀[38;2;214;216;226;48;2;224;226;235m▀[38;2;209;214;223;48;2;204;206;218m▀[38;2;208;213;222;48;2;200;202;214m▀[38;2;212;215;227;48;2;204;206;219m▀[38;2;206;210;219;48;2;202;206;216m▀[38;2;204;206;215;48;2;218;220;229m▀[38;2;205;209;215;48;2;161;157;153m▀[38;2;160;153;116;48;2;107;99;61m▀[38;2;142;133;99;48;2;138;140;126m▀[38;2;147;153;155;48;2;142;146;161m▀[38;2;151;159;171;48;2;130;137;152m▀[38;2;155;163;106;48;2;142;147;133m▀[38;2;156;162;80;48;2;113;127;76m▀[38;2;126;135;74;48;2;118;135;61m▀[38;2;168;166;99;48;2;77;101;49m▀[38;2;71;90;53;48;2;61;83;47m▀[38;2;55;76;35;48;2;41;55;28m▀[38;2;70;100;51;48;2;36;66;27m▀[38;2;56;86;36;48;2;99;120;71m▀[38;2;120;133;79;48;2;139;151;145m▀[38;2;170;173;118;48;2;144;154;149m▀[38;2;167;155;123;48;2;130;135;96m▀[38;2;146;147;107;48;2;112;117;73m▀[38;2;106;108;60;48;2;93;119;59m▀[38;2;153;147;109;48;2;102;118;63m▀[38;2;77;84;54;48;2;91;90;63m▀[38;2;122;121;79;48;2;135;130;87m▀[38;2;111;119;72;48;2;66;91;39m▀[38;2;120;123;60;48;2;53;73;30m▀[0m
[38;2;108;118;130;48;2;95;108;116m▀[38;2;64;78;78;48;2;62;80;69m▀[38;2;28;29;28;48;2;44;47;45m▀[38;2;31;34;34;48;2;49;49;53m▀[38;2;40;38;39;48;2;53;57;51m▀[38;2;58;84;56;48;2;63;63;54m▀[38;2;67;101;61;48;2;51;55;47m▀[38;2;69;109;66;48;2;45;57;50m▀[38;2;58;79;60;48;2;50;89;53m▀[38;2;132;151;148;48;2;126;142;134m▀[38;2;154;165;165;48;2;163;173;172m▀[38;2;198;195;204;48;2;194;189;199m▀[38;2;205;202;211;48;2;202;197;207m▀[38;2;206;203;211;48;2;198;193;203m▀[38;2;205;205;212;48;2;197;193;202m▀[38;2;150;168;167;48;2;158;173;171m▀[38;2;62;69;54;48;2;82;83;71m▀[38;2;53;52;46;48;2;46;41;37m▀[38;2;54;89;55;48;2;54;60;38m▀[38;2;59;92;51;48;2;54;55;38m▀[38;2;60;81;42;48;2;55;74;42m▀[38;2;62;94;46;48;2;66;64;50m▀[38;2;47;42;34;48;2;56;52;43m▀[38;2;77;81;79;48;2;74;68;62m▀[38;2;97;101;102;48;2;74;68;59m▀[38;2;52;61;37;48;2;76;75;55m▀[38;2;53;42;36;48;2;84;90;67m▀[38;2;100;99;91;48;2;118;120;114m▀[38;2;204;209;212;48;2;211;213;219m▀[38;2;218;218;228;48;2;221;223;232m▀[38;2;203;205;214;48;2;209;210;218m▀[38;2;203;205;215;48;2;204;204;214m▀[38;2;202;203;213;48;2;206;204;214m▀[38;2;200;202;212;48;2;211;212;221m▀[38;2;213;218;224;48;2;218;219;227m▀[38;2;103;100;88;48;2;102;99;75m▀[38;2;67;58;50;48;2;70;73;62m▀[38;2;119;128;136;48;2;123;131;140m▀[38;2;116;119;134;48;2;135;142;152m▀[38;2;156;164;177;48;2;181;193;194m▀[38;2;190;201;207;48;2;188;192;194m▀[38;2;188;195;196;48;2;191;189;197m▀[38;2;175;185;180;48;2;180;180;186m▀[38;2;125;147;123;48;2;177;180;186m▀[38;2;46;83;30;48;2;73;100;60m▀[38;2;46;84;26;48;2;24;45;15m▀[38;2;35;76;22;48;2;20;52;14m▀[38;2;124;136;102;48;2;127;132;120m▀[38;2;165;168;174;48;2;163;165;171m▀[38;2;162;167;172;48;2;160;164;167m▀[38;2;120;134;118;48;2;155;160;132m▀[38;2;124;135;75;48;2;178;174;122m▀[38;2;89;96;55;48;2;119;126;75m▀[38;2;95;111;72;48;2;60;103;38m▀[38;2;66;94;43;48;2;55;99;36m▀[38;2;146;148;95;48;2;129;141;79m▀[38;2;68;97;39;48;2;106;121;63m▀[38;2;73;90;41;48;2;73;100;49m▀[0m
[38;2;90;103;108;48;2;74;89;81m▀[38;2;47;56;53;48;2;43;59;47m▀[38;2;37;35;35;48;2;44;50;40m▀[38;2;48;52;42;48;2;44;48;37m▀[38;2;58;77;52;48;2;46;47;42m▀[38;2;45;52;42;48;2;64;96;48m▀[38;2;59;69;54;48;2;58;86;43m▀[38;2;55;59;50;48;2;58;60;51m▀[38;2;59;65;59;48;2;70;91;70m▀[38;2;120;128;125;48;2;112;125;117m▀[38;2;173;181;180;48;2;174;183;178m▀[38;2;202;198;205;48;2;211;211;217m▀[38;2;201;198;207;48;2;206;202;211m▀[38;2;203;197;206;48;2;203;197;204m▀[38;2;208;205;213;48;2;200;198;202m▀[38;2;161;173;166;48;2;156;166;161m▀[38;2;91;103;77;48;2;95;90;82m▀[38;2;67;75;51;48;2;79;69;67m▀[38;2;59;52;46;48;2;93;75;76m▀[38;2;59;53;49;48;2;57;44;42m▀[38;2;62;69;50;48;2;68;77;56m▀[38;2;77;77;56;48;2;79;89;69m▀[38;2;76;64;52;48;2;75;74;57m▀[38;2;75;81;55;48;2;92;84;69m▀[38;2;71;67;59;48;2;101;84;68m▀[38;2;83;82;61;48;2;98;83;65m▀[38;2;81;85;62;48;2;106;106;78m▀[38;2;119;138;112;48;2;128;138;120m▀[38;2;220;223;229;48;2;220;224;230m▀[38;2;222;219;230;48;2;229;229;237m▀[38;2;207;207;217;48;2;213;213;222m▀[38;2;204;204;214;48;2;203;199;210m▀[38;2;206;206;215;48;2;201;197;207m▀[38;2;211;213;222;48;2;222;223;229m▀[38;2;221;224;226;48;2;220;222;222m▀[38;2;115;130;86;48;2;117;143;81m▀[38;2;81;93;64;48;2;124;124;94m▀[38;2;109;120;106;48;2;93;95;74m▀[38;2;131;148;130;48;2;115;128;108m▀[38;2;176;185;187;48;2;178;188;188m▀[38;2;187;183;194;48;2;192;187;196m▀[38;2;185;180;190;48;2;193;189;198m▀[38;2;184;181;190;48;2;188;184;193m▀[38;2;188;182;193;48;2;188;183;192m▀[38;2;79;101;59;48;2;97;117;71m▀[38;2;43;66;35;48;2;84;82;62m▀[38;2;35;54;28;48;2;69;68;53m▀[38;2;121;137;134;48;2;116;129;127m▀[38;2;163;166;174;48;2;143;152;154m▀[38;2;159;164;170;48;2;142;157;161m▀[38;2;128;129;107;48;2;69;99;55m▀[38;2;98;130;63;48;2;53;97;41m▀[38;2;95;118;54;48;2;48;97;34m▀[38;2;62;116;47;48;2;60;116;42m▀[38;2;52;100;36;48;2;43;90;31m▀[38;2;59;103;36;48;2;45;81;27m▀[38;2;81;104;48;48;2;41;88;28m▀[38;2;40;84;21;48;2;21;61;13m▀[0m
[38;2;59;87;62;48;2;60;87;60m▀[38;2;78;103;67;48;2;61;65;52m▀[38;2;74;95;62;48;2;64;66;55m▀[38;2;61;64;55;48;2;46;53;33m▀[38;2;77;90;71;48;2;60;72;51m▀[38;2;62;75;54;48;2;66;86;54m▀[38;2;64;61;58;48;2;67;69;61m▀[38;2;85;110;73;48;2;69;77;65m▀[38;2;93;109;79;48;2;94;104;91m▀[38;2;121;134;122;48;2;116;129;113m▀[38;2;174;183;178;48;2;175;182;177m▀[38;2;193;186;195;48;2;210;206;209m▀[38;2;198;191;198;48;2;204;198;202m▀[38;2;203;196;201;48;2;203;193;199m▀[38;2;198;191;195;48;2;196;191;194m▀[38;2;158;167;158;48;2;164;173;168m▀[38;2;107;106;89;48;2;115;125;107m▀[38;2;98;89;74;48;2;108;121;90m▀[38;2;85;80;74;48;2;110;120;87m▀[38;2;92;98;77;48;2;106;127;76m▀[38;2;103;123;89;48;2;93;102;63m▀[38;2;108;126;91;48;2;110;104;78m▀[38;2;78;92;69;48;2;102;86;71m▀[38;2;99;122;80;48;2;106;100;78m▀[38;2;104;116;90;48;2;103;102;75m▀[38;2;107;117;79;48;2;110;128;70m▀[38;2;111;108;72;48;2;116;120;88m▀[38;2;149;154;129;48;2;154;159;131m▀[38;2;219;224;225;48;2;218;222;224m▀[38;2;226;224;232;48;2;211;208;217m▀[38;2;206;203;211;48;2;205;202;210m▀[38;2;206;204;212;48;2;208;208;213m▀[38;2;207;205;210;48;2;206;206;210m▀[38;2;228;229;234;48;2;206;204;212m▀[38;2;215;217;214;48;2;204;208;199m▀[38;2;112;121;83;48;2;106;107;69m▀[38;2;117;125;94;48;2;114;139;92m▀[38;2;84;97;67;48;2;125;134;103m▀[38;2;100;115;100;48;2;99;100;81m▀[38;2;174;187;187;48;2;159;175;173m▀[38;2;192;195;197;48;2;173;183;175m▀[38;2;185;182;190;48;2;173;182;176m▀[38;2;178;174;183;48;2;170;187;174m▀[38;2;181;184;186;48;2;157;167;162m▀[38;2;113;122;85;48;2;101;108;79m▀[38;2;97;102;74;48;2;107;121;90m▀[38;2;91;81;73;48;2;94;97;68m▀[38;2;73;76;64;48;2;89;93;72m▀[38;2;71;90;64;48;2;87;84;68m▀[38;2;62;70;48;48;2;66;59;47m▀[38;2;57;90;50;48;2;74;77;60m▀[38;2;60;102;48;48;2;61;84;48m▀[38;2;34;63;26;48;2;56;88;45m▀[38;2;51;98;39;48;2;65;101;53m▀[38;2;58;106;45;48;2;61;105;41m▀[38;2;44;89;34;48;2;50;96;43m▀[38;2;37;85;29;48;2;50;98;31m▀[38;2;23;67;18;48;2;39;80;25m▀[0m
[38;2;72;99;61;48;2;61;79;44m▀[38;2;62;61;47;48;2;78;80;67m▀[38;2;67;55;48;48;2;83;71;64m▀[38;2;67;62;57;48;2;88;79;68m▀[38;2;51;43;47;48;2;83;78;67m▀[38;2;69;59;57;48;2;66;65;57m▀[38;2;81;82;60;48;2;114;113;93m▀[38;2;86;94;68;48;2;112;105;84m▀[38;2;91;112;74;48;2;108;116;95m▀[38;2;97;101;94;48;2;156;164;170m▀[38;2;174;181;176;48;2;177;182;186m▀[38;2;210;201;205;48;2;209;207;213m▀[38;2;209;200;203;48;2;219;216;222m▀[38;2;212;203;206;48;2;215;215;220m▀[38;2;212;208;211;48;2;218;216;224m▀[38;2;197;203;203;48;2;203;211;214m▀[38;2;146;153;143;48;2;182;194;196m▀[38;2;95;95;73;48;2;167;171;173m▀[38;2;95;102;59;48;2;95;72;68m▀[38;2;99;106;70;48;2;106;98;80m▀[38;2;95;101;69;48;2;106;97;79m▀[38;2;97;99;71;48;2;118;99;77m▀[38;2;116;94;76;48;2;106;79;74m▀[38;2;127;111;96;48;2;141;115;94m▀[38;2;113;97;83;48;2;108;95;74m▀[38;2;114;101;86;48;2;114;109;76m▀[38;2;117;99;86;48;2;139;137;113m▀[38;2;150;140;140;48;2;177;180;182m▀[38;2;221;225;227;48;2;222;225;229m▀[38;2;213;209;216;48;2;223;225;226m▀[38;2;204;201;207;48;2;218;219;225m▀[38;2;204;200;209;48;2;219;219;225m▀[38;2;212;212;217;48;2;221;225;227m▀[38;2;219;220;225;48;2;221;226;230m▀[38;2;189;187;178;48;2;216;219;220m▀[38;2;134;129;81;48;2;158;160;126m▀[38;2;113;99;74;48;2;130;114;85m▀[38;2;112;105;76;48;2;115;132;83m▀[38;2;111;132;72;48;2;122;145;93m▀[38;2;84;84;63;48;2;112;114;77m▀[38;2;93;98;69;48;2;106;122;70m▀[38;2;110;105;92;48;2;104;110;75m▀[38;2;108;147;88;48;2;131;155;95m▀[38;2;110;135;90;48;2;116;156;88m▀[38;2;109;152;87;48;2;104;131;83m▀[38;2;102;139;73;48;2;99;120;81m▀[38;2;96;127;74;48;2;82;90;60m▀[38;2;94;119;67;48;2;97;126;72m▀[38;2;94;118;73;48;2;106;147;82m▀[38;2;91;118;71;48;2;104;142;81m▀[38;2;90;108;70;48;2;92;127;71m▀[38;2;93;101;72;48;2;96;138;68m▀[38;2;91;136;71;48;2;81;104;59m▀[38;2;74;103;57;48;2;78;85;59m▀[38;2;47;61;37;48;2;64;69;45m▀[38;2;54;87;39;48;2;56;65;49m▀[38;2;54;88;43;48;2;61;84;46m▀[38;2;42;58;38;48;2;58;79;46m▀[0m
[38;2;67;63;56;48;2;81;86;60m▀[38;2;89;87;73;48;2;79;89;66m▀[38;2;111;117;90;48;2;97;111;84m▀[38;2;115;122;96;48;2;95;87;76m▀[38;2;124;126;103;48;2;93;78;67m▀[38;2;83;75;70;48;2;104;111;84m▀[38;2;132;115;99;48;2;96;96;80m▀[38;2;122;102;86;48;2;121;119;102m▀[38;2;120;124;103;48;2;124;114;101m▀[38;2;155;165;168;48;2;118;111;102m▀[38;2;126;135;132;48;2;129;125;102m▀[38;2;183;184;189;48;2;134;131;124m▀[38;2;204;199;204;48;2;135;123;116m▀[38;2;201;197;200;48;2;133;126;108m▀[38;2;176;166;169;48;2;116;101;84m▀[38;2;152;140;145;48;2;136;110;106m▀[38;2;109;102;111;48;2;125;102;99m▀[38;2;98;82;71;48;2;97;93;74m▀[38;2;133;117;104;48;2;124;100;95m▀[38;2;128;103;93;48;2;135;102;96m▀[38;2;121;102;85;48;2;129;104;93m▀[38;2;106;99;70;48;2;140;112;96m▀[38;2;135;116;96;48;2;114;86;75m▀[38;2;105;79;70;48;2;146;139;86m▀[38;2;111;91;75;48;2;143;147;70m▀[38;2;140;133;77;48;2;116;101;64m▀[38;2;139;157;116;48;2;124;128;99m▀[38;2;185;194;195;48;2;173;183;180m▀[38;2;213;216;220;48;2;205;209;211m▀[38;2;212;208;212;48;2;222;218;218m▀[38;2;217;213;215;48;2;225;219;219m▀[38;2;218;216;216;48;2;225;221;218m▀[38;2;218;216;214;48;2;221;216;215m▀[38;2;223;221;221;48;2;224;222;221m▀[38;2;217;217;217;48;2;211;213;208m▀[38;2;169;160;154;48;2;153;144;132m▀[38;2;123;98;86;48;2;112;89;77m▀[38;2;91;88;65;48;2;91;85;63m▀[38;2;124;146;101;48;2;122;120;87m▀[38;2;128;137;101;48;2;136;142;103m▀[38;2;127;136;89;48;2;132;147;102m▀[38;2;114;136;72;48;2;109;109;75m▀[38;2;109;127;83;48;2;96;81;67m▀[38;2;101;97;77;48;2;78;57;59m▀[38;2;112;93;88;48;2;91;89;65m▀[38;2;91;74;68;48;2;97;90;75m▀[38;2;97;93;73;48;2;111;101;88m▀[38;2;88;89;63;48;2;82;70;58m▀[38;2;83;93;64;48;2;88;88;68m▀[38;2;95;127;68;48;2;89;88;66m▀[38;2;99;134;83;48;2;81;101;58m▀[38;2;97;134;72;48;2;72;78;60m▀[38;2;86;122;58;48;2;82;96;57m▀[38;2;84;109;48;48;2;72;95;52m▀[38;2;79;98;59;48;2;78;75;49m▀[38;2;76;97;57;48;2;75;85;55m▀[38;2;73;106;56;48;2;62;83;44m▀[38;2;67;107;51;48;2;60;94;50m▀[0m
[38;2;64;63;44;48;2;68;60;54m▀[38;2;65;67;49;48;2;74;63;57m▀[38;2;90;93;66;48;2;105;122;65m▀[38;2;76;74;54;48;2;102;118;79m▀[38;2;83;74;60;48;2;107;99;80m▀[38;2;111;104;83;48;2;117;119;92m▀[38;2;122;111;89;48;2;108;107;92m▀[38;2;139;124;110;48;2;89;76;77m▀[38;2;122;107;100;48;2;106;101;99m▀[38;2;128;118;104;48;2;104;101;97m▀[38;2;128;127;98;48;2;129;142;100m▀[38;2;124;110;97;48;2;131;117;106m▀[38;2;120;115;86;48;2;122;102;102m▀[38;2;130;124;93;48;2;100;80;82m▀[38;2;115;108;82;48;2;113;95;92m▀[38;2;115;107;85;48;2;140;114;97m▀[38;2;98;75;72;48;2;117;93;86m▀[38;2;125;103;102;48;2;116;87;79m▀[38;2;127;97;90;48;2;118;82;78m▀[38;2;142;109;97;48;2;134;104;93m▀[38;2;132;111;75;48;2;147;126;94m▀[38;2;156;145;90;48;2;155;132;98m▀[38;2;166;145;108;48;2;144;118;97m▀[38;2;140;131;69;48;2;157;133;120m▀[38;2;136;105;77;48;2;138;112;109m▀[38;2;120;105;69;48;2;149;120;110m▀[38;2;130;117;73;48;2;118;100;105m▀[38;2;143;146;143;48;2;136;119;130m▀[38;2;205;208;209;48;2;152;147;165m▀[38;2;222;217;215;48;2;150;150;171m▀[38;2;217;211;208;48;2;145;147;163m▀[38;2;224;218;215;48;2;156;168;148m▀[38;2;217;214;212;48;2;147;147;157m▀[38;2;205;202;200;48;2;132;136;143m▀[38;2;179;176;175;48;2;142;135;149m▀[38;2;144;147;123;48;2;137;108;108m▀[38;2;132;133;112;48;2;139;119;108m▀[38;2;119;109;95;48;2;137;123;97m▀[38;2;88;69;69;48;2;131;120;108m▀[38;2;109;109;87;48;2;135;121;115m▀[38;2;153;135;119;48;2;133;115;108m▀[38;2;126;97;87;48;2;128;116;112m▀[38;2;115;105;85;48;2;106;94;86m▀[38;2;80;71;62;48;2;91;90;68m▀[38;2;92;92;64;48;2;97;86;70m▀[38;2;104;106;77;48;2;111;88;83m▀[38;2;102;87;69;48;2;110;90;82m▀[38;2;92;83;70;48;2;87;70;69m▀[38;2;87;86;64;48;2;73;61;58m▀[38;2;102;106;84;48;2;58;47;53m▀[38;2;98;100;79;48;2;70;55;57m▀[38;2;71;79;55;48;2;56;43;47m▀[38;2;91;95;79;48;2;75;58;58m▀[38;2;74;79;53;48;2;74;64;59m▀[38;2;53;56;46;48;2;68;65;53m▀[38;2;71;66;57;48;2;69;68;53m▀[38;2;55;48;37;48;2;64;72;52m▀[38;2;51;59;39;48;2;40;44;34m▀[0m
[38;2;65;71;55;48;2;49;56;34m▀[38;2;77;95;68;48;2;69;97;50m▀[38;2;99;119;80;48;2;77;95;51m▀[38;2;99;86;65;48;2;62;50;45m▀[38;2;100;88;78;48;2;96;66;64m▀[38;2;107;94;83;48;2;105;82;70m▀[38;2;80;64;65;48;2;94;77;67m▀[38;2;114;90;88;48;2;98;81;76m▀[38;2;130;97;100;48;2;112;85;85m▀[38;2;107;95;82;48;2;117;84;76m▀[38;2;123;147;89;48;2;118;117;85m▀[38;2;130;126;98;48;2;139;154;102m▀[38;2;119;102;99;48;2;122;120;86m▀[38;2;105;88;90;48;2;113;90;87m▀[38;2;100;77;82;48;2;101;81;88m▀[38;2;114;90;80;48;2;121;100;106m▀[38;2;100;82;85;48;2;128;116;108m▀[38;2;108;88;89;48;2;128;106;91m▀[38;2;129;103;93;48;2;139;108;105m▀[38;2;128;88;82;48;2;114;91;91m▀[38;2;129;93;92;48;2;120;95;80m▀[38;2;130;100;78;48;2;136;111;108m▀[38;2;159;154;101;48;2;139;118;109m▀[38;2;145;118;115;48;2;153;119;119m▀[38;2;128;106;109;48;2;158;122;114m▀[38;2;128;101;109;48;2;146;126;134m▀[38;2;138;112;112;48;2;137;113;115m▀[38;2;138;115;113;48;2;131;110;105m▀[38;2;162;134;131;48;2;141;125;124m▀[38;2;132;104;110;48;2;141;127;141m▀[38;2;142;127;141;48;2;133;128;145m▀[38;2;124;135;118;48;2;125;119;138m▀[38;2;103;103;113;48;2;115;116;138m▀[38;2;122;122;138;48;2;126;123;144m▀[38;2;127;122;139;48;2;128;128;146m▀[38;2;110;110;127;48;2;114;115;138m▀[38;2;112;105;120;48;2;117;118;139m▀[38;2;116;103;107;48;2;123;123;142m▀[38;2;120;120;128;48;2;130;129;146m▀[38;2;123;110;120;48;2;112;113;134m▀[38;2;134;107;110;48;2;103;91;102m▀[38;2;107;88;93;48;2;113;95;96m▀[38;2;118;101;95;48;2;140;111;114m▀[38;2;100;90;78;48;2;110;109;98m▀[38;2;87;76;74;48;2;116;99;101m▀[38;2;107;96;104;48;2;105;100;110m▀[38;2;111;91;87;48;2;113;101;104m▀[38;2;104;79;77;48;2;104;90;91m▀[38;2;73;55;55;48;2;96;77;77m▀[38;2;81;67;69;48;2;82;69;69m▀[38;2;76;54;54;48;2;109;92;82m▀[38;2;63;55;58;48;2;77;65;59m▀[38;2;59;52;49;48;2;96;81;71m▀[38;2;50;46;37;48;2;86;62;58m▀[38;2;58;53;47;48;2;61;54;47m▀[38;2;64;84;53;48;2;69;64;57m▀[38;2;53;61;46;48;2;56;60;44m▀[38;2;65;75;58;48;2;57;68;45m▀[0m
[38;2;57;58;39;48;2;66;48;45m▀[38;2;71;79;56;48;2;88;66;59m▀[38;2;80;91;56;48;2;79;67;54m▀[38;2;88;68;64;48;2;97;78;69m▀[38;2;97;79;73;48;2;98;83;85m▀[38;2;90;68;69;48;2;108;86;80m▀[38;2;87;65;65;48;2;115;89;92m▀[38;2;83;65;71;48;2;96;73;72m▀[38;2;112;85;79;48;2;90;79;75m▀[38;2;104;81;86;48;2;84;72;85m▀[38;2;96;70;74;48;2;115;98;105m▀[38;2;134;110;96;48;2;116;93;94m▀[38;2;115;114;85;48;2;101;84;84m▀[38;2;146;123;118;48;2;107;89;73m▀[38;2;137;114;92;48;2;109;79;81m▀[38;2;130;106;104;48;2;110;92;99m▀[38;2;91;75;62;48;2;117;102;108m▀[38;2;128;99;95;48;2;149;122;113m▀[38;2;174;151;146;48;2;147;112;104m▀[38;2;131;100;85;48;2;125;92;93m▀[38;2;155;128;93;48;2;156;127;116m▀[38;2;127;88;85;48;2;118;98;107m▀[38;2;145;111;111;48;2;158;134;135m▀[38;2;139;114;114;48;2;155;114;103m▀[38;2;133;115;118;48;2;169;130;123m▀[38;2;151;133;136;48;2;139;117;121m▀[38;2;132;115;124;48;2;149;127;126m▀[38;2;133;107;117;48;2;151;135;135m▀[38;2;150;127;126;48;2;144;124;127m▀[38;2;138;123;109;48;2;139;117;92m▀[38;2;123;111;122;48;2;144;105;103m▀[38;2;123;120;138;48;2;133;126;145m▀[38;2;110;110;132;48;2;126;121;138m▀[38;2;130;132;152;48;2;125;124;145m▀[38;2;115;115;138;48;2;122;121;139m▀[38;2;123;123;142;48;2;114;110;132m▀[38;2;120;117;138;48;2;119;118;136m▀[38;2;129;125;144;48;2;130;131;152m▀[38;2;121;120;140;48;2;117;117;137m▀[38;2;123;124;146;48;2;109;110;131m▀[38;2;118;114;136;48;2;111;112;132m▀[38;2;119;115;129;48;2;110;112;134m▀[38;2;105;93;100;48;2;113;115;134m▀[38;2;113;95;100;48;2;106;109;123m▀[38;2;112;93;96;48;2;101;96;111m▀[38;2;113;100;110;48;2;102;92;104m▀[38;2;123;105;105;48;2;129;106;110m▀[38;2;112;95;96;48;2;104;82;84m▀[38;2;103;86;89;48;2;92;80;91m▀[38;2;89;65;66;48;2;106;91;96m▀[38;2;67;48;48;48;2;85;75;82m▀[38;2;90;67;65;48;2;90;73;74m▀[38;2;83;69;73;48;2;93;68;68m▀[38;2;84;68;64;48;2;93;66;59m▀[38;2;69;49;45;48;2;88;67;62m▀[38;2;61;50;49;48;2;61;48;47m▀[38;2;75;65;63;48;2;38;27;24m▀[38;2;46;42;39;48;2;47;34;34m▀[0m
[38;2;55;42;42;48;2;90;93;86m▀[38;2;77;58;50;48;2;90;76;71m▀[38;2;94;72;54;48;2;96;82;79m▀[38;2;87;68;64;48;2;110;91;90m▀[38;2;92;77;79;48;2;72;47;49m▀[38;2;122;91;92;48;2;87;63;62m▀[38;2;88;67;69;48;2;95;79;73m▀[38;2;94;99;67;48;2;79;61;63m▀[38;2;74;69;72;48;2;94;72;75m▀[38;2;91;79;85;48;2;110;94;99m▀[38;2;87;81;95;48;2;90;83;97m▀[38;2;86;69;77;48;2;102;91;90m▀[38;2;95;78;90;48;2;115;91;96m▀[38;2;119;96;96;48;2;105;75;78m▀[38;2;107;100;103;48;2;110;83;83m▀[38;2;120;104;103;48;2;120;92;87m▀[38;2;111;98;103;48;2;141;116;100m▀[38;2;104;78;83;48;2;107;75;76m▀[38;2;143;103;98;48;2;129;90;84m▀[38;2;130;91;91;48;2;125;84;79m▀[38;2;134;108;88;48;2;148;111;98m▀[38;2;141;107;93;48;2;141;112;89m▀[38;2;158;115;108;48;2;129;90;90m▀[38;2;140;106;112;48;2;165;121;111m▀[38;2;195;161;162;48;2;160;115;108m▀[38;2;162;132;129;48;2;153;109;102m▀[38;2;161;133;133;48;2;150;121;121m▀[38;2;139;131;147;48;2;159;132;134m▀[38;2;143;128;141;48;2;144;126;134m▀[38;2;144;111;114;48;2;140;124;136m▀[38;2;131;86;82;48;2;157;132;139m▀[38;2;132;118;135;48;2;145;125;134m▀[38;2;142;135;152;48;2;144;134;151m▀[38;2;136;129;142;48;2;130;127;138m▀[38;2;133;132;149;48;2;129;125;142m▀[38;2;132;132;153;48;2;151;144;156m▀[38;2;125;126;148;48;2;128;123;142m▀[38;2;132;132;153;48;2;133;133;153m▀[38;2;124;124;147;48;2;122;118;138m▀[38;2;110;110;132;48;2;116;115;138m▀[38;2;108;108;127;48;2;118;118;138m▀[38;2;108;111;133;48;2;114;116;137m▀[38;2;120;119;136;48;2;119;115;125m▀[38;2;118;114;130;48;2;120;115;130m▀[38;2;101;101;122;48;2;105;107;128m▀[38;2;103;104;126;48;2;97;98;119m▀[38;2;104;97;108;48;2;94;95;114m▀[38;2;122;112;113;48;2;98;98;115m▀[38;2;84;75;80;48;2;81;74;89m▀[38;2;77;61;66;48;2;87;61;61m▀[38;2;94;71;67;48;2;99;74;70m▀[38;2;111;93;88;48;2;98;78;72m▀[38;2;84;68;63;48;2;73;65;73m▀[38;2;79;59;57;48;2;82;67;68m▀[38;2;51;42;45;48;2;105;83;77m▀[38;2;72;58;58;48;2;84;67;67m▀[38;2;72;58;59;48;2;70;54;52m▀[38;2;65;49;52;48;2;43;33;34m▀[0m
[38;2;60;41;43;48;2;62;55;56m▀[38;2;93;77;68;48;2;43;34;40m▀[38;2;81;71;61;48;2;76;57;60m▀[38;2;93;77;75;48;2;87;58;58m▀[38;2;74;53;40;48;2;64;43;45m▀[38;2;78;58;54;48;2;82;62;62m▀[38;2;108;91;79;48;2;87;67;59m▀[38;2;99;69;62;48;2;85;80;60m▀[38;2;95;61;56;48;2;82;60;59m▀[38;2;96;71;72;48;2;105;81;88m▀[38;2;111;87;88;48;2;101;76;85m▀[38;2;115;91;88;48;2;145;108;97m▀[38;2;92;69;70;48;2;135;98;96m▀[38;2;104;71;74;48;2;109;79;80m▀[38;2;112;74;75;48;2;92;60;63m▀[38;2;118;80;81;48;2;122;89;87m▀[38;2;129;89;87;48;2;119;85;79m▀[38;2;114;70;63;48;2;142;99;84m▀[38;2;117;91;88;48;2;139;93;88m▀[38;2;150;113;99;48;2;133;87;79m▀[38;2;151;121;100;48;2;158;112;105m▀[38;2;144;100;87;48;2;133;97;95m▀[38;2;155;111;101;48;2;136;99;105m▀[38;2;123;89;89;48;2;116;75;74m▀[38;2;142;103;93;48;2;120;70;64m▀[38;2;132;91;89;48;2;138;88;78m▀[38;2;160;119;114;48;2;158;120;115m▀[38;2;179;156;151;48;2;154;113;113m▀[38;2;162;147;142;48;2;169;145;144m▀[38;2;167;142;138;48;2;153;123;127m▀[38;2;153;140;148;48;2;172;146;138m▀[38;2;174;153;154;48;2;155;124;125m▀[38;2;163;132;135;48;2;145;125;121m▀[38;2;196;167;151;48;2;120;88;82m▀[38;2;151;131;139;48;2;144;111;105m▀[38;2;135;125;140;48;2;135;104;108m▀[38;2;123;120;143;48;2;147;135;146m▀[38;2;123;120;140;48;2;122;127;129m▀[38;2;128;127;147;48;2;123;120;142m▀[38;2;108;105;125;48;2;123;120;139m▀[38;2;122;123;143;48;2;118;118;137m▀[38;2;128;127;147;48;2;118;121;118m▀[38;2;120;118;129;48;2;98;98;108m▀[38;2;112;110;130;48;2;111;110;130m▀[38;2;106;106;127;48;2;104;103;124m▀[38;2;109;111;131;48;2;105;106;126m▀[38;2;96;96;115;48;2;107;107;127m▀[38;2;97;97;117;48;2;106;105;124m▀[38;2;84;85;104;48;2;97;98;118m▀[38;2;97;88;97;48;2;89;91;109m▀[38;2;99;87;85;48;2;76;78;95m▀[38;2;108;88;89;48;2;89;86;102m▀[38;2;70;56;60;48;2;87;77;82m▀[38;2;85;65;67;48;2;79;63;63m▀[38;2;81;63;66;48;2;92;71;69m▀[38;2;97;80;85;48;2;90;71;71m▀[38;2;69;52;53;48;2;77;61;63m▀[38;2;49;37;36;48;2;52;43;53m▀[0m
[38;2;53;43;49;48;2;55;42;42m▀[38;2;67;55;59;48;2;56;41;41m▀[38;2;54;39;43;48;2;51;36;34m▀[38;2;73;53;56;48;2;94;68;68m▀[38;2;97;82;79;48;2;91;69;73m▀[38;2;72;56;61;48;2;106;73;74m▀[38;2;61;34;36;48;2;69;42;47m▀[38;2;80;56;64;48;2;103;68;67m▀[38;2;119;91;91;48;2;96;61;62m▀[38;2;88;65;73;48;2;127;90;80m▀[38;2;123;85;86;48;2;125;88;88m▀[38;2;104;95;90;48;2;109;94;93m▀[38;2;103;77;86;48;2;152;123;118m▀[38;2;105;73;71;48;2;99;68;73m▀[38;2;125;91;91;48;2;105;79;88m▀[38;2;128;89;87;48;2;151;102;95m▀[38;2;132;96;94;48;2;174;141;142m▀[38;2;145;102;92;48;2;163;126;130m▀[38;2;110;80;82;48;2;147;117;114m▀[38;2;161;142;137;48;2;150;132;127m▀[38;2;171;149;140;48;2;152;128;125m▀[38;2;139;109;113;48;2;119;99;111m▀[38;2;118;83;85;48;2;142;110;115m▀[38;2;111;78;82;48;2;145;116;120m▀[38;2;112;82;82;48;2;113;96;107m▀[38;2;133;93;92;48;2;108;75;75m▀[38;2;150;97;92;48;2;108;76;81m▀[38;2;129;90;90;48;2;164;133;133m▀[38;2;146;104;102;48;2;137;99;95m▀[38;2;149;117;117;48;2;154;109;104m▀[38;2;159;135;137;48;2;167;138;141m▀[38;2;148;124;120;48;2;172;140;136m▀[38;2;132;122;137;48;2;143;120;124m▀[38;2;153;132;118;48;2;141;120;123m▀[38;2;132;95;87;48;2;126;93;92m▀[38;2;169;137;132;48;2;116;84;92m▀[38;2;162;125;123;48;2;152;120;120m▀[38;2;143;133;143;48;2;176;146;143m▀[38;2;132;135;140;48;2;172;155;149m▀[38;2;131;131;138;48;2;154;144;153m▀[38;2;120;120;140;48;2;122;121;140m▀[38;2;128;126;145;48;2;115;115;134m▀[38;2;105;104;123;48;2;113;112;132m▀[38;2;111;110;130;48;2;113;112;131m▀[38;2;102;102;124;48;2;108;109;130m▀[38;2;92;94;114;48;2;109;111;131m▀[38;2;114;116;131;48;2;114;116;126m▀[38;2;95;97;120;48;2;95;97;120m▀[38;2;95;96;116;48;2;89;90;108m▀[38;2;88;90;108;48;2;88;90;110m▀[38;2;87;91;111;48;2;95;98;119m▀[38;2;82;87;105;48;2;86;87;106m▀[38;2;78;78;93;48;2;77;81;99m▀[38;2;73;73;83;48;2;79;84;103m▀[38;2;74;78;72;48;2;67;74;90m▀[38;2;67;59;59;48;2;66;69;82m▀[38;2;66;51;52;48;2;76;65;72m▀[38;2;31;27;36;48;2;75;66;74m▀[0m
[38;2;53;39;41;48;2;40;30;36m▀[38;2;61;49;54;48;2;54;38;44m▀[38;2;52;35;34;48;2;89;65;64m▀[38;2;63;45;42;48;2;85;58;52m▀[38;2;91;60;61;48;2;79;50;48m▀[38;2;90;56;56;48;2;64;32;30m▀[38;2;92;55;56;48;2;71;48;55m▀[38;2;97;60;65;48;2;93;72;77m▀[38;2;115;83;80;48;2;89;67;71m▀[38;2;126;86;81;48;2;102;88;95m▀[38;2;125;88;84;48;2;85;76;90m▀[38;2;104;72;75;48;2;105;83;90m▀[38;2;114;69;69;48;2;133;89;86m▀[38;2;118;74;75;48;2;129;87;83m▀[38;2;140;112;122;48;2;130;80;74m▀[38;2;150;109;91;48;2;154;125;121m▀[38;2;154;120;115;48;2;127;94;92m▀[38;2;151;117;110;48;2;133;100;99m▀[38;2;167;131;121;48;2;152;121;117m▀[38;2;139;99;95;48;2;170;144;137m▀[38;2;129;99;97;48;2;133;107;105m▀[38;2;136;97;94;48;2;111;89;96m▀[38;2;113;80;85;48;2;116;80;80m▀[38;2;130;97;101;48;2;130;103;112m▀[38;2;148;116;114;48;2;137;104;113m▀[38;2;140;104;106;48;2;99;69;78m▀[38;2;120;88;99;48;2;103;66;69m▀[38;2;132;99;110;48;2;113;79;69m▀[38;2;137;108;115;48;2;136;94;89m▀[38;2;143;101;102;48;2;116;83;83m▀[38;2;125;93;97;48;2;127;83;80m▀[38;2;169;130;120;48;2;152;116;119m▀[38;2;125;106;117;48;2;136;91;95m▀[38;2;137;119;130;48;2;154;119;116m▀[38;2;120;104;107;48;2;169;154;155m▀[38;2;131;105;98;48;2;148;137;126m▀[38;2;113;88;96;48;2;132;108;115m▀[38;2;156;120;120;48;2;138;114;119m▀[38;2;179;146;130;48;2;139;111;118m▀[38;2;168;145;140;48;2;134;113;114m▀[38;2;122;101;114;48;2;125;108;112m▀[38;2;109;109;129;48;2;118;104;116m▀[38;2;115;115;135;48;2;116;116;130m▀[38;2;124;123;138;48;2;107;105;125m▀[38;2;117;104;119;48;2;104;103;123m▀[38;2;99;99;119;48;2;110;110;129m▀[38;2;104;107;126;48;2;97;98;118m▀[38;2;95;98;117;48;2;97;99;120m▀[38;2;90;92;114;48;2;94;96;117m▀[38;2;88;90;110;48;2;89;92;112m▀[38;2;98;99;116;48;2;97;99;119m▀[38;2;85;84;100;48;2;87;89;109m▀[38;2;77;80;98;48;2;78;79;95m▀[38;2;74;75;94;48;2;84;85;102m▀[38;2;71;76;94;48;2;75;80;100m▀[38;2;60;63;80;48;2;68;73;89m▀[38;2;46;46;55;48;2;59;54;62m▀[38;2;46;39;42;48;2;36;35;42m▀[0m
[38;2;59;57;34;48;2;24;16;21m▀[38;2;37;33;33;48;2;56;39;43m▀[38;2;36;27;33;48;2;45;25;25m▀[38;2;75;48;41;48;2;50;33;33m▀[38;2;77;47;49;48;2;56;40;39m▀[38;2;83;58;60;48;2;72;42;46m▀[38;2;84;63;69;48;2;87;68;70m▀[38;2;106;76;68;48;2;87;66;66m▀[38;2;89;73;78;48;2;84;62;69m▀[38;2;136;108;111;48;2;114;89;84m▀[38;2;100;71;75;48;2;101;68;66m▀[38;2;97;66;66;48;2;102;79;82m▀[38;2;117;79;77;48;2;114;71;67m▀[38;2;123;79;70;48;2;115;77;72m▀[38;2;165;127;109;48;2;122;86;89m▀[38;2;161;125;119;48;2;137;93;89m▀[38;2;136;101;97;48;2;139;108;107m▀[38;2;118;86;78;48;2;134;102;101m▀[38;2;133;113;87;48;2;139;125;111m▀[38;2;143;111;108;48;2;129;93;99m▀[38;2;136;103;100;48;2;118;79;75m▀[38;2;137;102;107;48;2;105;70;75m▀[38;2;139;116;129;48;2;106;90;100m▀[38;2;130;120;122;48;2;133;118;130m▀[38;2;128;106;118;48;2;134;107;112m▀[38;2;147;127;134;48;2;118;107;124m▀[38;2;146;121;130;48;2;147;124;131m▀[38;2;133;98;98;48;2;143;123;129m▀[38;2;135;101;102;48;2;163;138;141m▀[38;2;142;119;109;48;2;157;131;141m▀[38;2;150;118;124;48;2;145;116;117m▀[38;2;162;132;132;48;2;147;114;113m▀[38;2;123;87;91;48;2;120;86;87m▀[38;2;125;75;74;48;2;156;109;101m▀[38;2;142;105;110;48;2;174;135;130m▀[38;2;133;110;121;48;2;177;147;136m▀[38;2;140;127;139;48;2;155;134;132m▀[38;2;130;119;133;48;2;137;115;118m▀[38;2;135;112;110;48;2;135;120;129m▀[38;2;133;113;100;48;2;129;101;106m▀[38;2;134;105;105;48;2;96;82;89m▀[38;2;111;84;89;48;2;85;74;84m▀[38;2;105;110;95;48;2;85;70;77m▀[38;2;105;102;119;48;2;122;105;110m▀[38;2;114;106;122;48;2;121;98;109m▀[38;2;101;99;119;48;2;124;103;111m▀[38;2;98;99;118;48;2;126;115;126m▀[38;2;89;89;109;48;2;107;110;116m▀[38;2;93;94;111;48;2;98;105;100m▀[38;2;83;83;102;48;2;87;83;96m▀[38;2;98;103;104;48;2;90;81;87m▀[38;2;77;79;95;48;2;77;79;95m▀[38;2;73;75;94;48;2;78;82;100m▀[38;2;73;78;95;48;2;74;80;99m▀[38;2;67;73;91;48;2;61;68;85m▀[38;2;71;78;95;48;2;56;64;78m▀[38;2;53;60;75;48;2;53;62;76m▀[38;2;51;59;75;48;2;51;58;70m▀[0m
