[38;2;27;39;39;48;2;42;40;43m▀[38;2;18;29;33;48;2;35;30;33m▀[38;2;15;25;28;48;2;25;23;29m▀[38;2;16;19;25;48;2;14;18;26m▀[38;2;22;20;28;48;2;13;15;26m▀[38;2;33;24;31;48;2;22;22;30m▀[38;2;54;28;31;48;2;39;23;29m▀[38;2;91;40;39;48;2;81;40;39m▀[38;2;122;61;42;48;2;127;65;44m▀[38;2;150;81;46;48;2;159;89;48m▀[38;2;173;105;48;48;2;183;115;54m▀[38;2;197;141;69;48;2;205;152;81m▀[38;2;205;180;116;48;2;209;197;156m▀[38;2;206;194;133;48;2;210;208;198m▀[38;2;208;202;168;48;2;210;208;180m▀[38;2;208;206;189;48;2;212;212;204m▀[38;2;210;201;145;48;2;213;211;171m▀[38;2;211;188;114;48;2;215;201;131m▀[38;2;209;165;82;48;2;216;211;179m▀[38;2;203;143;61;48;2;219;195;110m▀[38;2;188;123;56;48;2;216;164;66m▀[38;2;161;88;47;48;2;219;161;53m▀[38;2;205;152;62;48;2;221;166;51m▀[38;2;217;174;60;48;2;221;166;47m▀[38;2;218;173;55;48;2;208;147;41m▀[38;2;218;168;46;48;2;156;85;39m▀[38;2;188;129;41;48;2;132;57;40m▀[38;2;138;67;38;48;2;132;56;41m▀[38;2;126;51;37;48;2;99;42;35m▀[38;2;116;49;37;48;2;51;20;28m▀[38;2;86;37;32;48;2;23;7;25m▀[38;2;40;15;23;48;2;24;7;23m▀[38;2;12;6;18;48;2;23;6;18m▀[38;2;17;6;17;48;2;34;12;15m▀[38;2;23;7;14;48;2;82;33;26m▀[38;2;21;6;14;48;2;134;56;36m▀[38;2;56;21;21;48;2;160;70;37m▀[38;2;110;44;33;48;2;175;84;34m▀[38;2;144;59;37;48;2;188;101;31m▀[38;2;161;72;35;48;2;195;108;33m▀[38;2;173;85;32;48;2;194;108;31m▀[38;2;115;55;27;48;2;193;108;31m▀[38;2;65;26;21;48;2;132;66;31m▀[38;2;168;87;30;48;2;97;45;26m▀[38;2;176;92;30;48;2;182;101;29m▀[38;2;140;71;31;48;2;180;97;30m▀[38;2;144;72;40;48;2;139;73;36m▀[38;2;146;73;46;48;2;166;90;44m▀[38;2;113;52;39;48;2;129;62;43m▀[38;2;73;39;31;48;2;89;38;35m▀[38;2;9;6;15;48;2;29;19;22m▀[38;2;7;4;13;48;2;9;4;17m▀[38;2;10;4;16;48;2;7;4;13m▀[38;2;8;5;14;48;2;6;4;16m▀[38;2;8;4;16;48;2;7;2;15m▀[38;2;7;4;17;48;2;7;2;20m▀[38;2;9;5;17;48;2;8;6;19m▀[38;2;14;9;22;48;2;11;11;25m▀[0m
[38;2;28;40;41;48;2;26;40;42m▀[38;2;36;33;35;48;2;15;28;32m▀[38;2;58;34;33;48;2;15;23;29m▀[38;2;81;40;35;48;2;15;22;28m▀[38;2;86;40;35;48;2;27;22;30m▀[38;2;71;37;36;48;2;61;35;32m▀[38;2;54;28;28;48;2;96;50;36m▀[38;2;52;28;32;48;2;129;67;43m▀[38;2;90;42;40;48;2;146;78;42m▀[38;2;137;73;50;48;2;155;84;44m▀[38;2;176;108;61;48;2;167;95;52m▀[38;2;205;149;82;48;2;190;118;62m▀[38;2;214;190;127;48;2;212;155;84m▀[38;2;214;209;181;48;2;219;183;111m▀[38;2;216;206;144;48;2;220;193;135m▀[38;2;216;212;181;48;2;220;212;194m▀[38;2;216;210;168;48;2;221;182;111m▀[38;2;220;195;131;48;2;224;190;131m▀[38;2;220;219;212;48;2;222;221;206m▀[38;2;222;195;133;48;2;223;168;91m▀[38;2;217;154;57;48;2;191;105;48m▀[38;2;222;156;45;48;2;154;75;47m▀[38;2;220;151;43;48;2;144;68;48m▀[38;2;174;100;41;48;2;134;58;44m▀[38;2;138;61;42;48;2;110;44;39m▀[38;2;131;56;42;48;2;76;27;37m▀[38;2;113;49;40;48;2;69;26;39m▀[38;2;83;37;42;48;2;94;39;43m▀[38;2;56;22;38;48;2;78;31;32m▀[38;2;42;13;28;48;2;31;11;20m▀[38;2;32;8;21;48;2;128;59;37m▀[38;2;64;27;25;48;2;190;97;40m▀[38;2;123;55;35;48;2;209;120;34m▀[38;2;165;75;38;48;2;218;134;31m▀[38;2;182;88;34;48;2;217;134;28m▀[38;2;191;100;33;48;2;212;126;29m▀[38;2;199;108;33;48;2;208;119;32m▀[38;2;200;109;32;48;2;205;115;32m▀[38;2;199;111;32;48;2;202;112;33m▀[38;2;201;113;33;48;2;197;107;33m▀[38;2;201;115;31;48;2;185;95;34m▀[38;2;199;116;31;48;2;162;82;33m▀[38;2;194;110;33;48;2;118;55;30m▀[38;2;142;73;36;48;2;71;31;24m▀[38;2;104;52;30;48;2;46;18;22m▀[38;2;141;65;36;48;2;91;34;32m▀[38;2;123;58;38;48;2;107;39;36m▀[38;2;161;92;42;48;2;118;61;41m▀[38;2;150;79;49;48;2;160;84;44m▀[38;2;92;34;34;48;2;85;33;33m▀[38;2;57;31;28;48;2;47;20;24m▀[38;2;38;15;23;48;2;18;8;19m▀[38;2;16;7;18;48;2;9;3;16m▀[38;2;6;3;16;48;2;5;3;19m▀[38;2;6;4;16;48;2;8;8;21m▀[38;2;4;4;16;48;2;6;6;19m▀[38;2;4;4;17;48;2;6;4;16m▀[38;2;10;8;20;48;2;8;8;20m▀[0m
[38;2;26;40;43;48;2;26;40;42m▀[38;2;18;29;34;48;2;21;30;34m▀[38;2;16;25;32;48;2;25;29;32m▀[38;2;19;22;31;48;2;34;25;31m▀[38;2;20;20;32;48;2;52;26;35m▀[38;2;30;24;35;48;2;74;33;39m▀[38;2;46;27;31;48;2;81;33;38m▀[38;2;74;37;39;48;2;93;39;42m▀[38;2;102;47;42;48;2;109;48;45m▀[38;2;138;72;50;48;2;130;63;51m▀[38;2;171;99;55;48;2;153;81;53m▀[38;2;198;124;58;48;2;174;97;56m▀[38;2;213;144;67;48;2;186;108;56m▀[38;2;221;160;79;48;2;197;120;57m▀[38;2;224;166;84;48;2;204;130;62m▀[38;2;222;157;76;48;2;208;134;59m▀[38;2;216;137;59;48;2;208;127;49m▀[38;2;215;135;59;48;2;209;122;49m▀[38;2;222;153;77;48;2;192;99;50m▀[38;2;210;125;53;48;2;176;82;49m▀[38;2;181;94;51;48;2;169;76;51m▀[38;2;149;70;49;48;2;149;63;50m▀[38;2;133;56;46;48;2;121;49;45m▀[38;2;108;41;41;48;2;103;36;41m▀[38;2;83;28;39;48;2;68;22;31m▀[38;2;44;16;35;48;2;38;9;25m▀[38;2;47;16;28;48;2;22;5;22m▀[38;2;98;37;32;48;2;13;5;20m▀[38;2;155;65;36;48;2;16;7;13m▀[38;2;177;86;36;48;2;68;32;21m▀[38;2;152;85;32;48;2;131;68;25m▀[38;2;132;76;29;48;2;189;106;30m▀[38;2;160;94;29;48;2;199;115;31m▀[38;2;212;133;31;48;2;152;78;32m▀[38;2;224;140;28;48;2;141;74;28m▀[38;2;222;138;30;48;2;143;79;29m▀[38;2;215;126;29;48;2;108;50;24m▀[38;2;199;107;34;48;2;88;35;24m▀[38;2;159;78;33;48;2;100;41;30m▀[38;2;106;48;28;48;2;124;51;38m▀[38;2;67;25;24;48;2;122;48;38m▀[38;2;65;22;22;48;2;88;35;29m▀[38;2;91;34;33;48;2;48;16;22m▀[38;2;106;38;35;48;2;17;5;13m▀[38;2;97;34;34;48;2;7;3;14m▀[38;2;71;24;26;48;2;7;3;19m▀[38;2;44;17;20;48;2;10;6;20m▀[38;2;25;13;21;48;2;17;6;18m▀[38;2;119;64;45;48;2;72;34;29m▀[38;2;85;30;33;48;2;86;29;33m▀[38;2;19;7;19;48;2;16;6;17m▀[38;2;23;13;18;48;2;16;6;19m▀[38;2;3;3;17;48;2;14;9;19m▀[38;2;5;3;20;48;2;32;9;24m▀[38;2;9;7;19;48;2;26;8;22m▀[38;2;3;4;18;48;2;7;3;19m▀[38;2;6;4;19;48;2;22;8;22m▀[38;2;11;8;24;48;2;17;10;21m▀[0m
[38;2;25;40;41;48;2;30;43;47m▀[38;2;24;32;34;48;2;32;39;44m▀[38;2;25;30;34;48;2;33;34;41m▀[38;2;36;29;36;48;2;40;29;39m▀[38;2;60;30;39;48;2;55;27;38m▀[38;2;83;33;40;48;2;81;33;41m▀[38;2;103;39;42;48;2;109;37;42m▀[38;2;118;46;46;48;2;110;40;44m▀[38;2;134;59;49;48;2;125;52;43m▀[38;2;151;72;49;48;2;148;67;49m▀[38;2;166;80;50;48;2;160;73;49m▀[38;2;171;84;51;48;2;165;77;47m▀[38;2;177;91;51;48;2;173;81;47m▀[38;2;185;99;52;48;2;179;87;47m▀[38;2;186;100;53;48;2;182;87;45m▀[38;2;177;92;53;48;2;176;79;46m▀[38;2;167;83;52;48;2;168;74;46m▀[38;2;161;77;52;48;2;166;71;47m▀[38;2;165;73;51;48;2;183;76;47m▀[38;2;172;72;49;48;2;206;88;50m▀[38;2;175;70;47;48;2;213;105;65m▀[38;2;159;63;45;48;2;194;88;49m▀[38;2;149;59;42;48;2;162;65;50m▀[38;2;132;49;41;48;2;112;37;38m▀[38;2;100;36;35;48;2;90;30;30m▀[38;2;58;18;29;48;2;94;34;30m▀[38;2;31;6;22;48;2;95;36;29m▀[38;2;18;5;19;48;2;82;29;29m▀[38;2;9;3;17;48;2;57;16;23m▀[38;2;9;3;14;48;2;35;6;19m▀[38;2;9;3;17;48;2;29;6;19m▀[38;2;11;3;16;48;2;34;6;21m▀[38;2;48;21;21;48;2;31;4;18m▀[38;2;102;49;26;48;2;44;11;24m▀[38;2;149;72;34;48;2;25;8;18m▀[38;2;158;73;37;48;2;18;7;19m▀[38;2;141;63;36;48;2;11;3;16m▀[38;2;113;51;32;48;2;13;5;16m▀[38;2;76;33;25;48;2;16;3;16m▀[38;2;29;11;20;48;2;34;9;22m▀[38;2;8;1;17;48;2;64;22;25m▀[38;2;8;3;13;48;2;130;76;39m▀[38;2;18;7;16;48;2;207;144;50m▀[38;2;65;42;34;48;2;232;181;64m▀[38;2;112;93;66;48;2;193;144;58m▀[38;2;155;134;92;48;2;222;166;38m▀[38;2;182;142;74;48;2;228;177;36m▀[38;2;182;118;47;48;2;223;171;41m▀[38;2;151;95;40;48;2;130;83;33m▀[38;2;145;82;42;48;2;206;146;34m▀[38;2;65;23;29;48;2;103;45;37m▀[38;2;65;20;30;48;2;110;44;43m▀[38;2;49;31;31;48;2;73;33;30m▀[38;2;72;29;38;48;2;43;20;32m▀[38;2;50;16;31;48;2;19;6;23m▀[38;2;18;8;22;48;2;14;6;22m▀[38;2;19;8;22;48;2;7;3;17m▀[38;2;11;8;22;48;2;6;6;19m▀[0m
[38;2;40;49;55;48;2;36;45;49m▀[38;2;33;37;41;48;2;34;34;40m▀[38;2;34;29;39;48;2;31;30;37m▀[38;2;37;28;35;48;2;42;25;36m▀[38;2;51;28;39;48;2;64;30;36m▀[38;2;67;30;39;48;2;75;31;39m▀[38;2;85;34;33;48;2;57;30;33m▀[38;2;94;35;39;48;2;92;39;36m▀[38;2;93;36;41;48;2;15;12;25m▀[38;2;133;57;46;48;2;27;17;30m▀[38;2;147;64;48;48;2;52;28;35m▀[38;2;120;61;48;48;2;59;26;38m▀[38;2;126;59;46;48;2;145;72;45m▀[38;2;168;84;53;48;2;112;50;41m▀[38;2;164;71;47;48;2;130;54;40m▀[38;2;167;70;43;48;2;138;54;40m▀[38;2;175;72;41;48;2;165;62;39m▀[38;2;203;89;40;48;2;213;98;36m▀[38;2;234;125;42;48;2;241;167;38m▀[38;2;240;151;52;48;2;242;193;59m▀[38;2;241;163;78;48;2;243;210;91m▀[38;2;240;145;71;48;2;244;187;78m▀[38;2;214;101;54;48;2;235;122;54m▀[38;2;168;67;42;48;2;206;80;43m▀[38;2;121;38;35;48;2;183;65;36m▀[38;2;79;22;31;48;2;162;54;39m▀[38;2;50;9;23;48;2;150;49;40m▀[38;2;32;6;22;48;2;136;38;34m▀[38;2;15;5;13;48;2;102;22;30m▀[38;2;32;7;18;48;2;68;11;24m▀[38;2;30;4;19;48;2;50;11;18m▀[38;2;32;6;20;48;2;92;29;27m▀[38;2;46;7;22;48;2;121;43;34m▀[38;2;58;14;25;48;2;75;16;27m▀[38;2;70;23;27;48;2;46;11;18m▀[38;2;68;25;27;48;2;59;20;26m▀[38;2;66;27;27;48;2;65;19;24m▀[38;2;86;35;30;48;2;111;44;31m▀[38;2;89;29;33;48;2;134;53;39m▀[38;2;103;48;30;48;2;130;46;40m▀[38;2;192;132;44;48;2;128;47;39m▀[38;2;202;151;51;48;2;135;60;39m▀[38;2;204;153;55;48;2;164;102;47m▀[38;2;208;166;60;48;2;182;114;54m▀[38;2;201;153;60;48;2;185;104;47m▀[38;2;206;159;62;48;2;173;85;41m▀[38;2;189;140;54;48;2;168;80;44m▀[38;2;172;117;47;48;2;164;79;45m▀[38;2;167;110;41;48;2;144;66;45m▀[38;2;141;81;34;48;2;111;45;36m▀[38;2;99;42;31;48;2;93;34;35m▀[38;2;145;68;45;48;2;131;64;41m▀[38;2;133;67;42;48;2;83;46;34m▀[38;2;15;6;21;48;2;88;46;31m▀[38;2;3;3;17;48;2;27;11;22m▀[38;2;7;4;20;48;2;10;5;21m▀[38;2;7;4;19;48;2;8;4;20m▀[38;2;7;6;21;48;2;9;7;22m▀[0m
[38;2;36;44;47;48;2;37;45;50m▀[38;2;34;35;38;48;2;40;38;41m▀[38;2;36;31;37;48;2;43;32;36m▀[38;2;49;27;36;48;2;57;28;37m▀[38;2;65;28;38;48;2;76;32;39m▀[38;2;83;34;41;48;2;84;34;42m▀[38;2;54;31;33;48;2;91;42;33m▀[38;2;92;40;36;48;2;152;61;37m▀[38;2;12;14;27;48;2;14;14;29m▀[38;2;17;16;28;48;2;21;17;32m▀[38;2;39;25;38;48;2;20;16;33m▀[38;2;41;23;35;48;2;115;65;50m▀[38;2;149;73;38;48;2;153;94;68m▀[38;2;38;19;31;48;2;24;15;30m▀[38;2;41;16;28;48;2;41;18;32m▀[38;2;33;15;26;48;2;38;15;26m▀[38;2;131;65;36;48;2;130;64;34m▀[38;2;193;114;42;48;2;195;115;43m▀[38;2;243;182;40;48;2;245;178;35m▀[38;2;244;205;60;48;2;246;199;48m▀[38;2;245;220;85;48;2;247;212;69m▀[38;2;246;200;60;48;2;247;193;57m▀[38;2;205;99;59;48;2;169;76;58m▀[38;2;190;67;44;48;2;146;63;53m▀[38;2;146;46;36;48;2;89;22;41m▀[38;2;93;29;32;48;2;59;12;31m▀[38;2;79;25;30;48;2;124;52;36m▀[38;2;150;51;40;48;2;68;22;24m▀[38;2;148;46;37;48;2;77;24;24m▀[38;2;177;65;36;48;2;135;50;29m▀[38;2;232;138;44;48;2;236;185;78m▀[38;2;246;180;61;48;2;249;230;112m▀[38;2;220;128;40;48;2;249;199;63m▀[38;2;170;65;37;48;2;224;106;36m▀[38;2;121;39;31;48;2;194;69;36m▀[38;2;72;20;24;48;2;170;59;38m▀[38;2;27;7;19;48;2;147;43;36m▀[38;2;26;7;20;48;2;164;59;34m▀[38;2;27;4;19;48;2;171;69;32m▀[38;2;62;11;24;48;2;155;57;37m▀[38;2;98;26;31;48;2;90;23;26m▀[38;2;131;51;37;48;2;62;14;23m▀[38;2;155;66;47;48;2;159;73;46m▀[38;2;196;103;53;48;2;235;214;181m▀[38;2;225;165;96;48;2;235;231;205m▀[38;2;216;135;66;48;2;234;228;200m▀[38;2;190;102;49;48;2;215;154;111m▀[38;2;139;64;41;48;2;96;35;36m▀[38;2;131;59;37;48;2;61;22;29m▀[38;2;133;61;37;48;2;39;13;22m▀[38;2;106;48;37;48;2;31;12;23m▀[38;2;108;53;37;48;2;33;14;23m▀[38;2;217;169;85;48;2;158;138;91m▀[38;2;177;132;72;48;2;202;173;105m▀[38;2;42;21;24;48;2;84;53;36m▀[38;2;5;5;21;48;2;28;13;23m▀[38;2;7;5;20;48;2;44;21;23m▀[38;2;6;7;23;48;2;53;24;27m▀[0m
[38;2;40;46;47;48;2;48;45;52m▀[38;2;41;36;40;48;2;46;36;41m▀[38;2;45;32;39;48;2;51;32;38m▀[38;2;61;30;36;48;2;71;32;39m▀[38;2;84;34;39;48;2;87;34;42m▀[38;2;85;34;41;48;2;95;40;40m▀[38;2;134;55;36;48;2;193;84;40m▀[38;2;168;68;38;48;2;131;47;38m▀[38;2;142;73;36;48;2;144;56;39m▀[38;2;59;34;36;48;2;199;119;73m▀[38;2;114;65;44;48;2;175;187;177m▀[38;2;182;168;149;48;2;173;218;224m▀[38;2;185;148;123;48;2;208;226;225m▀[38;2;83;43;37;48;2;226;174;132m▀[38;2;37;18;30;48;2;170;100;46m▀[38;2;40;14;25;48;2;188;100;38m▀[38;2;174;88;35;48;2;214;95;37m▀[38;2;220;131;44;48;2;226;126;42m▀[38;2;246;163;29;48;2;246;135;35m▀[38;2;247;175;34;48;2;245;137;35m▀[38;2;248;186;44;48;2;244;137;36m▀[38;2;243;160;42;48;2;223;106;39m▀[38;2;155;62;53;48;2;189;96;46m▀[38;2;156;67;53;48;2;163;70;46m▀[38;2;102;29;47;48;2;100;30;44m▀[38;2;72;16;33;48;2;108;38;34m▀[38;2;134;60;36;48;2;210;101;40m▀[38;2;24;7;24;48;2;50;12;31m▀[38;2;43;12;27;48;2;28;7;22m▀[38;2;111;51;30;48;2;148;71;33m▀[38;2;239;191;70;48;2;249;174;45m▀[38;2;251;215;78;48;2;252;185;46m▀[38;2;250;194;53;48;2;229;142;36m▀[38;2;228;119;39;48;2;77;24;26m▀[38;2;168;61;34;48;2;94;33;33m▀[38;2;103;33;31;48;2;39;9;25m▀[38;2;128;42;31;48;2;37;7;22m▀[38;2;229;110;38;48;2;163;91;36m▀[38;2;247;159;38;48;2;247;194;57m▀[38;2;237;133;40;48;2;232;165;51m▀[38;2;191;64;38;48;2;147;69;47m▀[38;2;151;52;39;48;2;103;33;37m▀[38;2;167;69;43;48;2;103;37;31m▀[38;2;225;133;58;48;2;124;49;36m▀[38;2;223;138;64;48;2;192;84;39m▀[38;2;221;140;69;48;2;190;86;40m▀[38;2;184;92;47;48;2;186;89;40m▀[38;2;120;49;38;48;2;157;74;42m▀[38;2;111;59;37;48;2;151;68;44m▀[38;2;138;95;40;48;2;110;45;34m▀[38;2;153;115;50;48;2;107;61;35m▀[38;2;202;164;64;48;2;147;80;38m▀[38;2;212;172;71;48;2;187;112;51m▀[38;2;201;160;54;48;2;172;99;48m▀[38;2;220;173;53;48;2;129;73;42m▀[38;2;164;116;42;48;2;88;40;37m▀[38;2;203;130;28;48;2;81;39;33m▀[38;2;155;84;37;48;2;71;33;35m▀[0m
[38;2;41;46;48;48;2;41;46;52m▀[38;2;53;37;42;48;2;42;37;41m▀[38;2;49;32;38;48;2;51;35;37m▀[38;2;56;30;38;48;2;59;32;38m▀[38;2;89;34;42;48;2;69;33;38m▀[38;2;77;35;41;48;2;68;31;38m▀[38;2;172;72;40;48;2;170;68;39m▀[38;2;113;34;39;48;2;117;35;41m▀[38;2;134;31;41;48;2;133;36;42m▀[38;2;180;133;130;48;2;212;185;182m▀[38;2;199;229;231;48;2;224;235;234m▀[38;2;211;235;234;48;2;218;236;236m▀[38;2;229;238;237;48;2;233;240;239m▀[38;2;229;238;238;48;2;230;241;240m▀[38;2;221;155;122;48;2;223;199;177m▀[38;2;192;39;34;48;2;187;33;36m▀[38;2;201;73;34;48;2;202;63;35m▀[38;2;231;129;42;48;2;192;102;42m▀[38;2;225;103;38;48;2;205;80;41m▀[38;2;221;97;39;48;2;171;69;40m▀[38;2;216;87;39;48;2;188;68;39m▀[38;2;192;70;37;48;2;171;65;40m▀[38;2;209;113;44;48;2;178;86;38m▀[38;2;180;76;37;48;2;154;20;29m▀[38;2;193;99;41;48;2;200;78;40m▀[38;2;197;103;40;48;2;159;50;44m▀[38;2;151;56;36;48;2;184;67;45m▀[38;2;181;93;39;48;2;194;82;41m▀[38;2;165;94;32;48;2;156;47;31m▀[38;2;173;84;31;48;2;150;60;28m▀[38;2;252;151;36;48;2;244;127;40m▀[38;2;253;150;32;48;2;239;121;37m▀[38;2;243;131;36;48;2;237;118;37m▀[38;2;114;44;32;48;2;165;75;40m▀[38;2;150;78;46;48;2;182;82;49m▀[38;2;100;46;36;48;2;183;82;49m▀[38;2;87;30;30;48;2;137;57;41m▀[38;2;216;140;48;48;2;237;148;43m▀[38;2;249;195;58;48;2;250;174;39m▀[38;2;234;159;52;48;2;223;135;43m▀[38;2;167;91;56;48;2;177;105;44m▀[38;2;92;31;35;48;2;147;79;43m▀[38;2;108;44;32;48;2;164;80;40m▀[38;2;59;19;31;48;2;97;41;39m▀[38;2;170;78;40;48;2;193;97;37m▀[38;2;173;76;39;48;2;168;73;40m▀[38;2;72;30;30;48;2;74;36;29m▀[38;2;113;55;47;48;2;110;56;47m▀[38;2;126;67;49;48;2;129;81;54m▀[38;2;151;73;40;48;2;166;112;68m▀[38;2;185;81;38;48;2;209;102;38m▀[38;2;212;151;102;48;2;189;86;41m▀[38;2;224;208;172;48;2;185;89;46m▀[38;2;218;181;152;48;2;165;74;44m▀[38;2;147;64;48;48;2;134;52;44m▀[38;2;113;40;40;48;2;131;61;42m▀[38;2;97;32;39;48;2;94;43;39m▀[38;2;91;33;38;48;2;118;52;42m▀[0m
[38;2;40;47;52;48;2;30;46;49m▀[38;2;42;36;42;48;2;25;35;38m▀[38;2;61;39;41;48;2;29;29;36m▀[38;2;77;39;39;48;2;33;24;34m▀[38;2;86;41;43;48;2;38;25;38m▀[38;2;87;40;42;48;2;49;26;37m▀[38;2;151;53;39;48;2;96;43;42m▀[38;2;121;32;43;48;2;127;36;47m▀[38;2;152;58;52;48;2;185;119;115m▀[38;2;218;216;216;48;2;201;225;228m▀[38;2;221;232;231;48;2;210;233;233m▀[38;2;217;233;232;48;2;219;238;238m▀[38;2;229;237;235;48;2;224;240;240m▀[38;2;226;237;236;48;2;222;240;240m▀[38;2;204;221;218;48;2;205;237;238m▀[38;2;201;71;49;48;2;204;139;116m▀[38;2;193;46;38;48;2;185;41;40m▀[38;2;192;104;45;48;2;145;67;42m▀[38;2;149;58;49;48;2;108;42;46m▀[38;2;123;46;46;48;2;121;45;51m▀[38;2;125;48;44;48;2;93;30;42m▀[38;2;109;43;36;48;2;88;27;34m▀[38;2;174;76;38;48;2;163;54;39m▀[38;2;161;23;33;48;2;173;42;49m▀[38;2;209;119;98;48;2;228;220;211m▀[38;2;215;140;120;48;2;223;223;220m▀[38;2;210;129;112;48;2;232;227;221m▀[38;2;208;121;93;48;2;238;232;228m▀[38;2;149;21;33;48;2;168;56;45m▀[38;2;170;72;30;48;2;170;60;35m▀[38;2;216;102;42;48;2;167;75;46m▀[38;2;152;63;34;48;2;166;70;46m▀[38;2;197;92;41;48;2;176;82;47m▀[38;2;162;68;46;48;2;142;58;47m▀[38;2;176;78;47;48;2;191;88;51m▀[38;2;175;82;50;48;2;183;83;50m▀[38;2;135;56;43;48;2;114;43;38m▀[38;2;225;131;43;48;2;174;81;46m▀[38;2;229;136;40;48;2;175;83;45m▀[38;2;202;103;39;48;2;142;63;40m▀[38;2;176;87;41;48;2;184;62;32m▀[38;2;201;91;36;48;2;206;93;41m▀[38;2;144;55;37;48;2;164;66;37m▀[38;2;188;86;40;48;2;165;35;34m▀[38;2;209;98;40;48;2;175;76;38m▀[38;2;154;60;37;48;2;95;34;33m▀[38;2;109;56;35;48;2;119;44;30m▀[38;2;134;82;41;48;2;98;38;32m▀[38;2;147;95;54;48;2;133;49;40m▀[38;2;187;131;59;48;2;177;93;38m▀[38;2;225;131;36;48;2;176;97;37m▀[38;2;170;66;40;48;2;140;56;37m▀[38;2;151;58;42;48;2;137;52;41m▀[38;2;148;58;43;48;2;132;53;38m▀[38;2;150;62;44;48;2;128;53;43m▀[38;2;119;64;40;48;2;82;43;39m▀[38;2;203;195;162;48;2;201;186;113m▀[38;2;111;57;47;48;2;66;33;36m▀[0m
[38;2;30;47;51;48;2;29;45;49m▀[38;2;34;35;40;48;2;24;35;41m▀[38;2;139;61;44;48;2;118;39;41m▀[38;2;110;48;40;48;2;83;31;36m▀[38;2;29;22;35;48;2;16;20;32m▀[38;2;31;22;34;48;2;22;22;35m▀[38;2;62;29;39;48;2;54;28;35m▀[38;2;141;51;50;48;2;123;57;68m▀[38;2;216;193;190;48;2;217;220;217m▀[38;2;217;224;218;48;2;214;214;209m▀[38;2;231;234;226;48;2;232;226;217m▀[38;2;227;234;230;48;2;219;221;218m▀[38;2;224;234;230;48;2;221;223;220m▀[38;2;234;239;235;48;2;235;235;227m▀[38;2;217;230;229;48;2;229;220;213m▀[38;2;193;158;141;48;2;201;145;128m▀[38;2;178;56;43;48;2;159;42;40m▀[38;2;102;33;41;48;2;80;25;40m▀[38;2;133;55;48;48;2;66;22;33m▀[38;2;114;39;47;48;2;97;30;42m▀[38;2;121;45;45;48;2;79;27;36m▀[38;2;85;23;40;48;2;72;23;33m▀[38;2;128;42;44;48;2;106;24;40m▀[38;2;212;141;135;48;2;231;207;204m▀[38;2;245;247;239;48;2;250;249;243m▀[38;2;241;245;240;48;2;237;243;237m▀[38;2;245;244;235;48;2;250;250;244m▀[38;2;243;243;239;48;2;228;222;221m▀[38;2;164;71;52;48;2;115;59;56m▀[38;2;159;50;46;48;2;134;37;43m▀[38;2;121;49;43;48;2;70;20;32m▀[38;2;120;43;43;48;2;92;27;36m▀[38;2;140;56;46;48;2;87;26;35m▀[38;2;110;40;42;48;2;87;29;39m▀[38;2;147;59;51;48;2;134;53;47m▀[38;2;116;43;45;48;2;100;33;40m▀[38;2;78;27;40;48;2;68;20;32m▀[38;2;148;63;48;48;2;94;30;36m▀[38;2;149;64;47;48;2;106;39;40m▀[38;2;125;52;44;48;2;89;30;36m▀[38;2;187;79;61;48;2;169;108;105m▀[38;2;208;138;120;48;2;210;175;170m▀[38;2;160;76;56;48;2;173;125;121m▀[38;2;160;41;30;48;2;131;44;36m▀[38;2;126;51;41;48;2;78;29;31m▀[38;2;67;23;28;48;2;53;22;26m▀[38;2;148;55;32;48;2;128;55;27m▀[38;2;135;55;34;48;2;165;74;37m▀[38;2;94;41;28;48;2;61;30;24m▀[38;2;114;35;31;48;2;72;25;28m▀[38;2;46;15;26;48;2;43;18;31m▀[38;2;30;12;25;48;2;11;7;22m▀[38;2;32;10;25;48;2;20;11;24m▀[38;2;40;15;28;48;2;28;17;28m▀[38;2;57;21;31;48;2;17;8;25m▀[38;2;72;34;36;48;2;28;12;26m▀[38;2;87;57;46;48;2;20;12;28m▀[38;2;36;21;32;48;2;16;11;28m▀[0m
[38;2;39;48;53;48;2;48;52;49m▀[38;2;24;33;40;48;2;76;54;39m▀[38;2;45;29;37;48;2;35;36;36m▀[38;2;18;23;34;48;2;18;23;31m▀[38;2;17;19;35;48;2;30;23;32m▀[38;2;19;19;33;48;2;24;22;31m▀[38;2;45;25;34;48;2;40;23;34m▀[38;2;113;47;54;48;2;117;59;68m▀[38;2;205;203;203;48;2;203;199;198m▀[38;2;207;189;186;48;2;203;187;188m▀[38;2;225;213;205;48;2;217;213;206m▀[38;2;199;202;204;48;2;205;194;189m▀[38;2;212;203;203;48;2;214;198;194m▀[38;2;208;189;179;48;2;220;209;200m▀[38;2;210;157;123;48;2;175;116;95m▀[38;2;188;121;96;48;2;176;106;88m▀[38;2;161;46;40;48;2;175;58;40m▀[38;2;67;19;34;48;2;89;41;37m▀[38;2;67;23;36;48;2;64;19;34m▀[38;2;90;27;40;48;2;74;22;33m▀[38;2;65;19;37;48;2;70;20;34m▀[38;2;61;20;33;48;2;51;16;33m▀[38;2;96;22;41;48;2;107;31;44m▀[38;2;229;207;197;48;2;231;213;206m▀[38;2;244;239;227;48;2;245;240;228m▀[38;2;202;171;156;48;2;205;196;191m▀[38;2;216;195;184;48;2;238;227;215m▀[38;2;211;199;196;48;2;222;213;203m▀[38;2;112;61;56;48;2;125;70;58m▀[38;2;110;21;34;48;2;118;38;42m▀[38;2;60;14;29;48;2;110;35;38m▀[38;2;83;19;33;48;2;110;44;39m▀[38;2;79;27;35;48;2;86;27;32m▀[38;2;94;46;43;48;2;33;7;23m▀[38;2;124;60;41;48;2;51;14;26m▀[38;2;94;44;43;48;2;42;7;26m▀[38;2;74;31;35;48;2;26;5;19m▀[38;2;69;16;33;48;2;65;11;26m▀[38;2;81;19;32;48;2;67;11;29m▀[38;2;66;22;31;48;2;42;7;23m▀[38;2;170;122;110;48;2;148;106;110m▀[38;2;216;187;183;48;2;204;165;160m▀[38;2;176;150;156;48;2;171;131;128m▀[38;2;142;74;70;48;2;142;57;67m▀[38;2;96;48;44;48;2;61;22;36m▀[38;2;66;31;34;48;2;39;16;32m▀[38;2;111;70;69;48;2;108;55;46m▀[38;2;166;102;83;48;2;159;86;66m▀[38;2;61;30;34;48;2;32;11;29m▀[38;2;59;26;31;48;2;50;18;28m▀[38;2;24;12;28;48;2;92;53;45m▀[38;2;40;27;32;48;2;76;47;40m▀[38;2;81;49;40;48;2;61;29;33m▀[38;2;76;40;35;48;2;49;22;29m▀[38;2;34;21;27;48;2;42;23;29m▀[38;2;33;21;27;48;2;52;32;31m▀[38;2;74;46;39;48;2;30;15;26m▀[38;2;27;18;31;48;2;42;24;30m▀[0m
[38;2;33;45;51;48;2;29;45;49m▀[38;2;19;33;38;48;2;19;31;37m▀[38;2;47;42;39;48;2;15;27;37m▀[38;2;62;47;40;48;2;29;25;33m▀[38;2;65;48;39;48;2;40;26;32m▀[38;2;60;44;37;48;2;80;44;35m▀[38;2;60;41;35;48;2;44;22;28m▀[38;2;101;45;48;48;2;66;21;39m▀[38;2;187;168;165;48;2;87;43;51m▀[38;2;184;155;147;48;2;134;87;83m▀[38;2;196;174;166;48;2;145;85;76m▀[38;2;168;146;145;48;2;129;64;51m▀[38;2;200;176;173;48;2;158;83;74m▀[38;2;207;181;171;48;2;163;87;72m▀[38;2;158;95;80;48;2;125;50;42m▀[38;2;154;74;53;48;2;145;49;41m▀[38;2;174;45;39;48;2;179;45;34m▀[38;2;51;17;28;48;2;57;12;25m▀[38;2;87;39;34;48;2;65;20;32m▀[38;2;84;35;36;48;2;55;14;26m▀[38;2;99;40;39;48;2;76;21;32m▀[38;2;85;39;40;48;2;50;11;29m▀[38;2;120;34;43;48;2;100;9;32m▀[38;2;212;168;167;48;2;177;72;55m▀[38;2;234;216;208;48;2;208;109;65m▀[38;2;161;131;128;48;2;114;50;38m▀[38;2;222;188;175;48;2;164;89;60m▀[38;2;182;155;152;48;2;115;52;38m▀[38;2;77;26;32;48;2;77;18;31m▀[38;2;104;23;30;48;2;105;14;23m▀[38;2;126;48;42;48;2;97;23;31m▀[38;2;100;25;32;48;2;80;19;29m▀[38;2;88;44;32;48;2;63;36;27m▀[38;2;47;7;23;48;2;48;7;21m▀[38;2;30;6;20;48;2;41;7;18m▀[38;2;33;6;22;48;2;54;14;24m▀[38;2;41;6;22;48;2;61;12;24m▀[38;2;99;27;32;48;2;117;32;35m▀[38;2;105;29;35;48;2;135;41;36m▀[38;2;64;14;24;48;2;126;33;30m▀[38;2;128;44;35;48;2;140;46;35m▀[38;2;190;89;50;48;2;181;79;48m▀[38;2;136;58;40;48;2;175;92;65m▀[38;2;103;29;48;48;2;165;92;79m▀[38;2;61;19;31;48;2;157;90;83m▀[38;2;35;9;24;48;2;180;105;90m▀[38;2;109;48;35;48;2;187;103;71m▀[38;2;140;71;47;48;2;128;66;49m▀[38;2;59;21;30;48;2;197;109;67m▀[38;2;95;44;39;48;2;184;103;59m▀[38;2;79;34;36;48;2;164;88;40m▀[38;2;78;41;34;48;2;159;86;40m▀[38;2;49;24;31;48;2;161;83;40m▀[38;2;20;8;25;48;2;154;73;37m▀[38;2;15;7;24;48;2;171;79;39m▀[38;2;7;7;25;48;2;151;66;38m▀[38;2;14;7;24;48;2;101;43;32m▀[38;2;12;9;27;48;2;81;38;33m▀[0m
[38;2;28;42;51;48;2;30;44;46m▀[38;2;18;32;38;48;2;21;31;40m▀[38;2;21;29;34;48;2;34;34;37m▀[38;2;38;28;36;48;2;27;22;33m▀[38;2;33;23;35;48;2;62;40;40m▀[38;2;30;21;32;48;2;83;56;45m▀[38;2;24;14;27;48;2;23;19;31m▀[38;2;69;24;38;48;2;34;27;43m▀[38;2;91;35;42;48;2;80;46;51m▀[38;2;113;50;48;48;2;101;58;52m▀[38;2;132;60;48;48;2;121;67;54m▀[38;2;121;72;67;48;2;140;72;55m▀[38;2;125;61;46;48;2;142;66;54m▀[38;2;137;65;42;48;2;147;63;62m▀[38;2;104;48;34;48;2;109;42;42m▀[38;2;107;48;35;48;2;140;54;44m▀[38;2;120;28;29;48;2;129;40;41m▀[38;2;58;14;28;48;2;132;37;36m▀[38;2;58;16;30;48;2;140;38;37m▀[38;2;67;16;32;48;2;144;43;36m▀[38;2;68;16;32;48;2;156;50;39m▀[38;2;60;17;32;48;2;171;84;83m▀[38;2;96;31;47;48;2;208;180;189m▀[38;2;151;118;119;48;2;231;226;226m▀[38;2;171;152;151;48;2;233;228;225m▀[38;2;148;124;127;48;2;196;185;187m▀[38;2;177;141;146;48;2;229;202;194m▀[38;2;180;156;162;48;2;228;193;185m▀[38;2;141;91;89;48;2;232;210;203m▀[38;2;140;41;36;48;2;224;153;129m▀[38;2;157;50;35;48;2;223;125;74m▀[38;2;160;49;34;48;2;230;126;66m▀[38;2;168;55;34;48;2;235;125;59m▀[38;2;168;57;40;48;2;232;119;54m▀[38;2;152;51;33;48;2;228;111;47m▀[38;2;203;83;39;48;2;235;117;47m▀[38;2;197;80;36;48;2;240;125;46m▀[38;2;210;92;40;48;2;242;131;45m▀[38;2;221;113;48;48;2;200;134;77m▀[38;2;225;120;47;48;2;194;103;44m▀[38;2;221;119;44;48;2;245;147;48m▀[38;2;241;139;48;48;2;244;149;47m▀[38;2;239;134;49;48;2;243;152;50m▀[38;2;235;129;48;48;2;242;150;50m▀[38;2;229;126;55;48;2;241;143;46m▀[38;2;224;130;73;48;2;233;135;46m▀[38;2;170;96;63;48;2;146;74;36m▀[38;2;158;94;69;48;2;191;103;37m▀[38;2;208;130;93;48;2;202;103;41m▀[38;2;179;115;86;48;2;165;80;37m▀[38;2;186;114;79;48;2;186;89;39m▀[38;2;157;92;64;48;2;141;60;35m▀[38;2;154;76;49;48;2;191;85;38m▀[38;2;179;80;39;48;2;164;74;43m▀[38;2;157;70;42;48;2;145;61;45m▀[38;2;150;63;45;48;2;135;52;44m▀[38;2;131;55;41;48;2;108;38;41m▀[38;2;104;44;38;48;2;56;26;36m▀[0m
[38;2;32;44;48;48;2;44;44;48m▀[38;2;31;36;41;48;2;56;37;39m▀[38;2;35;35;41;48;2;49;28;32m▀[38;2;106;56;47;48;2;78;38;37m▀[38;2;118;57;47;48;2;98;43;39m▀[38;2;68;35;40;48;2;126;56;42m▀[38;2;87;41;42;48;2;152;72;44m▀[38;2;82;31;44;48;2;142;69;47m▀[38;2;108;50;57;48;2;169;85;60m▀[38;2;128;65;71;48;2;187;96;63m▀[38;2;139;77;79;48;2;192;99;64m▀[38;2;186;112;101;48;2;197;99;63m▀[38;2;194;120;114;48;2;208;111;66m▀[38;2;179;115;120;48;2;211;110;70m▀[38;2;130;63;59;48;2;188;87;57m▀[38;2;177;78;57;48;2;207;99;60m▀[38;2;189;82;51;48;2;212;103;62m▀[38;2;191;93;56;48;2;216;105;61m▀[38;2;188;91;51;48;2;222;109;64m▀[38;2;200;98;57;48;2;223;114;61m▀[38;2;209;123;89;48;2;226;121;72m▀[38;2;230;182;167;48;2;229;124;73m▀[38;2;230;183;164;48;2;232;124;69m▀[38;2;234;177;157;48;2;236;128;67m▀[38;2;238;179;154;48;2;237;130;68m▀[38;2;228;151;124;48;2;236;131;67m▀[38;2;235;165;139;48;2;236;133;66m▀[38;2;240;173;146;48;2;237;134;67m▀[38;2;238;163;131;48;2;237;135;67m▀[38;2;237;150;105;48;2;239;132;66m▀[38;2;240;137;75;48;2;238;133;61m▀[38;2;238;132;65;48;2;239;133;57m▀[38;2;239;130;58;48;2;241;135;55m▀[38;2;240;130;55;48;2;241;135;54m▀[38;2;241;130;53;48;2;242;136;51m▀[38;2;240;134;50;48;2;240;135;51m▀[38;2;240;136;48;48;2;225;138;62m▀[38;2;236;131;48;48;2;90;43;27m▀[38;2;143;70;39;48;2;25;12;16m▀[38;2;134;76;37;48;2;65;36;21m▀[38;2;156;91;43;48;2;226;133;47m▀[38;2;226;133;47;48;2;206;110;42m▀[38;2;242;149;50;48;2;235;140;50m▀[38;2;241;148;50;48;2;238;143;47m▀[38;2;239;145;47;48;2;229;140;51m▀[38;2;222;128;48;48;2;223;131;47m▀[38;2;147;83;33;48;2;139;77;30m▀[38;2;216;125;41;48;2;222;129;44m▀[38;2;223;124;42;48;2;220;121;40m▀[38;2;158;79;31;48;2;145;70;29m▀[38;2;195;89;39;48;2;195;90;37m▀[38;2;178;87;40;48;2;213;112;38m▀[38;2;195;93;43;48;2;177;93;42m▀[38;2;153;69;41;48;2;189;97;44m▀[38;2;169;77;44;48;2;182;87;41m▀[38;2;159;71;43;48;2;192;102;39m▀[38;2;122;49;44;48;2;147;61;41m▀[38;2;75;34;40;48;2;100;41;43m▀[0m
[38;2;97;49;47;48;2;126;57;51m▀[38;2;135;54;42;48;2;138;57;45m▀[38;2;156;66;45;48;2;145;60;45m▀[38;2;164;68;44;48;2;151;60;44m▀[38;2;163;67;47;48;2;158;63;45m▀[38;2;168;67;44;48;2;165;67;44m▀[38;2;171;70;44;48;2;175;74;44m▀[38;2;176;72;46;48;2;182;80;44m▀[38;2;184;80;48;48;2;190;86;45m▀[38;2;191;86;48;48;2;198;95;50m▀[38;2;198;94;54;48;2;204;101;52m▀[38;2;203;99;60;48;2;211;110;57m▀[38;2;208;104;64;48;2;217;117;60m▀[38;2;213;110;65;48;2;223;124;59m▀[38;2;217;112;59;48;2;226;130;59m▀[38;2;221;117;61;48;2;230;136;63m▀[38;2;225;122;63;48;2;235;140;63m▀[38;2;228;124;64;48;2;237;145;66m▀[38;2;230;126;66;48;2;238;145;65m▀[38;2;231;130;64;48;2;239;148;66m▀[38;2;234;133;63;48;2;241;147;66m▀[38;2;236;135;61;48;2;242;148;66m▀[38;2;235;133;58;48;2;242;145;64m▀[38;2;238;132;54;48;2;242;146;62m▀[38;2;239;135;56;48;2;240;140;60m▀[38;2;239;135;60;48;2;239;138;57m▀[38;2;238;132;57;48;2;238;136;55m▀[38;2;237;131;57;48;2;237;134;55m▀[38;2;236;133;56;48;2;236;130;52m▀[38;2;237;128;53;48;2;235;126;50m▀[38;2;238;129;53;48;2;234;124;48m▀[38;2;238;130;54;48;2;235;123;48m▀[38;2;239;130;53;48;2;234;123;47m▀[38;2;237;127;49;48;2;234;123;45m▀[38;2;236;127;48;48;2;233;123;42m▀[38;2;233;133;60;48;2;220;137;69m▀[38;2;212;120;53;48;2;231;119;44m▀[38;2;174;90;40;48;2;202;104;44m▀[38;2;14;3;15;48;2;62;25;23m▀[38;2;181;100;38;48;2;220;120;47m▀[38;2;234;131;47;48;2;228;119;43m▀[38;2;233;132;43;48;2;225;119;41m▀[38;2;208;111;44;48;2;225;119;41m▀[38;2;212;116;44;48;2;225;119;42m▀[38;2;219;123;46;48;2;223;117;42m▀[38;2;228;128;42;48;2;218;116;40m▀[38;2;132;72;33;48;2;127;67;29m▀[38;2;217;117;42;48;2;211;106;39m▀[38;2;211;104;40;48;2;189;70;33m▀[38;2;139;57;31;48;2;206;106;37m▀[38;2;196;92;38;48;2;195;92;39m▀[38;2;179;85;39;48;2;164;97;50m▀[38;2;191;113;49;48;2;209;140;63m▀[38;2;200;113;46;48;2;190;108;46m▀[38;2;195;103;37;48;2;192;105;37m▀[38;2;212;155;40;48;2;208;181;70m▀[38;2;163;75;38;48;2;171;83;38m▀[38;2;113;44;40;48;2;110;43;40m▀[0m
[38;2;131;57;51;48;2;136;61;52m▀[38;2;141;59;47;48;2;144;62;47m▀[38;2;149;62;44;48;2;156;68;44m▀[38;2;157;65;44;48;2;165;69;41m▀[38;2;166;69;43;48;2;171;75;42m▀[38;2;174;75;44;48;2;177;80;41m▀[38;2;183;81;42;48;2;187;89;42m▀[38;2;188;88;45;48;2;192;95;43m▀[38;2;195;94;43;48;2;198;101;46m▀[38;2;202;101;46;48;2;205;108;48m▀[38;2;209;110;50;48;2;211;115;49m▀[38;2;218;121;54;48;2;216;123;50m▀[38;2;222;129;55;48;2;222;131;55m▀[38;2;225;133;58;48;2;224;131;55m▀[38;2;230;137;60;48;2;227;136;56m▀[38;2;230;140;58;48;2;230;138;57m▀[38;2;235;144;60;48;2;232;143;58m▀[38;2;236;149;63;48;2;233;148;58m▀[38;2;237;152;65;48;2;234;152;62m▀[38;2;238;154;67;48;2;235;154;64m▀[38;2;239;153;64;48;2;236;153;63m▀[38;2;239;153;63;48;2;237;152;62m▀[38;2;240;152;62;48;2;238;151;61m▀[38;2;241;150;60;48;2;238;150;59m▀[38;2;241;146;57;48;2;239;146;57m▀[38;2;240;144;55;48;2;239;143;54m▀[38;2;239;136;53;48;2;235;138;52m▀[38;2;235;134;51;48;2;233;132;49m▀[38;2;234;129;49;48;2;234;131;49m▀[38;2;234;124;47;48;2;232;127;46m▀[38;2;234;123;47;48;2;229;122;45m▀[38;2;232;120;44;48;2;229;117;44m▀[38;2;231;119;44;48;2;227;116;42m▀[38;2;232;120;44;48;2;224;117;45m▀[38;2;225;129;56;48;2;213;118;54m▀[38;2;217;117;51;48;2;220;108;42m▀[38;2;225;113;43;48;2;221;107;41m▀[38;2;201;103;43;48;2;190;90;39m▀[38;2;67;27;22;48;2;89;40;23m▀[38;2;221;110;42;48;2;214;103;41m▀[38;2;222;112;39;48;2;213;102;37m▀[38;2;220;110;36;48;2;212;101;37m▀[38;2;216;108;41;48;2;207;96;40m▀[38;2;215;105;39;48;2;205;94;37m▀[38;2;215;106;40;48;2;201;89;38m▀[38;2;212;105;39;48;2;195;86;38m▀[38;2;120;57;30;48;2;100;31;25m▀[38;2;188;63;35;48;2;190;91;36m▀[38;2;202;104;39;48;2;203;101;35m▀[38;2;207;105;36;48;2;190;94;38m▀[38;2;171;92;42;48;2;172;140;94m▀[38;2;197;153;87;48;2;211;206;161m▀[38;2;213;172;98;48;2;212;195;135m▀[38;2;194;117;52;48;2;197;133;66m▀[38;2;174;87;42;48;2;163;82;46m▀[38;2;174;95;41;48;2;147;64;41m▀[38;2;145;62;38;48;2;119;47;41m▀[38;2;100;37;39;48;2;93;36;39m▀[0m
[38;2;138;64;52;48;2;141;65;51m▀[38;2;150;67;48;48;2;150;67;43m▀[38;2;158;69;42;48;2;160;72;40m▀[38;2;167;74;41;48;2;166;75;40m▀[38;2;174;79;40;48;2;174;82;41m▀[38;2;182;86;42;48;2;180;86;41m▀[38;2;188;92;41;48;2;187;93;41m▀[38;2;194;100;43;48;2;193;99;44m▀[38;2;201;107;49;48;2;197;104;47m▀[38;2;206;112;48;48;2;202;108;46m▀[38;2;209;116;46;48;2;205;112;46m▀[38;2;212;120;48;48;2;208;117;46m▀[38;2;217;124;51;48;2;210;118;47m▀[38;2;219;128;51;48;2;212;120;48m▀[38;2;222;131;51;48;2;217;126;49m▀[38;2;226;136;52;48;2;221;130;51m▀[38;2;228;137;52;48;2;224;134;52m▀[38;2;231;140;54;48;2;227;136;54m▀[38;2;232;143;55;48;2;228;138;53m▀[38;2;233;146;57;48;2;229;139;54m▀[38;2;233;149;59;48;2;229;138;52m▀[38;2;234;149;57;48;2;230;138;50m▀[38;2;235;149;59;48;2;230;139;55m▀[38;2;235;144;55;48;2;229;135;49m▀[38;2;236;141;56;48;2;229;130;48m▀[38;2;233;137;52;48;2;228;129;48m▀[38;2;233;132;49;48;2;225;124;47m▀[38;2;230;130;47;48;2;223;120;46m▀[38;2;228;125;47;48;2;221;114;44m▀[38;2;226;119;43;48;2;218;109;42m▀[38;2;224;115;42;48;2;216;107;41m▀[38;2;222;113;41;48;2;215;104;42m▀[38;2;219;108;41;48;2;206;116;55m▀[38;2;205;117;58;48;2;200;95;43m▀[38;2;211;101;41;48;2;210;94;41m▀[38;2;217;103;41;48;2;209;95;41m▀[38;2;215;102;43;48;2;209;96;41m▀[38;2;173;79;34;48;2;159;71;34m▀[38;2;99;45;22;48;2;110;46;25m▀[38;2;210;99;40;48;2;204;95;40m▀[38;2;207;96;38;48;2;202;92;40m▀[38;2;204;93;38;48;2;201;88;37m▀[38;2;201;89;41;48;2;195;84;38m▀[38;2;201;90;38;48;2;191;80;38m▀[38;2;195;85;38;48;2;181;59;33m▀[38;2;169;60;37;48;2;170;69;32m▀[38;2;97;43;25;48;2;178;73;35m▀[38;2;189;83;37;48;2;184;81;35m▀[38;2;184;81;36;48;2;161;72;37m▀[38;2;150;83;41;48;2;162;89;38m▀[38;2;208;192;128;48;2;206;146;64m▀[38;2;211;207;169;48;2;206;159;85m▀[38;2;207;200;156;48;2;203;154;85m▀[38;2;201;149;84;48;2;199;135;64m▀[38;2;176;98;46;48;2;172;96;46m▀[38;2;144;66;43;48;2;142;67;42m▀[38;2;109;42;40;48;2;117;46;41m▀[38;2;102;41;40;48;2;111;46;39m▀[0m
[38;2;136;64;50;48;2;129;61;50m▀[38;2;146;66;42;48;2;141;65;46m▀[38;2;156;69;42;48;2;148;66;42m▀[38;2;161;72;40;48;2;156;70;39m▀[38;2;170;79;41;48;2;162;73;41m▀[38;2;178;85;41;48;2;167;77;41m▀[38;2;181;89;39;48;2;173;82;41m▀[38;2;187;94;44;48;2;177;85;43m▀[38;2;191;98;44;48;2;181;90;41m▀[38;2;196;103;45;48;2;186;94;40m▀[38;2;199;105;44;48;2;193;101;43m▀[38;2;202;110;44;48;2;197;106;44m▀[38;2;208;116;46;48;2;202;110;47m▀[38;2;211;122;49;48;2;205;116;47m▀[38;2;214;126;48;48;2;207;119;47m▀[38;2;216;128;50;48;2;210;121;47m▀[38;2;219;130;49;48;2;211;120;47m▀[38;2;221;131;50;48;2;214;121;46m▀[38;2;222;130;49;48;2;215;123;47m▀[38;2;223;131;50;48;2;214;122;48m▀[38;2;223;131;51;48;2;215;122;48m▀[38;2;223;129;50;48;2;214;118;46m▀[38;2;222;128;48;48;2;215;120;47m▀[38;2;223;126;46;48;2;216;119;46m▀[38;2;222;124;45;48;2;212;113;47m▀[38;2;220;118;46;48;2;213;112;45m▀[38;2;216;113;43;48;2;213;111;46m▀[38;2;216;113;47;48;2;209;106;43m▀[38;2;215;107;43;48;2;209;102;43m▀[38;2;212;103;43;48;2;208;100;43m▀[38;2;209;100;42;48;2;203;106;50m▀[38;2;205;103;48;48;2;185;94;50m▀[38;2;190;96;51;48;2;202;93;41m▀[38;2;208;95;42;48;2;202;93;40m▀[38;2;206;93;40;48;2;200;92;40m▀[38;2;204;94;40;48;2;198;86;41m▀[38;2;204;91;41;48;2;198;85;38m▀[38;2;142;62;31;48;2;129;54;30m▀[38;2;120;50;27;48;2;130;54;29m▀[38;2;202;90;37;48;2;195;86;40m▀[38;2;199;89;36;48;2;191;82;37m▀[38;2;196;85;36;48;2;187;78;35m▀[38;2;189;80;35;48;2;183;66;35m▀[38;2;181;62;32;48;2;162;47;33m▀[38;2;163;51;33;48;2;187;91;38m▀[38;2;190;89;34;48;2;197;98;37m▀[38;2;188;87;34;48;2;180;81;35m▀[38;2;179;84;37;48;2;133;58;33m▀[38;2;133;63;37;48;2;131;58;39m▀[38;2;188;103;38;48;2;158;71;39m▀[38;2;192;125;59;48;2;172;89;40m▀[38;2;199;135;60;48;2;164;84;45m▀[38;2;190;119;53;48;2;157;80;45m▀[38;2;166;94;47;48;2;147;69;41m▀[38;2;136;64;42;48;2;131;55;40m▀[38;2;124;52;40;48;2;102;37;38m▀[38;2;95;35;37;48;2;94;32;37m▀[38;2;80;32;35;48;2;89;32;36m▀[0m
[38;2;124;60;50;48;2;106;58;45m▀[38;2;130;60;45;48;2;119;57;43m▀[38;2;139;64;44;48;2;132;59;42m▀[38;2;148;68;43;48;2;137;62;43m▀[38;2;156;71;41;48;2;145;66;43m▀[38;2;162;75;40;48;2;154;70;39m▀[38;2;167;78;40;48;2;162;76;38m▀[38;2;172;83;44;48;2;165;79;42m▀[38;2;178;88;44;48;2;170;82;39m▀[38;2;182;93;44;48;2;173;85;42m▀[38;2;186;98;43;48;2;177;89;42m▀[38;2;192;104;45;48;2;179;90;40m▀[38;2;193;103;43;48;2;182;96;43m▀[38;2;196;107;44;48;2;187;100;42m▀[38;2;199;110;46;48;2;190;100;45m▀[38;2;203;114;46;48;2;193;103;45m▀[38;2;204;110;46;48;2;193;101;43m▀[38;2;204;111;45;48;2;194;101;44m▀[38;2;206;110;45;48;2;195;101;45m▀[38;2;207;111;43;48;2;196;102;44m▀[38;2;206;112;46;48;2;195;100;44m▀[38;2;208;111;45;48;2;196;100;42m▀[38;2;207;111;46;48;2;196;98;42m▀[38;2;208;109;45;48;2;197;100;45m▀[38;2;208;110;47;48;2;197;100;46m▀[38;2;207;106;47;48;2;197;96;45m▀[38;2;204;104;45;48;2;196;97;43m▀[38;2;205;103;45;48;2;195;92;42m▀[38;2;204;101;42;48;2;187;95;50m▀[38;2;202;105;49;48;2;174;89;48m▀[38;2;178;91;49;48;2;193;91;43m▀[38;2;197;92;43;48;2;193;91;43m▀[38;2;200;94;42;48;2;191;86;42m▀[38;2;197;90;41;48;2;189;86;42m▀[38;2;196;90;40;48;2;188;85;40m▀[38;2;194;87;40;48;2;187;86;41m▀[38;2;190;83;38;48;2;183;79;38m▀[38;2;112;46;30;48;2;93;38;27m▀[38;2;134;58;33;48;2;139;59;32m▀[38;2;189;83;39;48;2;183;79;40m▀[38;2;188;80;36;48;2;171;66;36m▀[38;2;183;69;36;48;2;158;40;32m▀[38;2;164;42;33;48;2;183;91;39m▀[38;2;187;92;38;48;2;185;87;38m▀[38;2;189;91;36;48;2;188;92;37m▀[38;2;185;88;37;48;2;182;91;37m▀[38;2;170;85;39;48;2;106;49;34m▀[38;2;103;40;31;48;2;109;42;33m▀[38;2;152;62;34;48;2;123;47;37m▀[38;2;138;57;36;48;2;126;51;35m▀[38;2;152;66;36;48;2;117;49;37m▀[38;2;154;69;40;48;2;116;47;38m▀[38;2;142;63;43;48;2;115;48;37m▀[38;2;124;53;44;48;2;98;39;37m▀[38;2;111;44;41;48;2;74;24;33m▀[38;2;107;40;41;48;2;54;19;31m▀[38;2;74;24;33;48;2;49;17;29m▀[38;2;50;17;29;48;2;44;16;26m▀[0m
