[38;2;11;0;7;48;2;9;0;3m▀[38;2;11;0;7;48;2;11;0;7m▀[38;2;11;0;7;48;2;9;0;3m▀[38;2;12;0;7;48;2;12;0;7m▀▀[38;2;16;0;7;48;2;12;0;7m▀[38;2;17;0;7;48;2;12;0;7m▀[38;2;14;0;3;48;2;12;0;8m▀[38;2;14;0;7;48;2;12;0;8m▀[38;2;17;0;8;48;2;13;0;8m▀[38;2;20;0;4;48;2;18;0;8m▀[38;2;17;0;8;48;2;14;0;8m▀[38;2;19;0;7;48;2;13;0;8m▀[38;2;10;7;56;48;2;8;8;47m▀[38;2;0;24;116;48;2;0;20;107m▀[38;2;0;37;142;48;2;0;28;133m▀[38;2;0;67;174;48;2;0;63;176m▀[38;2;0;66;169;48;2;0;63;171m▀[38;2;0;37;133;48;2;0;25;124m▀[38;2;0;30;116;48;2;0;13;94m▀[38;2;0;23;103;48;2;6;6;60m▀[38;2;0;24;105;48;2;8;6;53m▀[38;2;0;24;113;48;2;8;8;66m▀[38;2;0;31;126;48;2;1;11;76m▀[38;2;2;32;141;48;2;0;17;107m▀[38;2;6;28;119;48;2;0;29;146m▀[38;2;19;6;24;48;2;15;3;25m▀[38;2;15;0;8;48;2;14;0;8m▀[38;2;13;0;8;48;2;14;0;8m▀[38;2;15;0;8;48;2;14;0;8m▀[38;2;19;0;10;48;2;14;0;8m▀[38;2;13;0;8;48;2;14;0;8m▀▀▀[38;2;19;0;4;48;2;15;0;8m▀[38;2;18;0;8;48;2;15;0;8m▀[38;2;15;0;8;48;2;13;0;4m▀[38;2;13;0;8;48;2;11;0;8m▀[38;2;13;0;8;48;2;13;0;8m▀▀[38;2;18;0;8;48;2;13;0;8m▀▀▀[38;2;13;0;8;48;2;13;0;8m▀[38;2;13;0;8;48;2;13;0;4m▀[38;2;19;3;3;48;2;13;0;4m▀[38;2;17;0;4;48;2;13;0;8m▀[38;2;17;0;8;48;2;13;0;8m▀[38;2;17;0;8;48;2;14;0;8m▀[38;2;17;0;9;48;2;19;0;9m▀[38;2;18;0;9;48;2;17;0;8m▀[38;2;17;0;9;48;2;19;0;9m▀[38;2;18;0;9;48;2;18;0;9m▀[38;2;18;0;6;48;2;17;0;7m▀[38;2;20;0;9;48;2;16;0;7m▀[38;2;16;0;7;48;2;16;0;7m▀[38;2;17;0;6;48;2;20;0;8m▀[38;2;17;2;2;48;2;16;0;7m▀[0m
[38;2;12;0;7;48;2;16;0;7m▀[38;2;12;0;7;48;2;12;0;7m▀[38;2;12;0;7;48;2;17;0;3m▀[38;2;12;0;7;48;2;17;0;7m▀[38;2;17;0;7;48;2;17;0;8m▀[38;2;12;0;7;48;2;13;0;8m▀[38;2;14;0;8;48;2;18;0;8m▀[38;2;17;0;8;48;2;18;0;8m▀[38;2;18;0;8;48;2;18;0;8m▀[38;2;14;0;8;48;2;18;0;8m▀[38;2;15;0;8;48;2;18;0;8m▀[38;2;20;0;7;48;2;20;3;3m▀[38;2;18;0;8;48;2;19;0;8m▀[38;2;11;6;33;48;2;14;3;18m▀[38;2;0;17;97;48;2;0;15;91m▀[38;2;0;29;135;48;2;0;31;138m▀[38;2;0;64;181;48;2;0;66;188m▀[38;2;0;70;184;48;2;0;70;192m▀[38;2;0;34;141;48;2;0;37;149m▀[38;2;0;13;92;48;2;0;17;94m▀[38;2;8;7;54;48;2;12;7;47m▀[38;2;18;2;40;48;2;15;2;31m▀[38;2;14;6;53;48;2;18;2;38m▀[38;2;8;8;67;48;2;14;8;61m▀[38;2;0;17;101;48;2;4;16;98m▀[38;2;5;21;110;48;2;13;13;63m▀[38;2;19;0;4;48;2;21;0;10m▀[38;2;16;0;8;48;2;21;3;10m▀[38;2;19;0;4;48;2;21;3;8m▀[38;2;17;0;4;48;2;20;0;9m▀[38;2;19;0;8;48;2;20;0;9m▀▀[38;2;14;0;8;48;2;20;0;4m▀[38;2;19;0;8;48;2;16;0;9m▀[38;2;19;0;8;48;2;19;0;9m▀[38;2;14;0;8;48;2;19;0;9m▀[38;2;14;0;8;48;2;14;0;9m▀[38;2;15;0;8;48;2;14;0;8m▀[38;2;14;0;8;48;2;19;0;4m▀[38;2;14;0;8;48;2;19;0;8m▀▀[38;2;13;0;4;48;2;19;0;8m▀[38;2;19;0;4;48;2;19;0;8m▀[38;2;16;0;4;48;2;19;0;8m▀[38;2;16;0;4;48;2;19;0;4m▀[38;2;18;0;0;48;2;19;0;4m▀[38;2;18;0;4;48;2;18;0;8m▀[38;2;15;0;8;48;2;18;0;8m▀[38;2;14;0;9;48;2;27;5;21m▀[38;2;23;2;12;48;2;31;7;25m▀[38;2;22;2;12;48;2;27;2;14m▀[38;2;21;2;8;48;2;27;5;18m▀[38;2;19;0;9;48;2;22;2;12m▀[38;2;17;0;7;48;2;19;3;3m▀[38;2;18;0;7;48;2;19;3;3m▀[38;2;20;0;6;48;2;20;2;8m▀[38;2;21;2;8;48;2;24;2;13m▀[38;2;18;0;9;48;2;20;0;9m▀[0m
[38;2;17;0;7;48;2;12;0;7m▀[38;2;17;0;3;48;2;12;0;8m▀[38;2;12;0;7;48;2;12;0;8m▀[38;2;17;0;8;48;2;13;0;8m▀[38;2;13;0;8;48;2;13;0;8m▀▀[38;2;18;0;8;48;2;15;0;8m▀[38;2;16;0;4;48;2;18;0;4m▀[38;2;18;0;8;48;2;18;0;8m▀[38;2;15;0;8;48;2;19;0;8m▀[38;2;19;0;8;48;2;19;0;8m▀[38;2;20;0;7;48;2;19;0;8m▀[38;2;21;0;7;48;2;19;0;8m▀[38;2;19;0;10;48;2;16;0;8m▀[38;2;0;13;89;48;2;8;11;70m▀[38;2;0;27;136;48;2;0;25;128m▀[38;2;0;61;186;48;2;0;60;187m▀[38;2;0;67;192;48;2;0;68;196m▀[38;2;0;35;145;48;2;0;32;144m▀[38;2;0;16;91;48;2;1;11;81m▀[38;2;12;7;48;48;2;15;2;42m▀[38;2;19;2;33;48;2;19;2;34m▀[38;2;19;2;35;48;2;20;6;38m▀[38;2;20;8;52;48;2;23;6;52m▀[38;2;10;18;96;48;2;16;16;70m▀[38;2;15;3;23;48;2;19;3;13m▀[38;2;16;0;9;48;2;14;0;9m▀[38;2;22;0;11;48;2;20;0;9m▀▀[38;2;20;0;9;48;2;22;0;11m▀[38;2;22;0;11;48;2;20;0;9m▀[38;2;14;0;4;48;2;16;0;9m▀[38;2;14;0;9;48;2;20;0;4m▀[38;2;20;0;9;48;2;16;0;9m▀[38;2;16;0;9;48;2;20;0;9m▀[38;2;20;0;9;48;2;20;0;9m▀[38;2;20;0;4;48;2;20;0;9m▀[38;2;20;0;9;48;2;16;0;9m▀[38;2;19;0;9;48;2;20;0;11m▀[38;2;21;0;10;48;2;20;0;9m▀[38;2;19;0;9;48;2;20;0;9m▀[38;2;19;0;8;48;2;19;0;9m▀[38;2;19;0;10;48;2;19;0;9m▀[38;2;19;0;4;48;2;19;0;4m▀▀[38;2;19;0;8;48;2;15;0;8m▀[38;2;19;0;8;48;2;19;0;8m▀[38;2;15;0;8;48;2;19;0;10m▀[38;2;47;23;54;48;2;22;2;14m▀[38;2;51;29;62;48;2;31;10;31m▀[38;2;33;11;31;48;2;23;5;18m▀[38;2;44;10;35;48;2;31;10;29m▀[38;2;21;2;9;48;2;21;2;9m▀[38;2;17;0;4;48;2;20;0;4m▀[38;2;19;0;7;48;2;26;7;22m▀[38;2;31;13;31;48;2;67;38;79m▀[38;2;29;7;24;48;2;33;15;34m▀[38;2;21;2;13;48;2;28;15;38m▀[0m
[38;2;12;0;8;48;2;17;0;4m▀[38;2;13;0;8;48;2;13;0;8m▀▀[38;2;14;0;8;48;2;13;0;8m▀[38;2;13;0;4;48;2;18;0;8m▀[38;2;13;0;8;48;2;13;0;8m▀[38;2;11;0;8;48;2;13;0;8m▀[38;2;19;0;8;48;2;19;0;8m▀▀[38;2;15;0;8;48;2;16;0;8m▀[38;2;19;0;8;48;2;14;0;8m▀[38;2;19;0;4;48;2;16;0;9m▀[38;2;16;0;8;48;2;14;0;9m▀[38;2;16;0;9;48;2;14;0;4m▀[38;2;8;11;59;48;2;9;9;59m▀[38;2;0;21;121;48;2;0;20;118m▀[38;2;0;55;185;48;2;0;51;180m▀[38;2;0;66;196;48;2;0;58;191m▀[38;2;0;37;149;48;2;0;33;142m▀[38;2;0;13;92;48;2;0;14;89m▀[38;2;13;7;54;48;2;9;7;57m▀[38;2;18;6;48;48;2;13;6;57m▀[38;2;18;6;51;48;2;17;8;60m▀[38;2;18;6;48;48;2;15;8;59m▀[38;2;20;8;52;48;2;19;6;43m▀[38;2;20;0;11;48;2;20;0;11m▀[38;2;16;0;9;48;2;15;0;9m▀[38;2;20;0;9;48;2;15;0;9m▀[38;2;20;0;9;48;2;20;0;9m▀▀[38;2;20;0;9;48;2;17;0;9m▀[38;2;20;0;9;48;2;20;0;9m▀[38;2;22;0;8;48;2;20;0;4m▀[38;2;15;0;9;48;2;15;0;9m▀[38;2;20;0;9;48;2;20;0;9m▀[38;2;16;0;9;48;2;20;0;9m▀[38;2;20;0;9;48;2;17;0;4m▀[38;2;17;0;4;48;2;20;0;9m▀[38;2;22;0;11;48;2;22;0;11m▀[38;2;20;0;9;48;2;20;0;4m▀[38;2;20;0;9;48;2;14;0;9m▀▀[38;2;20;0;10;48;2;16;0;9m▀[38;2;14;0;9;48;2;14;0;9m▀[38;2;16;0;9;48;2;16;0;9m▀[38;2;19;0;4;48;2;16;0;9m▀[38;2;19;0;8;48;2;16;0;9m▀[38;2;19;0;8;48;2;19;0;8m▀▀[38;2;15;0;8;48;2;19;0;8m▀[38;2;19;0;8;48;2;15;0;8m▀[38;2;22;2;12;48;2;15;0;8m▀[38;2;20;0;7;48;2;20;0;7m▀[38;2;18;0;4;48;2;18;0;4m▀[38;2;23;2;12;48;2;20;0;10m▀[38;2;21;2;13;48;2;18;0;8m▀[38;2;26;7;23;48;2;14;0;8m▀[38;2;49;25;58;48;2;19;0;7m▀[0m
[38;2;13;0;8;48;2;13;0;8m▀[38;2;13;0;4;48;2;13;0;8m▀[38;2;13;0;8;48;2;13;0;8m▀[38;2;13;0;8;48;2;18;0;4m▀[38;2;18;0;8;48;2;19;0;8m▀[38;2;13;0;8;48;2;19;0;8m▀[38;2;14;0;8;48;2;19;0;8m▀[38;2;19;0;8;48;2;16;0;8m▀[38;2;16;0;8;48;2;19;0;9m▀[38;2;14;0;8;48;2;19;0;9m▀[38;2;14;0;9;48;2;20;0;9m▀[38;2;20;0;9;48;2;20;0;9m▀[38;2;16;0;9;48;2;20;0;4m▀[38;2;14;0;9;48;2;20;0;9m▀[38;2;9;9;55;48;2;14;14;67m▀[38;2;0;29;132;48;2;0;69;180m▀[38;2;0;52;181;48;2;0;109;224m▀[38;2;0;61;194;48;2;0;112;233m▀[38;2;0;37;155;48;2;0;91;213m▀[38;2;0;18;108;48;2;0;65;182m▀[38;2;6;9;74;48;2;0;49;156m▀[38;2;12;8;65;48;2;2;36;139m▀[38;2;18;8;58;48;2;6;23;104m▀[38;2;21;8;53;48;2;17;14;67m▀[38;2;20;2;26;48;2;19;7;29m▀[38;2;23;0;8;48;2;21;0;9m▀[38;2;21;0;11;48;2;21;0;9m▀[38;2;21;0;9;48;2;21;0;9m▀▀[38;2;23;0;11;48;2;21;0;9m▀[38;2;21;0;9;48;2;23;0;11m▀[38;2;21;0;9;48;2;21;0;9m▀[38;2;21;0;4;48;2;17;0;9m▀[38;2;21;0;9;48;2;21;0;9m▀▀▀[38;2;15;0;9;48;2;15;0;9m▀[38;2;15;0;9;48;2;17;0;9m▀[38;2;17;0;9;48;2;21;0;9m▀[38;2;20;0;9;48;2;22;0;8m▀[38;2;20;0;9;48;2;20;0;9m▀[38;2;20;0;9;48;2;17;0;9m▀[38;2;16;0;9;48;2;20;0;9m▀[38;2;14;0;9;48;2;16;0;9m▀[38;2;14;0;9;48;2;14;0;9m▀[38;2;14;0;9;48;2;16;0;9m▀[38;2;17;0;4;48;2;20;0;9m▀[38;2;19;0;4;48;2;21;0;8m▀[38;2;19;0;4;48;2;19;0;9m▀▀[38;2;19;0;4;48;2;19;0;8m▀[38;2;16;0;4;48;2;19;0;8m▀[38;2;21;0;4;48;2;19;0;0m▀[38;2;21;0;4;48;2;21;0;4m▀[38;2;18;0;4;48;2;21;0;4m▀[38;2;18;0;8;48;2;18;0;0m▀[38;2;18;0;8;48;2;21;0;4m▀[38;2;18;0;0;48;2;19;0;7m▀[0m
[38;2;18;0;8;48;2;18;0;8m▀[38;2;13;0;8;48;2;13;0;4m▀[38;2;13;0;4;48;2;13;0;8m▀[38;2;19;0;4;48;2;19;0;8m▀[38;2;19;0;4;48;2;16;0;4m▀[38;2;14;0;8;48;2;14;0;8m▀[38;2;19;0;8;48;2;19;0;8m▀[38;2;19;0;9;48;2;19;0;4m▀[38;2;19;0;9;48;2;16;0;9m▀[38;2;20;0;9;48;2;16;0;9m▀[38;2;20;0;9;48;2;19;13;37m▀[38;2;16;0;11;48;2;17;32;78m▀[38;2;18;16;55;48;2;17;8;55m▀[38;2;15;24;66;48;2;3;34;119m▀[38;2;15;22;85;48;2;3;53;148m▀[38;2;0;59;181;48;2;0;70;183m▀[38;2;0;121;237;48;2;0;103;226m▀[38;2;0;127;243;48;2;0;103;235m▀[38;2;0;109;238;48;2;0;84;222m▀[38;2;0;94;223;48;2;0;61;197m▀[38;2;0;70;200;48;2;0;46;169m▀[38;2;0;42;170;48;2;0;30;139m▀[38;2;0;27;127;48;2;4;17;99m▀[38;2;4;21;100;48;2;9;9;66m▀[38;2;18;12;53;48;2;12;23;97m▀[38;2;17;0;9;48;2;22;17;49m▀[38;2;23;0;11;48;2;23;14;34m▀[38;2;23;0;11;48;2;23;0;11m▀[38;2;23;0;11;48;2;21;0;9m▀▀[38;2;21;0;11;48;2;21;0;9m▀[38;2;17;0;9;48;2;21;0;9m▀[38;2;21;0;9;48;2;23;0;11m▀[38;2;17;0;9;48;2;15;0;9m▀[38;2;21;0;9;48;2;21;0;4m▀[38;2;17;0;9;48;2;21;0;9m▀[38;2;21;0;9;48;2;21;0;9m▀[38;2;17;0;9;48;2;21;0;9m▀[38;2;21;0;9;48;2;21;0;9m▀[38;2;23;0;8;48;2;21;0;9m▀[38;2;21;0;9;48;2;21;0;9m▀[38;2;23;0;4;48;2;21;0;9m▀[38;2;23;0;4;48;2;20;0;9m▀[38;2;20;0;9;48;2;20;0;4m▀[38;2;16;0;9;48;2;20;0;9m▀[38;2;14;0;9;48;2;20;0;9m▀[38;2;22;0;11;48;2;20;0;9m▀[38;2;20;0;9;48;2;20;0;9m▀▀[38;2;19;0;4;48;2;20;0;4m▀[38;2;19;0;4;48;2;14;0;9m▀[38;2;19;0;4;48;2;19;0;4m▀[38;2;16;0;4;48;2;16;0;8m▀[38;2;21;0;4;48;2;21;3;3m▀[38;2;21;0;4;48;2;19;0;4m▀[38;2;20;3;3;48;2;19;0;8m▀[38;2;18;0;4;48;2;18;0;8m▀[38;2;18;0;8;48;2;18;0;8m▀[0m
[38;2;18;0;8;48;2;13;0;8m▀[38;2;13;0;8;48;2;13;0;8m▀[38;2;13;0;8;48;2;14;0;8m▀[38;2;19;0;8;48;2;19;0;4m▀[38;2;14;0;4;48;2;16;0;4m▀[38;2;14;0;8;48;2;16;0;9m▀[38;2;14;0;9;48;2;14;0;9m▀[38;2;20;0;9;48;2;20;0;9m▀[38;2;16;0;9;48;2;18;20;46m▀[38;2;12;25;58;48;2;6;51;125m▀[38;2;13;31;79;48;2;20;0;16m▀[38;2;20;0;15;48;2;20;0;9m▀[38;2;20;0;11;48;2;20;0;4m▀[38;2;17;0;15;48;2;18;18;18m▀[38;2;21;2;24;48;2;21;35;41m▀[38;2;20;2;26;48;2;21;12;18m▀[38;2;21;8;44;48;2;25;17;25m▀[38;2;14;28;85;48;2;53;75;66m▀[38;2;9;38;112;48;2;44;77;63m▀[38;2;6;37;123;48;2;30;32;40m▀[38;2;6;38;126;48;2;17;44;47m▀[38;2;5;28;111;48;2;39;37;37m▀[38;2;10;19;83;48;2;30;21;32m▀[38;2;7;17;77;48;2;18;26;42m▀[38;2;14;14;73;48;2;16;51;51m▀[38;2;4;21;93;48;2;21;47;80m▀[38;2;8;59;154;48;2;2;43;142m▀[38;2;19;17;48;48;2;1;106;213m▀[38;2;21;0;9;48;2;19;69;123m▀[38;2;21;0;9;48;2;26;0;17m▀[38;2;23;0;11;48;2;23;0;11m▀[38;2;21;0;9;48;2;23;0;11m▀▀▀▀[38;2;21;0;4;48;2;21;0;9m▀[38;2;21;0;9;48;2;23;0;11m▀▀[38;2;21;0;9;48;2;23;0;8m▀[38;2;21;0;9;48;2;21;0;9m▀[38;2;17;0;9;48;2;21;0;11m▀[38;2;21;0;9;48;2;23;0;11m▀▀[38;2;21;0;4;48;2;23;0;4m▀[38;2;20;0;9;48;2;20;0;9m▀[38;2;20;0;9;48;2;22;0;8m▀[38;2;20;0;9;48;2;20;0;9m▀[38;2;20;0;9;48;2;20;0;4m▀[38;2;20;0;9;48;2;23;0;4m▀[38;2;14;0;9;48;2;20;0;4m▀[38;2;16;0;9;48;2;20;0;4m▀[38;2;19;0;9;48;2;20;0;4m▀[38;2;19;0;8;48;2;19;0;4m▀▀▀[38;2;19;0;8;48;2;19;0;8m▀[38;2;18;0;8;48;2;19;0;4m▀[38;2;18;0;8;48;2;18;0;8m▀[0m
[38;2;18;0;8;48;2;19;0;8m▀[38;2;19;0;8;48;2;19;0;8m▀[38;2;14;0;8;48;2;15;0;8m▀[38;2;19;0;8;48;2;19;0;8m▀[38;2;19;0;4;48;2;19;0;9m▀[38;2;14;0;4;48;2;14;0;9m▀[38;2;14;0;9;48;2;16;0;9m▀[38;2;20;0;9;48;2;19;16;37m▀[38;2;6;68;143;48;2;0;83;186m▀[38;2;9;24;84;48;2;12;9;57m▀[38;2;16;0;9;48;2;17;0;9m▀[38;2;20;0;9;48;2;20;0;11m▀[38;2;23;20;20;48;2;25;25;22m▀[38;2;7;69;59;48;2;6;59;49m▀[38;2;8;46;44;48;2;7;55;45m▀[38;2;20;17;27;48;2;15;41;38m▀[38;2;24;21;26;48;2;17;57;60m▀[38;2;126;115;87;48;2;81;87;83m▀[38;2;153;151;117;48;2;141;136;123m▀[38;2;37;89;97;48;2;41;94;84m▀[38;2;33;81;86;48;2;34;55;55m▀[38;2;106;97;80;48;2;125;116;104m▀[38;2;104;92;93;48;2;146;126;101m▀[38;2;19;43;62;48;2;20;55;61m▀[38;2;20;115;93;48;2;25;107;84m▀[38;2;39;108;78;48;2;26;44;33m▀[38;2;21;23;45;48;2;24;19;19m▀[38;2;5;43;129;48;2;25;2;14m▀[38;2;0;129;248;48;2;18;25;78m▀[38;2;17;98;178;48;2;0;111;233m▀[38;2;21;9;32;48;2;13;105;198m▀[38;2;26;0;11;48;2;24;9;32m▀[38;2;23;0;11;48;2;23;0;11m▀[38;2;23;0;11;48;2;21;0;9m▀[38;2;21;0;9;48;2;21;0;9m▀▀[38;2;21;0;9;48;2;23;0;8m▀[38;2;21;0;9;48;2;23;0;11m▀[38;2;21;0;9;48;2;21;0;9m▀[38;2;23;0;11;48;2;21;0;9m▀[38;2;23;0;8;48;2;26;0;8m▀[38;2;21;0;9;48;2;23;0;8m▀▀[38;2;21;0;4;48;2;17;0;9m▀[38;2;21;0;9;48;2;21;0;9m▀[38;2;20;0;9;48;2;21;0;9m▀[38;2;20;0;9;48;2;20;0;11m▀[38;2;20;0;9;48;2;20;0;9m▀[38;2;20;0;4;48;2;20;0;9m▀[38;2;20;0;0;48;2;22;0;8m▀[38;2;23;0;4;48;2;22;3;0m▀[38;2;17;0;0;48;2;20;0;0m▀[38;2;22;0;4;48;2;22;0;4m▀[38;2;19;0;0;48;2;19;0;0m▀[38;2;19;0;4;48;2;19;0;4m▀[38;2;15;0;8;48;2;22;0;4m▀[38;2;19;0;4;48;2;18;3;3m▀[38;2;18;0;8;48;2;19;0;4m▀[0m
[38;2;19;0;4;48;2;19;0;8m▀[38;2;19;0;8;48;2;19;0;8m▀[38;2;19;0;4;48;2;14;0;4m▀[38;2;19;0;4;48;2;19;0;4m▀[38;2;16;0;9;48;2;19;0;9m▀[38;2;20;0;9;48;2;16;0;9m▀[38;2;22;0;11;48;2;20;0;9m▀[38;2;13;29;64;48;2;21;2;15m▀[38;2;0;78;186;48;2;3;65;149m▀[38;2;14;12;64;48;2;0;55;147m▀[38;2;20;0;11;48;2;19;2;26m▀[38;2;17;0;9;48;2;20;0;9m▀[38;2;24;2;10;48;2;23;0;8m▀[38;2;18;27;25;48;2;17;32;30m▀[38;2;6;80;56;48;2;14;74;57m▀[38;2;13;43;34;48;2;13;56;38m▀[38;2;24;68;56;48;2;28;12;28m▀[38;2;75;122;132;48;2;43;64;68m▀[38;2;91;127;152;48;2;54;127;134m▀[38;2;74;96;115;48;2;110;129;159m▀[38;2;27;81;95;48;2;30;105;123m▀[38;2;65;115;134;48;2;6;58;82m▀[38;2;29;89;92;48;2;21;26;38m▀[38;2;27;102;84;48;2;14;88;64m▀[38;2;26;118;95;48;2;11;124;96m▀[38;2;32;55;41;48;2;26;35;27m▀[38;2;24;19;17;48;2;23;0;11m▀[38;2;23;0;11;48;2;23;0;15m▀[38;2;23;0;15;48;2;23;0;15m▀[38;2;12;23;88;48;2;11;14;74m▀[38;2;0;112;245;48;2;0;75;211m▀[38;2;18;103;183;48;2;0;134;244m▀[38;2;26;0;15;48;2;18;35;68m▀[38;2;21;0;9;48;2;23;0;11m▀[38;2;23;0;8;48;2;23;0;11m▀[38;2;21;0;9;48;2;21;0;9m▀[38;2;24;0;4;48;2;21;0;9m▀▀[38;2;23;0;8;48;2;24;0;4m▀[38;2;23;0;8;48;2;21;0;9m▀▀[38;2;23;0;8;48;2;21;0;11m▀[38;2;23;0;8;48;2;21;0;9m▀[38;2;21;0;9;48;2;21;0;9m▀[38;2;26;0;3;48;2;21;0;9m▀[38;2;23;0;4;48;2;21;0;9m▀[38;2;22;0;11;48;2;20;0;9m▀[38;2;20;0;9;48;2;20;0;9m▀[38;2;20;0;9;48;2;20;0;4m▀[38;2;23;0;4;48;2;23;0;4m▀[38;2;22;3;3;48;2;20;0;9m▀[38;2;20;0;0;48;2;16;0;9m▀[38;2;22;0;0;48;2;21;0;8m▀[38;2;22;0;4;48;2;19;0;4m▀[38;2;19;0;8;48;2;19;0;8m▀[38;2;22;0;4;48;2;21;0;7m▀[38;2;19;0;4;48;2;19;0;4m▀[38;2;19;0;4;48;2;19;0;8m▀[0m
[38;2;19;0;8;48;2;19;0;0m▀[38;2;19;0;4;48;2;19;0;8m▀[38;2;19;0;8;48;2;19;0;8m▀[38;2;19;0;0;48;2;19;0;0m▀[38;2;19;0;4;48;2;19;0;0m▀[38;2;14;0;4;48;2;17;0;4m▀[38;2;17;0;4;48;2;20;0;14m▀[38;2;24;2;15;48;2;24;2;31m▀[38;2;23;6;28;48;2;19;13;68m▀[38;2;6;50;130;48;2;20;8;68m▀[38;2;5;57;141;48;2;6;49;131m▀[38;2;21;0;15;48;2;9;37;99m▀[38;2;17;0;9;48;2;21;0;4m▀[38;2;20;30;28;48;2;22;2;14m▀[38;2;21;48;45;48;2;26;9;12m▀[38;2;22;43;34;48;2;27;7;9m▀[38;2;23;26;32;48;2;25;45;40m▀[38;2;50;91;81;48;2;54;127;102m▀[38;2;101;109;105;48;2;79;116;116m▀[38;2;124;124;129;48;2;116;137;137m▀[38;2;94;93;107;48;2;104;109;131m▀[38;2;49;49;88;48;2;26;30;90m▀[38;2;32;8;28;48;2;28;0;8m▀[38;2;21;9;15;48;2;21;0;9m▀[38;2;18;82;59;48;2;22;19;19m▀[38;2;22;31;22;48;2;23;12;14m▀[38;2;23;0;11;48;2;23;0;15m▀[38;2;23;0;15;48;2;23;0;23m▀[38;2;21;0;23;48;2;13;63;129m▀[38;2;1;44;138;48;2;0;143;210m▀[38;2;4;143;229;48;2;16;35;55m▀[38;2;14;73;101;48;2;21;0;11m▀[38;2;23;0;11;48;2;23;0;11m▀[38;2;21;0;9;48;2;21;0;9m▀[38;2;23;0;11;48;2;23;0;11m▀[38;2;21;0;9;48;2;21;0;9m▀[38;2;21;0;9;48;2;24;0;4m▀[38;2;26;0;15;48;2;22;2;14m▀[38;2;27;2;20;48;2;25;2;16m▀[38;2;25;2;22;48;2;26;0;15m▀[38;2;25;2;22;48;2;23;0;11m▀[38;2;25;2;16;48;2;26;0;15m▀[38;2;22;2;16;48;2;28;0;21m▀[38;2;23;0;11;48;2;28;0;14m▀[38;2;23;0;8;48;2;17;0;9m▀[38;2;21;0;9;48;2;21;0;11m▀[38;2;22;0;11;48;2;24;2;10m▀[38;2;22;0;11;48;2;22;0;11m▀[38;2;22;0;11;48;2;22;0;8m▀[38;2;16;0;9;48;2;17;0;4m▀[38;2;20;0;9;48;2;20;0;9m▀▀[38;2;20;0;9;48;2;20;0;4m▀[38;2;16;0;9;48;2;19;0;9m▀[38;2;19;0;8;48;2;19;0;8m▀▀[38;2;19;0;4;48;2;15;0;8m▀[38;2;19;0;8;48;2;19;0;8m▀[0m
[38;2;19;0;0;48;2;19;0;4m▀[38;2;15;0;8;48;2;16;0;4m▀[38;2;19;0;4;48;2;16;0;4m▀[38;2;19;0;4;48;2;16;0;8m▀[38;2;19;0;0;48;2;19;0;4m▀[38;2;17;0;4;48;2;16;0;9m▀[38;2;14;9;44;48;2;11;22;84m▀[38;2;5;26;96;48;2;1;34;117m▀[38;2;6;20;84;48;2;1;34;118m▀[38;2;19;11;72;48;2;2;26;96m▀[38;2;11;14;73;48;2;14;12;66m▀[38;2;0;54;145;48;2;6;20;87m▀[38;2;13;21;59;48;2;2;57;148m▀[38;2;17;0;9;48;2;15;9;32m▀[38;2;21;0;4;48;2;21;0;9m▀▀[38;2;21;9;15;48;2;21;0;4m▀[38;2;39;110;91;48;2;25;25;28m▀[38;2;28;116;124;48;2;16;93;98m▀[38;2;7;111;128;48;2;0;103;130m▀[38;2;0;76;114;48;2;5;51;72m▀[38;2;20;12;47;48;2;21;0;9m▀[38;2;21;0;9;48;2;21;0;4m▀[38;2;17;0;9;48;2;21;0;9m▀[38;2;18;0;4;48;2;21;0;9m▀[38;2;21;0;11;48;2;25;2;20m▀[38;2;20;3;16;48;2;15;93;154m▀[38;2;12;69;123;48;2;9;110;172m▀[38;2;10;117;176;48;2;20;2;46m▀[38;2;21;9;31;48;2;21;8;55m▀[38;2;17;0;9;48;2;21;6;48m▀[38;2;15;0;9;48;2;20;3;20m▀[38;2;21;0;9;48;2;21;0;11m▀[38;2;15;0;9;48;2;21;0;9m▀[38;2;21;0;9;48;2;15;0;9m▀[38;2;17;0;9;48;2;17;0;9m▀[38;2;21;0;4;48;2;21;0;4m▀[38;2;23;0;11;48;2;21;0;9m▀▀[38;2;21;0;11;48;2;21;0;9m▀[38;2;23;0;8;48;2;23;0;8m▀[38;2;26;0;11;48;2;26;0;11m▀[38;2;26;0;11;48;2;23;0;11m▀[38;2;23;0;11;48;2;21;0;9m▀[38;2;21;0;9;48;2;21;0;9m▀[38;2;17;0;9;48;2;23;0;8m▀[38;2;20;0;11;48;2;25;0;15m▀[38;2;20;0;9;48;2;22;0;11m▀[38;2;20;0;9;48;2;16;0;9m▀[38;2;16;0;9;48;2;17;0;4m▀[38;2;20;0;9;48;2;20;0;9m▀[38;2;20;0;9;48;2;16;0;9m▀[38;2;17;0;4;48;2;20;0;9m▀[38;2;19;0;4;48;2;19;0;4m▀[38;2;19;0;4;48;2;22;0;4m▀[38;2;22;0;4;48;2;16;0;4m▀[38;2;19;0;4;48;2;19;0;4m▀[38;2;15;0;8;48;2;19;0;4m▀[0m
[38;2;19;0;8;48;2;18;0;4m▀[38;2;19;0;0;48;2;19;0;0m▀[38;2;19;0;4;48;2;16;0;0m▀[38;2;19;0;4;48;2;19;0;4m▀[38;2;18;3;8;48;2;17;17;52m▀[38;2;9;23;80;48;2;6;19;78m▀[38;2;8;26;96;48;2;17;10;63m▀[38;2;9;24;84;48;2;19;2;25m▀[38;2;9;24;88;48;2;15;3;22m▀[38;2;8;26;95;48;2;11;14;64m▀[38;2;17;8;57;48;2;7;18;84m▀[38;2;22;6;57;48;2;19;2;33m▀[38;2;8;27;109;48;2;7;14;87m▀[38;2;3;52;136;48;2;0;45;149m▀[38;2;22;2;14;48;2;8;42;108m▀[38;2;24;0;4;48;2;24;0;4m▀[38;2;25;3;3;48;2;23;3;3m▀[38;2;23;3;3;48;2;24;0;0m▀[38;2;25;2;7;48;2;24;0;4m▀[38;2;24;9;15;48;2;21;0;4m▀[38;2;24;0;4;48;2;21;0;0m▀[38;2;24;0;4;48;2;23;3;3m▀[38;2;24;0;4;48;2;24;0;4m▀[38;2;23;3;3;48;2;19;21;52m▀[38;2;20;12;43;48;2;0;100;206m▀[38;2;4;106;194;48;2;1;79;166m▀[38;2;3;100;188;48;2;20;2;32m▀[38;2;11;17;77;48;2;13;19;70m▀[38;2;21;8;59;48;2;3;23;98m▀[38;2;22;13;63;48;2;13;17;73m▀[38;2;14;14;66;48;2;10;21;76m▀[38;2;20;13;66;48;2;3;28;91m▀[38;2;26;8;49;48;2;20;11;59m▀[38;2;19;9;44;48;2;1;35;100m▀[38;2;22;7;27;48;2;12;21;71m▀[38;2;22;7;32;48;2;3;25;97m▀[38;2;22;7;29;48;2;0;31;110m▀[38;2;22;2;22;48;2;3;38;122m▀[38;2;23;0;8;48;2;6;21;90m▀[38;2;23;0;8;48;2;12;23;95m▀[38;2;21;0;11;48;2;13;34;99m▀[38;2;22;2;14;48;2;18;25;59m▀[38;2;23;0;11;48;2;18;14;53m▀[38;2;26;0;8;48;2;17;17;60m▀[38;2;21;0;4;48;2;19;7;23m▀[38;2;22;0;8;48;2;20;0;9m▀[38;2;26;2;16;48;2;25;0;11m▀[38;2;22;0;8;48;2;22;3;8m▀[38;2;20;0;4;48;2;20;0;0m▀▀[38;2;23;0;4;48;2;20;0;0m▀[38;2;20;0;4;48;2;20;0;0m▀[38;2;20;0;4;48;2;17;0;0m▀[38;2;19;0;4;48;2;19;0;4m▀[38;2;18;3;3;48;2;19;0;4m▀[38;2;22;0;4;48;2;22;0;4m▀[38;2;21;0;4;48;2;19;0;4m▀[38;2;19;0;4;48;2;21;0;4m▀[0m
[38;2;21;0;0;48;2;18;0;0m▀[38;2;19;0;0;48;2;16;0;4m▀[38;2;14;0;0;48;2;15;3;13m▀[38;2;14;8;28;48;2;5;25;80m▀[38;2;1;32;108;48;2;0;30;111m▀[38;2;6;19;95;48;2;7;13;78m▀[38;2;20;6;46;48;2;15;3;26m▀[38;2;23;2;28;48;2;21;0;20m▀[38;2;22;8;50;48;2;22;0;22m▀[38;2;20;8;50;48;2;20;0;14m▀[38;2;11;16;73;48;2;19;2;21m▀[38;2;16;14;64;48;2;15;9;48m▀[38;2;15;7;42;48;2;15;9;48m▀[38;2;0;30;119;48;2;8;12;60m▀[38;2;0;46;146;48;2;0;44;146m▀[38;2;20;14;39;48;2;0;51;140m▀[38;2;24;0;4;48;2;22;2;14m▀[38;2;25;3;3;48;2;21;0;4m▀[38;2;24;0;4;48;2;24;0;4m▀[38;2;24;0;4;48;2;21;0;9m▀[38;2;24;0;4;48;2;20;3;10m▀[38;2;23;0;8;48;2;16;23;73m▀[38;2;18;23;68;48;2;9;38;117m▀[38;2;0;76;184;48;2;6;23;80m▀[38;2;4;50;131;48;2;0;26;91m▀[38;2;13;17;72;48;2;0;17;83m▀[38;2;19;6;40;48;2;8;14;68m▀[38;2;23;0;23;48;2;19;6;45m▀[38;2;20;2;30;48;2;25;2;25m▀[38;2;21;8;50;48;2;23;8;43m▀[38;2;21;6;45;48;2;20;14;62m▀[38;2;21;6;40;48;2;17;17;70m▀[38;2;17;14;59;48;2;14;44;107m▀[38;2;2;29;90;48;2;4;51;127m▀[38;2;5;28;90;48;2;6;50;126m▀[38;2;5;28;88;48;2;0;62;149m▀[38;2;0;55;116;48;2;2;43;114m▀[38;2;3;54;131;48;2;15;25;73m▀[38;2;1;65;151;48;2;21;12;34m▀[38;2;3;65;144;48;2;26;6;32m▀[38;2;13;46;109;48;2;18;12;57m▀[38;2;0;60;126;48;2;1;37;100m▀[38;2;0;76;162;48;2;0;46;114m▀[38;2;0;89;188;48;2;0;102;161m▀[38;2;1;75;151;48;2;0;159;192m▀[38;2;23;20;40;48;2;0;162;193m▀[38;2;26;2;10;48;2;2;127;152m▀[38;2;24;2;10;48;2;13;69;75m▀[38;2;23;0;4;48;2;22;3;10m▀[38;2;22;3;3;48;2;22;0;8m▀[38;2;22;0;4;48;2;22;0;4m▀[38;2;22;0;4;48;2;21;0;8m▀[38;2;19;0;0;48;2;19;0;4m▀[38;2;22;0;4;48;2;18;3;3m▀[38;2;23;0;7;48;2;23;0;3m▀[38;2;21;0;4;48;2;23;0;3m▀[38;2;21;0;4;48;2;18;0;4m▀[38;2;20;3;3;48;2;18;0;4m▀[0m
[38;2;15;0;8;48;2;15;0;13m▀[38;2;14;3;20;48;2;15;15;61m▀[38;2;12;15;64;48;2;0;36;95m▀[38;2;0;41;101;48;2;0;39;111m▀[38;2;0;25;93;48;2;0;42;125m▀[38;2;7;13;82;48;2;0;37;126m▀[38;2;19;8;53;48;2;0;35;130m▀[38;2;19;6;47;48;2;0;32;112m▀[38;2;12;18;72;48;2;0;40;121m▀[38;2;3;36;107;48;2;0;36;118m▀[38;2;1;31;106;48;2;0;47;131m▀[38;2;0;36;125;48;2;0;73;164m▀[38;2;0;36;117;48;2;0;63;136m▀[38;2;8;14;69;48;2;0;36;94m▀[38;2;4;20;75;48;2;0;32;103m▀[38;2;0;38;113;48;2;0;42;125m▀[38;2;5;26;92;48;2;0;57;135m▀[38;2;20;14;39;48;2;4;60;132m▀[38;2;18;35;68;48;2;0;54;130m▀[38;2;0;81;157;48;2;5;28;94m▀[38;2;0;70;147;48;2;15;9;49m▀[38;2;7;45;108;48;2;7;66;140m▀[38;2;6;55;120;48;2;0;93;192m▀[38;2;0;54;132;48;2;0;94;187m▀[38;2;0;50;127;48;2;0;103;200m▀[38;2;0;48;127;48;2;0;101;197m▀[38;2;0;48;134;48;2;0;103;200m▀[38;2;0;61;155;48;2;0;99;194m▀[38;2;0;78;167;48;2;0;70;156m▀[38;2;0;88;181;48;2;7;46;120m▀[38;2;0;97;195;48;2;9;27;83m▀[38;2;0;98;197;48;2;19;19;64m▀[38;2;0;62;147;48;2;27;2;22m▀[38;2;8;33;94;48;2;21;0;11m▀[38;2;13;19;62;48;2;17;0;9m▀[38;2;21;9;35;48;2;21;0;11m▀[38;2;26;0;15;48;2;21;0;11m▀[38;2;21;0;11;48;2;21;0;9m▀[38;2;23;0;11;48;2;21;0;11m▀[38;2;25;2;27;48;2;25;0;11m▀[38;2;21;6;37;48;2;21;2;24m▀[38;2;19;9;44;48;2;19;7;34m▀[38;2;9;26;82;48;2;8;42;87m▀[38;2;0;119;144;48;2;3;71;107m▀[38;2;0;183;207;48;2;0;150;185m▀[38;2;0;132;161;48;2;0;126;153m▀[38;2;0;144;169;48;2;0;101;142m▀[38;2;0;190;201;48;2;0;138;172m▀[38;2;0;141;152;48;2;0;136;161m▀[38;2;24;11;20;48;2;19;32;37m▀[38;2;21;3;8;48;2;19;0;9m▀[38;2;21;0;8;48;2;24;0;8m▀[38;2;19;0;8;48;2;21;0;7m▀[38;2;19;0;8;48;2;21;0;4m▀[38;2;20;0;7;48;2;23;0;3m▀[38;2;23;0;3;48;2;23;0;7m▀[38;2;20;0;7;48;2;20;0;7m▀[38;2;22;0;3;48;2;22;0;7m▀[0m
[38;2;14;12;51;48;2;0;35;75m▀[38;2;0;40;83;48;2;0;40;79m▀[38;2;0;48;101;48;2;11;16;51m▀[38;2;8;25;73;48;2;17;5;38m▀[38;2;12;15;67;48;2;18;6;38m▀[38;2;10;13;63;48;2;16;10;55m▀[38;2;4;19;80;48;2;7;13;69m▀[38;2;4;19;76;48;2;5;13;71m▀[38;2;5;16;75;48;2;4;17;81m▀[38;2;0;27;104;48;2;0;22;90m▀[38;2;0;29;101;48;2;0;18;84m▀[38;2;0;40;121;48;2;0;20;82m▀[38;2;0;44;115;48;2;0;31;100m▀[38;2;0;46;107;48;2;0;48;127m▀[38;2;0;43;108;48;2;0;60;143m▀[38;2;0;60;142;48;2;0;62;147m▀[38;2;0;70;160;48;2;0;51;126m▀[38;2;0;68;155;48;2;10;33;87m▀[38;2;2;28;92;48;2;0;28;99m▀[38;2;14;14;64;48;2;1;35;82m▀[38;2;15;24;60;48;2;5;27;69m▀[38;2;0;57;98;48;2;7;19;68m▀[38;2;9;37;87;48;2;21;8;48m▀[38;2;19;31;79;48;2;21;21;45m▀[38;2;21;31;73;48;2;22;19;38m▀[38;2;22;17;51;48;2;25;0;15m▀[38;2;25;11;42;48;2;24;2;16m▀[38;2;29;6;39;48;2;25;0;15m▀[38;2;27;2;25;48;2;25;0;15m▀[38;2;27;2;22;48;2;25;0;11m▀[38;2;27;2;22;48;2;23;0;8m▀[38;2;21;0;15;48;2;23;0;11m▀[38;2;26;0;11;48;2;23;0;11m▀[38;2;26;0;8;48;2;23;0;11m▀[38;2;23;0;11;48;2;22;0;8m▀[38;2;23;0;11;48;2;25;0;11m▀[38;2;25;0;11;48;2;22;3;10m▀[38;2;23;0;11;48;2;25;0;11m▀[38;2;22;0;11;48;2;22;0;11m▀▀[38;2;20;0;11;48;2;20;0;11m▀[38;2;14;42;84;48;2;4;77;157m▀[38;2;6;91;174;48;2;6;41;80m▀[38;2;4;63;124;48;2;7;16;46m▀[38;2;0;168;189;48;2;7;39;69m▀[38;2;0;127;144;48;2;9;29;55m▀[38;2;0;137;160;48;2;9;41;59m▀[38;2;0;145;180;48;2;12;61;73m▀[38;2;0;126;164;48;2;9;63;67m▀[38;2;8;80;149;48;2;19;11;31m▀[38;2;19;30;54;48;2;11;60;125m▀[38;2;21;0;7;48;2;21;0;7m▀[38;2;21;0;7;48;2;20;0;7m▀[38;2;21;0;4;48;2;23;0;3m▀[38;2;23;0;3;48;2;21;0;4m▀[38;2;22;0;7;48;2;20;3;3m▀[38;2;22;0;7;48;2;19;3;3m▀[38;2;22;0;7;48;2;21;3;3m▀[0m
[38;2;0;27;68;48;2;9;14;58m▀[38;2;15;10;46;48;2;13;16;57m▀[38;2;18;5;34;48;2;9;26;69m▀[38;2;16;8;30;48;2;5;47;102m▀[38;2;18;5;35;48;2;1;69;133m▀[38;2;16;11;54;48;2;0;89;162m▀[38;2;4;17;78;48;2;0;102;183m▀[38;2;2;26;90;48;2;0;104;193m▀[38;2;0;52;120;48;2;0;89;175m▀[38;2;0;70;143;48;2;0;80;165m▀[38;2;0;73;153;48;2;0;60;141m▀[38;2;0;65;146;48;2;0;40;114m▀[38;2;0;68;149;48;2;0;40;100m▀[38;2;0;75;160;48;2;0;47;90m▀[38;2;0;68;148;48;2;0;58;85m▀[38;2;2;44;99;48;2;0;60;106m▀[38;2;18;9;42;48;2;4;22;73m▀[38;2;8;13;58;48;2;0;36;104m▀[38;2;0;39;124;48;2;0;31;116m▀[38;2;0;65;118;48;2;0;56;106m▀[38;2;1;49;92;48;2;0;55;100m▀[38;2;0;68;110;48;2;0;53;95m▀[38;2;2;60;103;48;2;12;25;60m▀[38;2;14;34;64;48;2;20;9;38m▀[38;2;21;2;21;48;2;25;0;20m▀[38;2;25;0;17;48;2;22;0;15m▀[38;2;22;0;11;48;2;20;0;9m▀[38;2;22;0;11;48;2;20;0;11m▀[38;2;20;0;9;48;2;22;0;11m▀[38;2;22;0;11;48;2;22;0;15m▀[38;2;20;0;11;48;2;20;0;9m▀[38;2;17;0;9;48;2;22;0;11m▀[38;2;20;0;11;48;2;25;0;11m▀[38;2;20;0;9;48;2;18;7;31m▀[38;2;22;0;8;48;2;8;55;138m▀[38;2;22;3;10;48;2;7;42;128m▀[38;2;24;2;10;48;2;7;32;126m▀[38;2;24;2;14;48;2;7;33;128m▀[38;2;22;0;11;48;2;5;52;141m▀[38;2;22;0;11;48;2;0;54;149m▀[38;2;22;13;34;48;2;0;69;169m▀[38;2;1;74;161;48;2;6;50;123m▀[38;2;13;13;40;48;2;12;7;42m▀[38;2;0;70;100;48;2;14;7;41m▀[38;2;0;132;154;48;2;8;11;56m▀[38;2;3;108;126;48;2;8;11;57m▀[38;2;12;36;65;48;2;6;19;85m▀[38;2;14;0;4;48;2;3;21;101m▀[38;2;19;0;4;48;2;7;25;90m▀[38;2;19;0;10;48;2;4;28;107m▀[38;2;7;66;132;48;2;5;51;128m▀[38;2;19;2;13;48;2;6;67;147m▀[38;2;20;0;7;48;2;6;57;129m▀[38;2;22;0;3;48;2;12;45;107m▀[38;2;20;3;3;48;2;11;29;81m▀[38;2;17;3;3;48;2;16;25;66m▀[38;2;19;3;3;48;2;15;19;51m▀[38;2;19;3;3;48;2;19;12;32m▀[0m
[38;2;0;63;139;48;2;5;17;70m▀[38;2;0;67;143;48;2;0;28;91m▀[38;2;0;68;146;48;2;0;27;90m▀[38;2;0;65;140;48;2;0;25;89m▀[38;2;0;56;126;48;2;2;27;85m▀[38;2;0;44;114;48;2;2;28;81m▀[38;2;0;33;105;48;2;6;15;60m▀[38;2;0;36;107;48;2;12;12;46m▀[38;2;0;33;103;48;2;21;5;22m▀[38;2;5;24;85;48;2;23;0;13m▀[38;2;10;17;55;48;2;22;2;18m▀[38;2;14;3;22;48;2;20;11;33m▀[38;2;18;2;24;48;2;14;22;50m▀[38;2;14;8;34;48;2;8;37;66m▀[38;2;7;17;53;48;2;5;47;78m▀[38;2;3;24;65;48;2;3;57;84m▀[38;2;5;16;69;48;2;5;26;68m▀[38;2;0;32;101;48;2;0;32;91m▀[38;2;0;33;116;48;2;0;32;114m▀[38;2;11;13;44;48;2;9;27;51m▀[38;2;11;16;53;48;2;1;33;73m▀[38;2;9;24;69;48;2;2;31;76m▀[38;2;16;25;60;48;2;20;9;34m▀[38;2;24;13;39;48;2;19;2;23m▀[38;2;22;0;16;48;2;22;0;16m▀[38;2;20;0;9;48;2;20;0;9m▀[38;2;20;0;9;48;2;20;0;11m▀[38;2;20;0;11;48;2;22;0;11m▀[38;2;22;0;11;48;2;24;0;11m▀[38;2;22;0;14;48;2;24;0;16m▀[38;2;20;0;9;48;2;22;0;11m▀[38;2;20;0;11;48;2;24;0;11m▀[38;2;22;0;11;48;2;24;0;11m▀[38;2;5;54;151;48;2;5;37;140m▀[38;2;0;69;207;48;2;0;64;216m▀[38;2;0;75;219;48;2;0;68;232m▀[38;2;0;92;230;48;2;0;88;233m▀[38;2;0;95;225;48;2;0;91;232m▀[38;2;0;94;223;48;2;0;105;231m▀[38;2;0;88;218;48;2;0;101;230m▀[38;2;0;93;218;48;2;0;101;229m▀[38;2;0;81;204;48;2;0;99;228m▀[38;2;0;68;189;48;2;0;72;227m▀[38;2;0;62;174;48;2;0;61;226m▀[38;2;0;61;165;48;2;0;65;224m▀[38;2;0;57;158;48;2;0;54;211m▀[38;2;0;45;152;48;2;0;47;201m▀[38;2;0;38;141;48;2;0;32;171m▀[38;2;0;46;150;48;2;0;30;162m▀[38;2;0;41;150;48;2;0;32;162m▀[38;2;0;46;152;48;2;0;29;163m▀[38;2;0;56;168;48;2;0;36;172m▀[38;2;0;46;156;48;2;0;33;169m▀[38;2;0;43;151;48;2;0;33;162m▀[38;2;1;35;141;48;2;0;35;164m▀[38;2;0;39;146;48;2;0;47;183m▀[38;2;0;40;148;48;2;0;40;164m▀[38;2;0;43;147;48;2;0;45;167m▀[0m
[38;2;16;3;13;48;2;13;0;7m▀[38;2;16;2;17;48;2;12;0;7m▀[38;2;16;3;16;48;2;13;0;9m▀[38;2;17;0;9;48;2;17;5;30m▀[38;2;18;2;18;48;2;20;2;22m▀[38;2;21;2;26;48;2;20;2;24m▀[38;2;14;0;9;48;2;17;0;12m▀[38;2;18;0;9;48;2;17;0;8m▀[38;2;20;0;10;48;2;14;0;8m▀[38;2;15;0;10;48;2;18;0;9m▀[38;2;20;0;13;48;2;21;2;23m▀[38;2;20;7;30;48;2;18;10;32m▀[38;2;11;23;53;48;2;17;2;26m▀[38;2;2;42;79;48;2;17;8;32m▀[38;2;0;54;86;48;2;9;20;61m▀[38;2;0;59;90;48;2;0;51;86m▀[38;2;8;25;61;48;2;11;13;47m▀[38;2;0;32;93;48;2;4;21;70m▀[38;2;0;34;114;48;2;0;26;96m▀[38;2;12;33;70;48;2;0;76;113m▀[38;2;9;17;65;48;2;0;53;104m▀[38;2;11;21;70;48;2;3;35;91m▀[38;2;26;8;43;48;2;19;6;37m▀[38;2;19;2;29;48;2;23;2;34m▀[38;2;20;2;20;48;2;19;0;16m▀[38;2;20;0;10;48;2;21;0;10m▀[38;2;21;0;14;48;2;24;0;14m▀[38;2;24;0;10;48;2;21;0;10m▀[38;2;24;0;10;48;2;24;0;10m▀[38;2;26;0;21;48;2;24;0;16m▀[38;2;26;0;20;48;2;20;2;20m▀[38;2;24;0;14;48;2;24;0;16m▀[38;2;26;0;13;48;2;25;0;16m▀[38;2;9;34;127;48;2;18;11;44m▀[38;2;0;67;216;48;2;0;53;179m▀[38;2;0;67;229;48;2;0;65;216m▀[38;2;0;78;229;48;2;0;73;226m▀[38;2;0;90;229;48;2;0;85;225m▀[38;2;0;107;228;48;2;0;97;225m▀[38;2;0;104;227;48;2;0;100;224m▀[38;2;0;98;226;48;2;0;96;223m▀[38;2;0;90;225;48;2;0;88;222m▀[38;2;0;65;224;48;2;0;77;220m▀[38;2;0;63;223;48;2;0;63;219m▀[38;2;0;55;219;48;2;0;61;214m▀[38;2;0;51;208;48;2;0;54;204m▀[38;2;0;44;194;48;2;0;39;184m▀[38;2;0;32;171;48;2;0;29;163m▀[38;2;0;23;152;48;2;0;29;162m▀[38;2;0;29;162;48;2;0;23;146m▀[38;2;0;39;178;48;2;0;31;160m▀[38;2;0;38;175;48;2;0;29;159m▀[38;2;0;37;170;48;2;0;35;161m▀[38;2;0;39;164;48;2;0;37;157m▀[38;2;0;46;170;48;2;0;39;157m▀[38;2;0;40;163;48;2;0;36;152m▀[38;2;0;36;162;48;2;0;37;157m▀[38;2;0;47;168;48;2;0;42;158m▀[0m
[38;2;11;0;7;48;2;12;0;7m▀[38;2;9;0;7;48;2;15;2;12m▀[38;2;17;2;21;48;2;16;5;28m▀[38;2;19;5;34;48;2;16;5;29m▀[38;2;20;2;21;48;2;15;2;19m▀[38;2;20;2;18;48;2;17;2;16m▀[38;2;19;0;19;48;2;17;0;12m▀[38;2;17;0;8;48;2;17;0;9m▀▀[38;2;17;0;13;48;2;19;0;12m▀[38;2;17;2;18;48;2;16;2;22m▀[38;2;19;12;41;48;2;18;2;18m▀[38;2;13;21;52;48;2;17;2;25m▀[38;2;10;22;56;48;2;14;3;25m▀[38;2;4;28;66;48;2;16;8;34m▀[38;2;4;28;65;48;2;16;15;49m▀[38;2;17;5;38;48;2;18;5;30m▀[38;2;5;40;100;48;2;10;24;77m▀[38;2;0;62;147;48;2;1;31;107m▀[38;2;5;15;70;48;2;12;12;63m▀[38;2;4;17;74;48;2;10;12;65m▀[38;2;13;13;67;48;2;10;12;79m▀[38;2;19;6;42;48;2;18;7;56m▀[38;2;21;6;42;48;2;20;7;49m▀[38;2;19;0;10;48;2;19;0;8m▀[38;2;21;0;10;48;2;19;0;8m▀[38;2;23;0;14;48;2;19;0;10m▀[38;2;25;0;13;48;2;23;0;13m▀[38;2;23;0;14;48;2;25;0;15m▀[38;2;23;0;10;48;2;24;2;14m▀[38;2;22;2;18;48;2;22;2;14m▀[38;2;22;2;20;48;2;20;0;13m▀[38;2;20;2;22;48;2;22;2;22m▀[38;2;22;2;22;48;2;22;2;22m▀[38;2;6;47;136;48;2;8;46;125m▀[38;2;8;21;101;48;2;0;49;150m▀[38;2;13;25;95;48;2;21;2;48m▀[38;2;6;47;135;48;2;18;5;53m▀[38;2;0;65;167;48;2;8;8;64m▀[38;2;0;77;196;48;2;5;5;67m▀[38;2;0;78;217;48;2;5;5;68m▀[38;2;0;74;218;48;2;5;8;68m▀[38;2;0;79;217;48;2;10;21;93m▀[38;2;0;60;216;48;2;3;27;114m▀[38;2;0;60;213;48;2;1;37;130m▀[38;2;0;55;202;48;2;0;38;142m▀[38;2;0;39;180;48;2;0;29;143m▀[38;2;0;33;166;48;2;0;37;157m▀[38;2;0;26;154;48;2;0;32;156m▀[38;2;0;21;135;48;2;0;24;135m▀[38;2;0;24;141;48;2;0;21;119m▀[38;2;0;27;145;48;2;0;24;113m▀[38;2;0;29;147;48;2;2;21;98m▀[38;2;0;27;142;48;2;6;11;70m▀[38;2;0;27;141;48;2;15;5;41m▀[38;2;0;29;135;48;2;20;2;12m▀[38;2;7;26;112;48;2;24;2;12m▀[38;2;16;14;55;48;2;23;2;10m▀[0m
