[38;2;24;30;22;48;2;36;44;39m▀[38;2;67;88;68;48;2;79;101;86m▀[38;2;38;61;22;48;2;56;80;53m▀[38;2;64;88;30;48;2;50;79;23m▀[38;2;28;38;14;48;2;27;33;12m▀[38;2;9;1;1;48;2;11;2;2m▀▀[38;2;12;8;5;48;2;21;23;15m▀[38;2;32;34;25;48;2;46;69;28m▀[38;2;27;22;16;48;2;38;58;26m▀[38;2;15;12;6;48;2;31;51;20m▀[38;2;13;3;3;48;2;14;12;7m▀[38;2;13;0;3;48;2;11;1;1m▀[38;2;14;1;3;48;2;11;1;1m▀[38;2;15;1;3;48;2;20;23;13m▀[38;2;15;0;1;48;2;19;21;12m▀[38;2;15;1;3;48;2;20;19;11m▀[38;2;14;0;1;48;2;16;9;6m▀[38;2;13;0;1;48;2;17;0;3m▀[38;2;11;0;1;48;2;17;0;3m▀[38;2;11;0;1;48;2;18;0;3m▀[38;2;10;0;1;48;2;18;1;3m▀[38;2;10;0;1;48;2;19;0;3m▀[38;2;10;1;1;48;2;17;0;3m▀[38;2;10;0;1;48;2;16;0;3m▀[38;2;11;0;4;48;2;16;1;3m▀[38;2;11;0;1;48;2;15;0;3m▀[38;2;11;1;1;48;2;13;1;1m▀[38;2;11;1;3;48;2;13;1;3m▀[38;2;11;0;1;48;2;14;0;1m▀[38;2;14;0;4;48;2;14;0;1m▀[38;2;11;1;3;48;2;14;0;4m▀[38;2;11;0;1;48;2;15;0;3m▀[38;2;17;1;3;48;2;15;1;3m▀[38;2;19;3;4;48;2;11;1;3m▀[38;2;26;3;5;48;2;11;0;1m▀[38;2;32;4;9;48;2;14;0;1m▀[38;2;37;3;9;48;2;11;1;1m▀[38;2;35;3;8;48;2;11;0;1m▀[38;2;29;4;8;48;2;11;0;1m▀[38;2;29;3;6;48;2;14;1;1m▀[38;2;22;3;5;48;2;18;1;4m▀[38;2;12;3;3;48;2;26;2;5m▀[38;2;6;1;0;48;2;31;3;6m▀[38;2;3;1;1;48;2;28;3;6m▀[38;2;11;9;9;48;2;27;8;9m▀[38;2;27;26;23;48;2;29;3;7m▀[38;2;32;8;11;48;2;28;2;6m▀[38;2;41;4;11;48;2;21;6;7m▀[38;2;44;7;11;48;2;16;3;5m▀[38;2;42;6;9;48;2;10;3;3m▀[38;2;9;5;5;48;2;6;3;3m▀[38;2;56;8;13;48;2;24;5;5m▀[38;2;64;6;17;48;2;40;4;10m▀[38;2;66;14;20;48;2;45;4;10m▀[38;2;70;27;29;48;2;48;8;11m▀[38;2;62;28;29;48;2;60;6;12m▀[38;2;50;26;26;48;2;60;6;12m▀[0m
[38;2;37;49;39;48;2;60;80;63m▀[38;2;84;105;88;48;2;61;83;58m▀[38;2;72;94;74;48;2;44;71;36m▀[38;2;31;53;24;48;2;43;65;37m▀[38;2;13;17;9;48;2;37;54;24m▀[38;2;10;3;3;48;2;26;37;19m▀[38;2;10;3;3;48;2;26;30;17m▀[38;2;19;25;16;48;2;29;39;23m▀[38;2;28;51;17;48;2;27;45;16m▀[38;2;32;51;24;48;2;28;45;17m▀[38;2;28;44;20;48;2;35;58;24m▀[38;2;15;12;9;48;2;16;9;6m▀[38;2;11;3;3;48;2;17;3;4m▀[38;2;13;3;4;48;2;19;4;5m▀[38;2;34;45;28;48;2;30;43;22m▀[38;2;34;49;26;48;2;27;46;18m▀[38;2;28;46;17;48;2;29;39;19m▀[38;2;21;27;14;48;2;17;18;11m▀[38;2;11;3;3;48;2;15;3;4m▀[38;2;15;1;3;48;2;13;3;4m▀[38;2;16;13;8;48;2;21;23;16m▀[38;2;22;26;15;48;2;26;38;17m▀[38;2;16;21;8;48;2;26;46;17m▀[38;2;17;12;9;48;2;26;31;16m▀[38;2;18;1;4;48;2;14;1;3m▀[38;2;18;1;3;48;2;14;3;4m▀[38;2;18;3;3;48;2;41;55;31m▀[38;2;20;3;3;48;2;47;69;36m▀[38;2;20;1;6;48;2;60;75;44m▀[38;2;20;1;3;48;2;15;4;4m▀[38;2;20;1;4;48;2;15;3;4m▀[38;2;20;0;4;48;2;17;8;8m▀[38;2;20;1;4;48;2;31;31;16m▀[38;2;19;1;3;48;2;26;15;13m▀[38;2;16;1;3;48;2;21;6;7m▀[38;2;15;1;3;48;2;20;1;4m▀[38;2;13;1;3;48;2;20;1;4m▀[38;2;13;1;3;48;2;20;1;6m▀[38;2;11;1;1;48;2;19;1;4m▀[38;2;11;0;1;48;2;18;1;4m▀[38;2;11;0;1;48;2;15;1;3m▀[38;2;11;0;1;48;2;13;1;3m▀[38;2;11;0;1;48;2;15;1;3m▀[38;2;13;1;3;48;2;15;0;3m▀[38;2;13;0;1;48;2;13;1;3m▀[38;2;13;0;1;48;2;11;1;3m▀[38;2;15;0;1;48;2;13;1;3m▀[38;2;16;1;3;48;2;11;1;1m▀[38;2;23;0;5;48;2;11;0;1m▀[38;2;28;2;6;48;2;11;0;1m▀[38;2;22;5;6;48;2;8;3;3m▀[38;2;9;3;3;48;2;6;3;3m▀[38;2;35;2;8;48;2;12;1;3m▀[38;2;30;4;8;48;2;15;1;3m▀[38;2;21;5;7;48;2;20;2;3m▀[38;2;14;3;3;48;2;26;2;5m▀[38;2;12;1;1;48;2;31;5;8m▀[38;2;15;3;5;48;2;30;4;7m▀[0m
[38;2;48;72;45;48;2;76;94;82m▀[38;2;54;75;49;48;2;71;89;74m▀[38;2;55;74;47;48;2;62;81;57m▀[38;2;56;81;46;48;2;64;91;62m▀[38;2;42;69;33;48;2;47;75;37m▀[38;2;45;75;30;48;2;44;76;33m▀[38;2;58;75;38;48;2;42;65;27m▀[38;2;38;62;24;48;2;43;63;33m▀[38;2;34;55;20;48;2;42;73;27m▀[38;2;40;59;26;48;2;44;68;33m▀[38;2;37;57;27;48;2;53;77;38m▀[38;2;25;36;20;48;2;30;42;21m▀[38;2;21;30;16;48;2;25;38;15m▀[38;2;28;34;17;48;2;30;49;18m▀[38;2;29;40;22;48;2;34;53;23m▀[38;2;37;50;27;48;2;26;46;22m▀[38;2;32;50;21;48;2;37;62;29m▀[38;2;27;31;18;48;2;26;39;21m▀[38;2;14;3;4;48;2;26;33;16m▀[38;2;12;4;4;48;2;25;31;16m▀[38;2;31;35;24;48;2;26;36;20m▀[38;2;22;31;16;48;2;38;56;21m▀[38;2;35;57;20;48;2;32;54;21m▀[38;2;28;32;17;48;2;29;43;15m▀[38;2;16;3;4;48;2;26;22;15m▀[38;2;16;4;4;48;2;24;20;12m▀[38;2;42;62;30;48;2;57;80;43m▀[38;2;45;73;29;48;2;56;86;41m▀[38;2;41;64;31;48;2;53;80;42m▀[38;2;19;4;6;48;2;18;6;6m▀[38;2;19;3;4;48;2;16;4;6m▀[38;2;37;39;29;48;2;36;42;31m▀[38;2;51;76;38;48;2;50;76;44m▀[38;2;69;88;46;48;2;63;98;52m▀[38;2;28;31;17;48;2;33;29;19m▀[38;2;15;3;4;48;2;19;3;6m▀[38;2;17;12;10;48;2;27;28;19m▀[38;2;32;35;24;48;2;51;73;38m▀[38;2;29;36;21;48;2;50;74;43m▀[38;2;17;8;7;48;2;18;13;10m▀[38;2;15;1;5;48;2;16;1;4m▀[38;2;14;4;6;48;2;19;19;15m▀[38;2;18;6;6;48;2;19;31;19m▀[38;2;18;3;4;48;2;21;32;23m▀[38;2;19;1;4;48;2;14;3;4m▀[38;2;19;1;4;48;2;16;1;3m▀[38;2;18;1;3;48;2;16;18;11m▀[38;2;17;1;3;48;2;19;21;11m▀[38;2;17;1;4;48;2;16;6;6m▀[38;2;17;0;3;48;2;14;1;3m▀[38;2;12;5;5;48;2;13;6;6m▀[38;2;7;3;3;48;2;9;5;4m▀[38;2;14;1;1;48;2;19;1;3m▀[38;2;13;1;3;48;2;18;0;3m▀[38;2;12;1;3;48;2;16;1;3m▀[38;2;11;1;2;48;2;14;1;3m▀[38;2;10;1;1;48;2;13;1;2m▀[38;2;11;1;2;48;2;11;1;1m▀[0m
[38;2;51;76;50;48;2;38;62;21m▀[38;2;79;96;81;48;2;41;64;20m▀[38;2;72;89;76;48;2;93;106;79m▀[38;2;68;87;68;48;2;61;83;57m▀[38;2;40;63;35;48;2;38;62;28m▀[38;2;41;64;34;48;2;36;63;28m▀[38;2;42;63;28;48;2;40;61;28m▀[38;2;52;77;40;48;2;44;67;41m▀[38;2;54;84;41;48;2;39;59;39m▀[38;2;38;50;30;48;2;36;56;29m▀[38;2;64;75;59;48;2;71;84;74m▀[38;2;36;52;30;48;2;54;69;54m▀[38;2;28;48;23;48;2;30;44;26m▀[38;2;36;57;28;48;2;37;50;23m▀[38;2;45;74;27;48;2;40;59;28m▀[38;2;44;79;26;48;2;27;41;18m▀[38;2;46;66;37;48;2;33;52;22m▀[38;2;31;50;25;48;2;40;61;28m▀[38;2;36;56;24;48;2;41;65;24m▀[38;2;28;40;21;48;2;32;50;24m▀[38;2;32;44;25;48;2;35;44;25m▀[38;2;32;45;22;48;2;27;38;21m▀[38;2;33;54;22;48;2;38;58;24m▀[38;2;38;67;23;48;2;37;58;25m▀[38;2;62;91;40;48;2;38;52;26m▀[38;2;98;133;70;48;2;43;62;36m▀[38;2;65;97;45;48;2;76;101;51m▀[38;2;75;101;49;48;2;69;94;45m▀[38;2;76;96;50;48;2;65;86;49m▀[38;2;47;58;38;48;2;47;62;39m▀[38;2;33;40;25;48;2;30;46;27m▀[38;2;43;57;38;48;2;45;71;38m▀[38;2;41;68;38;48;2;50;78;44m▀[38;2;52;80;45;48;2;48;74;42m▀[38;2;34;33;23;48;2;54;79;44m▀[38;2;19;7;7;48;2;40;68;35m▀[38;2;29;32;21;48;2;43;65;37m▀[38;2;54;88;37;48;2;39;65;36m▀[38;2;40;60;36;48;2;43;59;39m▀[38;2;24;9;13;48;2;19;19;16m▀[38;2;19;3;4;48;2;22;21;16m▀[38;2;25;25;20;48;2;26;33;21m▀[38;2;24;35;20;48;2;30;43;22m▀[38;2;23;35;23;48;2;29;46;26m▀[38;2;19;3;4;48;2;17;9;8m▀[38;2;16;1;4;48;2;11;6;3m▀[38;2;29;44;21;48;2;23;38;25m▀[38;2;39;59;24;48;2;26;39;19m▀[38;2;27;26;16;48;2;21;16;12m▀[38;2;23;13;13;48;2;15;4;4m▀[38;2;22;22;19;48;2;21;24;15m▀[38;2;8;9;8;48;2;8;10;6m▀[38;2;29;25;19;48;2;20;20;13m▀[38;2;16;1;3;48;2;17;3;4m▀[38;2;21;14;11;48;2;30;32;19m▀[38;2;23;16;13;48;2;39;55;26m▀[38;2;17;7;7;48;2;20;24;12m▀[38;2;17;2;3;48;2;13;3;3m▀[0m
[38;2;39;58;26;48;2;32;49;18m▀[38;2;62;78;46;48;2;41;57;24m▀[38;2;168;165;150;48;2;113;108;84m▀[38;2;132;132;115;48;2;76;86;56m▀[38;2;36;59;27;48;2;39;59;26m▀[38;2;33;50;25;48;2;37;59;26m▀[38;2;36;59;26;48;2;38;61;29m▀[38;2;39;60;27;48;2;37;55;27m▀[38;2;36;51;30;48;2;37;50;29m▀[38;2;26;42;23;48;2;36;47;24m▀[38;2;41;51;35;48;2;47;59;31m▀[38;2;75;94;63;48;2;45;67;31m▀[38;2;88;99;88;48;2;37;59;29m▀[38;2;45;58;35;48;2;39;61;26m▀[38;2;32;50;25;48;2;41;75;28m▀[38;2;33;52;28;48;2;32;58;29m▀[38;2;27;40;21;48;2;25;37;22m▀[38;2;24;41;19;48;2;27;51;24m▀[38;2;33;52;25;48;2;26;43;26m▀[38;2;29;50;26;48;2;25;37;20m▀[38;2;27;43;26;48;2;21;35;19m▀[38;2;47;67;31;48;2;28;42;22m▀[38;2;46;78;34;48;2;42;72;29m▀[38;2;42;68;32;48;2;37;66;27m▀[38;2;38;59;28;48;2;40;66;31m▀[38;2;32;53;29;48;2;48;75;40m▀[38;2;68;91;45;48;2;46;68;36m▀[38;2;52;58;30;48;2;48;67;33m▀[38;2;48;74;39;48;2;58;85;38m▀[38;2;47;74;38;48;2;49;71;40m▀[38;2;36;51;32;48;2;38;60;32m▀[38;2;62;92;56;48;2;50;79;45m▀[38;2;42;70;40;48;2;50;78;44m▀[38;2;61;83;49;48;2;94;124;69m▀[38;2;50;77;42;48;2;54;69;39m▀[38;2;51;80;41;48;2;35;56;34m▀[38;2;46;76;35;48;2;26;43;22m▀[38;2;44;71;37;48;2;38;57;37m▀[38;2;50;72;39;48;2;39;57;37m▀[38;2;19;24;19;48;2;27;33;25m▀[38;2;23;26;17;48;2;37;40;24m▀[38;2;26;39;25;48;2;35;51;29m▀[38;2;30;44;25;48;2;34;57;31m▀[38;2;37;48;30;48;2;42;69;34m▀[38;2;36;55;31;48;2;44;63;34m▀[38;2;26;45;24;48;2;26;39;24m▀[38;2;29;43;24;48;2;24;34;22m▀[38;2;28;46;20;48;2;32;48;27m▀[38;2;28;38;23;48;2;38;54;28m▀[38;2;20;25;15;48;2;33;51;25m▀[38;2;36;41;28;48;2;31;42;22m▀[38;2;20;26;18;48;2;25;41;23m▀[38;2;27;27;18;48;2;61;83;44m▀[38;2;22;5;8;48;2;59;82;49m▀[38;2;38;47;22;48;2;40;64;26m▀[38;2;35;59;23;48;2;29;48;21m▀[38;2;28;29;17;48;2;35;47;22m▀[38;2;18;3;3;48;2;19;24;14m▀[0m
[38;2;73;73;53;48;2;102;77;56m▀[38;2;99;90;70;48;2;118;88;66m▀[38;2;159;157;143;48;2;149;125;103m▀[38;2;131;133;115;48;2;149;124;104m▀[38;2;84;94;67;48;2;145;124;103m▀[38;2;57;71;44;48;2;103;97;73m▀[38;2;38;49;24;48;2;46;58;40m▀[38;2;37;58;28;48;2;36;50;35m▀[38;2;36;55;31;48;2;37;51;28m▀[38;2;40;56;28;48;2;38;59;28m▀[38;2;33;53;25;48;2;38;57;27m▀[38;2;40;50;31;48;2;33;52;28m▀[38;2;38;62;30;48;2;41;67;33m▀[38;2;38;61;33;48;2;39;62;32m▀[38;2;40;66;31;48;2;39;59;32m▀[38;2;58;78;63;48;2;90;105;105m▀[38;2;32;55;30;48;2;55;68;62m▀[38;2;34;58;31;48;2;28;43;26m▀[38;2;50;66;58;48;2;91;107;108m▀[38;2;22;38;22;48;2;34;45;40m▀[38;2;17;33;20;48;2;23;39;26m▀[38;2;31;54;27;48;2;22;43;22m▀[38;2;40;67;32;48;2;22;38;22m▀[38;2;48;72;33;48;2;31;55;27m▀[38;2;43;73;33;48;2;49;73;39m▀[38;2;51;79;39;48;2;37;64;35m▀[38;2;54;92;40;48;2;37;65;30m▀[38;2;47;76;32;48;2;46;72;36m▀[38;2;57;88;43;48;2;62;86;44m▀[38;2;47;75;44;48;2;74;112;60m▀[38;2;55;80;41;48;2;72;109;60m▀[38;2;54;84;44;48;2;61;95;54m▀[38;2;87;127;57;48;2;66;96;55m▀[38;2;112;148;69;48;2;108;133;85m▀[38;2;66;93;48;48;2;48;72;40m▀[38;2;36;60;33;48;2;39;74;32m▀[38;2;34;59;36;48;2;50;89;44m▀[38;2;48;76;46;48;2;43;73;38m▀[38;2;41;62;37;48;2;47;65;41m▀[38;2;39;47;34;48;2;45;55;39m▀[38;2;33;33;22;48;2;34;41;29m▀[38;2;28;49;28;48;2;21;34;23m▀[38;2;32;53;30;48;2;38;63;34m▀[38;2;42;72;36;48;2;36;62;31m▀[38;2;42;72;36;48;2;39;66;37m▀[38;2;32;44;30;48;2;28;41;28m▀[38;2;20;29;20;48;2;17;27;21m▀[38;2;30;34;28;48;2;24;36;25m▀[38;2;29;47;23;48;2;24;36;25m▀[38;2;40;65;33;48;2;21;31;20m▀[38;2;25;35;23;48;2;21;29;21m▀[38;2;28;44;24;48;2;29;45;26m▀[38;2;45;65;31;48;2;42;70;27m▀[38;2;47;81;36;48;2;47;85;39m▀[38;2;42;67;28;48;2;44;78;34m▀[38;2;38;67;26;48;2;47;80;33m▀[38;2;34;59;26;48;2;27;48;20m▀[38;2;27;46;22;48;2;19;37;21m▀[0m
[38;2;132;95;76;48;2;135;101;80m▀[38;2;152;105;85;48;2;156;111;91m▀[38;2;186;143;124;48;2;190;152;135m▀[38;2;185;144;124;48;2;184;143;123m▀[38;2;168;128;110;48;2;172;133;113m▀[38;2;128;106;84;48;2;131;105;85m▀[38;2;86;85;71;48;2;76;73;63m▀[38;2;64;68;58;48;2;50;55;47m▀[38;2;47;61;45;48;2;53;70;64m▀[38;2;38;56;37;48;2;55;82;74m▀[38;2;41;61;35;48;2;56;87;77m▀[38;2;42;70;38;48;2;51;81;75m▀[38;2;48;75;41;48;2;48;75;70m▀[38;2;40;68;32;48;2;46;76;61m▀[38;2;39;68;30;48;2;54;89;58m▀[38;2;119;131;115;48;2;62;99;79m▀[38;2;52;63;56;48;2;70;102;93m▀[38;2;51;64;57;48;2;89;118;121m▀[38;2;137;139;133;48;2;68;88;77m▀[38;2;42;52;43;48;2;130;148;145m▀[38;2;22;35;24;48;2;87;101;92m▀[38;2;26;47;26;48;2;32;59;31m▀[38;2;32;54;27;48;2;36;65;30m▀[38;2;27;38;24;48;2;32;53;32m▀[38;2;27;41;23;48;2;41;67;34m▀[38;2;28;54;25;48;2;64;83;64m▀[38;2;41;70;33;48;2;45;76;34m▀[38;2;51;81;38;48;2;49;81;35m▀[38;2;43;73;33;48;2;72;103;67m▀[38;2;49;77;42;48;2;65;101;50m▀[38;2;68;105;57;48;2;63;98;51m▀[38;2;63;95;58;48;2;52;75;55m▀[38;2;48;74;48;48;2;64;100;51m▀[38;2;79;93;61;48;2;60;91;45m▀[38;2;43;71;32;48;2;40;71;28m▀[38;2;48;78;36;48;2;58;98;41m▀[38;2;52;92;34;48;2;67;104;41m▀[38;2;49;89;34;48;2;62;103;44m▀[38;2;60;99;38;48;2;57;89;38m▀[38;2;63;103;39;48;2;74;115;40m▀[38;2;47;67;36;48;2;64;95;33m▀[38;2;29;38;26;48;2;37;49;30m▀[38;2;32;44;27;48;2;50;50;30m▀[38;2;43;68;39;48;2;46;53;33m▀[38;2;35;57;32;48;2;35;43;28m▀[38;2;33;48;25;48;2;36;41;24m▀[38;2;23;28;20;48;2;35;42;25m▀[38;2;38;44;31;48;2;38;42;27m▀[38;2;20;28;22;48;2;34;39;30m▀[38;2;15;25;22;48;2;27;35;31m▀[38;2;21;26;17;48;2;19;27;19m▀[38;2;27;41;24;48;2;33;47;29m▀[38;2;39;66;29;48;2;33;55;27m▀[38;2;31;54;28;48;2;37;65;28m▀[38;2;31;57;25;48;2;33;58;26m▀[38;2;42;72;30;48;2;37;66;29m▀[38;2;18;32;15;48;2;27;47;24m▀[38;2;12;29;14;48;2;28;57;25m▀[0m
[38;2;143;109;89;48;2;130;93;72m▀[38;2;161;114;89;48;2;157;109;86m▀[38;2;191;149;129;48;2;190;148;128m▀[38;2;188;146;131;48;2;192;150;136m▀[38;2;175;134;112;48;2;169;131;110m▀[38;2;138;111;92;48;2;116;97;76m▀[38;2;72;64;56;48;2;61;59;50m▀[38;2;46;51;40;48;2;46;49;43m▀[38;2;53;72;65;48;2;48;66;64m▀[38;2;59;84;83;48;2;62;91;67m▀[38;2;56;84;75;48;2;59;102;64m▀[38;2;53;80;76;48;2;56;97;72m▀[38;2;60;96;78;48;2;57;98;75m▀[38;2;49;95;81;48;2;60;106;74m▀[38;2;47;86;76;48;2;57;103;74m▀[38;2;42;83;71;48;2;49;91;71m▀[38;2;58;99;78;48;2;52;93;77m▀[38;2;69;109;107;48;2;64;97;84m▀[38;2;68;99;66;48;2;86;101;75m▀[38;2;106;109;104;48;2;98;103;94m▀[38;2;84;97;92;48;2;60;66;62m▀[38;2;62;81;68;48;2;87;93;90m▀[38;2;67;89;74;48;2;109;114;114m▀[38;2;65;92;75;48;2;109;114;111m▀[38;2;77;91;78;48;2;95;103;104m▀[38;2;116;128;115;48;2;100;109;111m▀[38;2;107;125;107;48;2;132;135;135m▀[38;2;79;107;73;48;2;110;114;116m▀[38;2;76;106;75;48;2;106;116;111m▀[38;2;81;107;75;48;2;88;117;77m▀[38;2;89;109;94;48;2;80;105;70m▀[38;2;155;164;163;48;2;105;111;98m▀[38;2;52;77;43;48;2;71;113;47m▀[38;2;59;96;38;48;2;47;84;38m▀[38;2;67;104;53;48;2;77;117;47m▀[38;2;77;118;59;48;2;88;124;55m▀[38;2;52;85;39;48;2;48;77;36m▀[38;2;67;107;44;48;2;82;111;52m▀[38;2;87;125;61;48;2;103;146;62m▀[38;2;63;95;38;48;2;76;114;51m▀[38;2;72;97;55;48;2;69;98;70m▀[38;2;40;74;30;48;2;63;97;70m▀[38;2;57;77;38;48;2;68;90;62m▀[38;2;40;47;26;48;2;66;83;70m▀[38;2;43;50;27;48;2;68;90;69m▀[38;2;40;43;26;48;2;65;77;65m▀[38;2;42;45;35;48;2;67;76;67m▀[38;2;78;87;75;48;2;105;115;107m▀[38;2;50;57;45;48;2;76;92;81m▀[38;2;26;32;27;48;2;49;55;47m▀[38;2;23;29;19;48;2;28;36;26m▀[38;2;38;52;31;48;2;46;56;49m▀[38;2;26;43;26;48;2;38;49;38m▀[38;2;39;62;36;48;2;46;60;42m▀[38;2;34;58;22;48;2;33;56;38m▀[38;2;31;51;26;48;2;34;56;37m▀[38;2;17;32;19;48;2;29;56;21m▀[38;2;23;48;19;48;2;28;55;23m▀[0m
[38;2;135;96;77;48;2;135;95;73m▀[38;2;158;111;88;48;2;160;115;90m▀[38;2;191;152;132;48;2;189;147;127m▀[38;2;190;146;130;48;2;192;149;132m▀[38;2;178;144;121;48;2;173;142;125m▀[38;2;139;118;96;48;2;141;121;98m▀[38;2;72;67;61;48;2;77;83;65m▀[38;2;52;58;48;48;2;67;96;75m▀[38;2;49;75;65;48;2;78;112;86m▀[38;2;62;101;60;48;2;72;108;83m▀[38;2;55;99;56;48;2;70;113;73m▀[38;2;62;102;61;48;2;58;100;77m▀[38;2;52;94;57;48;2;91;128;90m▀[38;2;67;112;56;48;2;94;132;71m▀[38;2;81;119;52;48;2;90;131;73m▀[38;2;79;111;58;48;2;86;127;65m▀[38;2;86;126;81;48;2;88;124;85m▀[38;2;89;135;87;48;2;82;119;82m▀[38;2;80;110;58;48;2;70;93;69m▀[38;2;69;80;69;48;2;62;74;61m▀[38;2;49;58;60;48;2;63;72;73m▀[38;2;81;91;91;48;2;90;104;93m▀[38;2;82;94;99;48;2;78;94;101m▀[38;2;95;108;114;48;2;45;54;57m▀[38;2;109;122;130;48;2;46;55;58m▀[38;2;120;132;138;48;2;47;57;62m▀[38;2;114;124;130;48;2;52;61;61m▀[38;2;143;149;151;48;2;57;66;67m▀[38;2;130;141;148;48;2;80;91;93m▀[38;2;118;135;132;48;2;93;116;74m▀[38;2;77;113;71;48;2;76;112;66m▀[38;2;93;109;81;48;2;87;126;70m▀[38;2;87;138;53;48;2;88;129;56m▀[38;2;73;113;42;48;2;72;118;44m▀[38;2;96;132;55;48;2;89;128;53m▀[38;2;99;136;62;48;2;89;124;42m▀[38;2;114;148;55;48;2;106;140;47m▀[38;2;124;149;63;48;2;112;137;59m▀[38;2;108;152;58;48;2;99;142;64m▀[38;2;88;128;45;48;2;93;140;60m▀[38;2;81;112;72;48;2;100;131;58m▀[38;2;85;109;68;48;2;110;131;52m▀[38;2;116;128;100;48;2;127;147;102m▀[38;2;89;90;74;48;2;106;111;92m▀[38;2;84;112;77;48;2;79;109;73m▀[38;2;74;79;62;48;2;98;106;73m▀[38;2;85;91;78;48;2;93;102;85m▀[38;2;110;120;110;48;2;115;133;125m▀[38;2;71;84;77;48;2;92;110;90m▀[38;2;67;91;46;48;2;118;145;72m▀[38;2;33;40;31;48;2;32;40;24m▀[38;2;63;83;74;48;2;99;104;79m▀[38;2;66;83;69;48;2;67;80;58m▀[38;2;57;79;58;48;2;65;86;48m▀[38;2;38;61;58;48;2;49;70;51m▀[38;2;38;66;62;48;2;46;70;57m▀[38;2;30;60;20;48;2;65;87;27m▀[38;2;42;69;32;48;2;52;77;17m▀[0m
[38;2;141;102;87;48;2;136;93;78m▀[38;2;159;113;91;48;2;158;116;95m▀[38;2;188;144;128;48;2;192;154;133m▀[38;2;195;153;131;48;2;193;152;134m▀[38;2;173;143;119;48;2;161;133;117m▀[38;2;140;120;99;48;2;134;117;96m▀[38;2;72;72;62;48;2;101;96;85m▀[38;2;67;99;82;48;2;89;103;87m▀[38;2;69;107;94;48;2;70;104;99m▀[38;2;73;112;94;48;2;72;113;102m▀[38;2;81;118;81;48;2;63;102;82m▀[38;2;70;116;89;48;2;67;101;89m▀[38;2;79;129;100;48;2;66;112;98m▀[38;2;87;134;83;48;2;103;126;111m▀[38;2;87;112;67;48;2;66;84;65m▀[38;2;83;118;78;48;2;80;112;78m▀[38;2;102;135;118;48;2;95;137;125m▀[38;2;89;129;118;48;2;89;137;120m▀[38;2;80;98;91;48;2;60;87;65m▀[38;2;65;82;74;48;2;54;68;63m▀[38;2;84;94;96;48;2;74;91;88m▀[38;2;104;114;112;48;2;89;101;91m▀[38;2;128;144;155;48;2;65;71;71m▀[38;2;67;79;85;48;2;78;82;80m▀[38;2;65;77;83;48;2;79;84;82m▀[38;2;67;80;85;48;2;78;84;85m▀[38;2;71;83;86;48;2;79;86;86m▀[38;2;62;75;79;48;2;88;98;100m▀[38;2;108;124;132;48;2;109;116;119m▀[38;2;95;133;114;48;2;115;124;126m▀[38;2;75;105;82;48;2;130;134;131m▀[38;2;78;113;97;48;2;105;125;112m▀[38;2;70;112;76;48;2;108;137;106m▀[38;2;96;133;77;48;2;104;132;95m▀[38;2;98;138;84;48;2;109;146;92m▀[38;2;101;139;78;48;2;124;165;128m▀[38;2;96;141;84;48;2;99;144;117m▀[38;2;97;147;81;48;2;84;123;85m▀[38;2;74;122;75;48;2;82;127;88m▀[38;2;93;142;76;48;2;85;135;101m▀[38;2;88;117;62;48;2;95;140;114m▀[38;2;96;120;49;48;2;100;125;82m▀[38;2;101;130;59;48;2;108;152;93m▀[38;2;103;127;71;48;2;103;127;99m▀[38;2;78;117;56;48;2;109;138;95m▀[38;2;122;146;78;48;2;116;143;104m▀[38;2;127;143;59;48;2;101;122;94m▀[38;2;127;145;84;48;2;97;111;93m▀[38;2;102;122;90;48;2;112;129;84m▀[38;2;140;148;125;48;2;127;133;121m▀[38;2;33;37;32;48;2;29;34;29m▀[38;2;127;133;103;48;2;113;125;120m▀[38;2;125;142;62;48;2;108;130;75m▀[38;2;107;119;59;48;2;101;133;93m▀[38;2;91;114;54;48;2;96;117;74m▀[38;2;91;114;65;48;2;90;122;74m▀[38;2;104;121;39;48;2;87;120;73m▀[38;2;76;97;30;48;2;70;96;66m▀[0m
[38;2;143;88;87;48;2;139;92;82m▀[38;2;158;116;99;48;2;156;111;95m▀[38;2;192;154;133;48;2;186;147;133m▀[38;2;192;151;129;48;2;189;148;135m▀[38;2;120;99;96;48;2;123;105;99m▀[38;2;100;92;81;48;2;63;60;58m▀[38;2;113;98;79;48;2;126;101;87m▀[38;2;126;109;87;48;2;135;112;98m▀[38;2;121;119;104;48;2;127;115;107m▀[38;2;152;130;108;48;2;165;129;113m▀[38;2;160;139;117;48;2;181;146;127m▀[38;2;162;145;120;48;2;190;154;135m▀[38;2;167;154;128;48;2;195;164;143m▀[38;2;200;196;187;48;2;196;179;169m▀[38;2;169;161;133;48;2;203;168;149m▀[38;2;173;170;144;48;2;201;167;149m▀[38;2;169;173;157;48;2;188;162;147m▀[38;2;135;153;147;48;2;169;174;178m▀[38;2;81;92;84;48;2;93;96;91m▀[38;2;82;88;79;48;2;96;90;80m▀[38;2;82;88;75;48;2;75;78;66m▀[38;2;76;86;79;48;2;88;91;86m▀[38;2;46;49;47;48;2;46;49;46m▀[38;2;45;47;44;48;2;43;47;47m▀[38;2;47;47;44;48;2;41;46;46m▀[38;2;42;44;39;48;2;34;40;42m▀[38;2;45;47;43;48;2;36;42;39m▀[38;2;58;60;57;48;2;43;47;45m▀[38;2;57;57;57;48;2;50;53;51m▀[38;2;68;66;65;48;2;147;136;130m▀[38;2;167;166;161;48;2;239;235;232m▀[38;2;113;142;131;48;2;197;175;158m▀[38;2;108;121;109;48;2;191;178;165m▀[38;2;122;140;120;48;2;203;185;160m▀[38;2;95;116;98;48;2;128;125;124m▀[38;2;164;155;150;48;2;136;139;142m▀[38;2;136;149;132;48;2;137;141;148m▀[38;2;97;129;98;48;2;189;178;159m▀[38;2;92;123;89;48;2;179;172;148m▀[38;2;86;114;92;48;2;183;182;172m▀[38;2;135;155;141;48;2;157;146;133m▀[38;2;145;151;134;48;2;116;105;96m▀[38;2;116;136;103;48;2;117;114;111m▀[38;2;114;118;105;48;2;164;167;171m▀[38;2;114;124;107;48;2;122;125;122m▀[38;2;100;121;99;48;2;130;132;123m▀[38;2;107;118;102;48;2;158;161;155m▀[38;2;106;109;100;48;2;165;158;151m▀[38;2;95;97;70;48;2;146;145;135m▀[38;2;93;104;87;48;2;115;121;112m▀[38;2;28;33;28;48;2;29;34;29m▀[38;2;92;101;102;48;2;100;106;96m▀[38;2;82;91;86;48;2;107;107;105m▀[38;2;82;106;104;48;2;105;123;118m▀[38;2;84;96;83;48;2;91;101;102m▀[38;2;72;97;61;48;2;86;86;78m▀[38;2;78;96;73;48;2;90;94;89m▀[38;2;81;107;98;48;2;88;105;105m▀[0m
[38;2;132;97;88;48;2;113;130;148m▀[38;2;158;118;104;48;2;121;138;153m▀[38;2;186;149;129;48;2;153;155;163m▀[38;2;191;153;133;48;2;151;147;150m▀[38;2;105;93;89;48;2;121;124;127m▀[38;2;63;63;57;48;2;108;111;105m▀[38;2;129;107;93;48;2;131;121;104m▀[38;2;147;120;103;48;2;154;154;148m▀[38;2;136;127;119;48;2;118;142;145m▀[38;2;167;146;135;48;2;108;141;146m▀[38;2;167;151;143;48;2;118;136;142m▀[38;2;169;155;146;48;2;137;140;142m▀[38;2;170;162;152;48;2;149;147;147m▀[38;2;150;161;162;48;2;148;157;158m▀[38;2;157;154;150;48;2;159;154;151m▀[38;2;163;152;149;48;2;160;150;148m▀[38;2;153;148;145;48;2;148;143;140m▀[38;2;131;140;150;48;2;126;132;136m▀[38;2;129;134;131;48;2;114;112;111m▀[38;2;93;92;83;48;2;111;109;101m▀[38;2;65;67;58;48;2;117;123;123m▀[38;2;63;66;63;48;2;117;114;114m▀[38;2;41;44;41;48;2;100;104;105m▀[38;2;49;49;44;48;2;67;71;69m▀[38;2;62;62;58;48;2;76;79;80m▀[38;2;54;57;52;48;2;62;62;58m▀[38;2;52;55;51;48;2;77;79;77m▀[38;2;54;57;55;48;2;66;69;67m▀[38;2;55;57;55;48;2;73;77;75m▀[38;2;147;147;149;48;2;91;91;94m▀[38;2;181;181;186;48;2;118;119;124m▀[38;2;180;166;164;48;2;155;155;158m▀[38;2;199;173;165;48;2;161;163;160m▀[38;2;177;168;165;48;2;158;164;164m▀[38;2;169;183;188;48;2;138;168;178m▀[38;2;176;185;201;48;2;214;220;232m▀[38;2;159;154;156;48;2;198;185;183m▀[38;2;212;188;175;48;2;220;196;185m▀[38;2;208;188;179;48;2;174;163;163m▀[38;2;200;187;181;48;2;189;175;171m▀[38;2;217;188;172;48;2;221;189;172m▀[38;2;214;185;171;48;2;220;194;181m▀[38;2;161;139;126;48;2;189;164;152m▀[38;2;149;147;147;48;2;127;123;125m▀[38;2;129;126;123;48;2;175;171;171m▀[38;2;138;133;131;48;2;101;101;97m▀[38;2;209;180;160;48;2;185;166;156m▀[38;2;203;178;158;48;2;206;181;166m▀[38;2;204;180;163;48;2;208;181;162m▀[38;2;180;159;139;48;2;175;153;136m▀[38;2;33;36;30;48;2;36;39;33m▀[38;2;154;143;131;48;2;131;118;111m▀[38;2;189;168;149;48;2;201;173;153m▀[38;2;190;168;147;48;2;204;175;154m▀[38;2;191;170;148;48;2;199;170;149m▀[38;2;183;163;143;48;2;192;162;147m▀[38;2;180;163;143;48;2;187;158;139m▀[38;2;169;153;134;48;2;176;150;136m▀[0m
[38;2;96;133;158;48;2;97;124;140m▀[38;2;115;153;181;48;2;89;126;149m▀[38;2;90;134;167;48;2;96;132;157m▀[38;2;70;127;171;48;2;82;136;176m▀[38;2;117;138;158;48;2;119;143;159m▀[38;2;115;127;132;48;2;124;139;145m▀[38;2;125;136;141;48;2;128;143;148m▀[38;2;130;147;152;48;2;103;132;143m▀[38;2;127;150;155;48;2;111;134;139m▀[38;2;112;141;148;48;2;127;143;148m▀[38;2;114;138;143;48;2;134;147;151m▀[38;2;127;142;145;48;2;137;149;153m▀[38;2;136;146;145;48;2;143;154;159m▀[38;2;144;157;161;48;2;124;147;152m▀[38;2;146;154;149;48;2;130;149;150m▀[38;2;144;148;144;48;2;119;137;142m▀[38;2;124;134;135;48;2;106;117;117m▀[38;2;96;97;95;48;2;104;107;107m▀[38;2;91;97;98;48;2;117;129;136m▀[38;2;80;86;86;48;2;99;110;115m▀[38;2;99;102;98;48;2;102;108;107m▀[38;2;128;133;137;48;2;131;133;130m▀[38;2;99;102;100;48;2;137;143;146m▀[38;2;82;86;89;48;2;107;109;107m▀[38;2;84;90;91;48;2;99;103;104m▀[38;2;91;100;103;48;2;84;94;96m▀[38;2;109;118;124;48;2;91;97;97m▀[38;2;87;96;99;48;2;105;110;108m▀[38;2;90;97;99;48;2;125;131;132m▀[38;2;112;121;127;48;2;138;145;147m▀[38;2;120;130;141;48;2;154;160;163m▀[38;2;121;132;137;48;2;158;161;164m▀[38;2;135;144;149;48;2;152;158;161m▀[38;2;112;128;134;48;2;136;151;155m▀[38;2;118;134;139;48;2;134;147;154m▀[38;2;170;174;178;48;2;113;132;138m▀[38;2;163;160;162;48;2;127;132;129m▀[38;2;178;169;166;48;2;143;149;146m▀[38;2;139;142;145;48;2;129;138;145m▀[38;2;157;151;151;48;2;128;135;135m▀[38;2;172;155;150;48;2;137;137;132m▀[38;2;163;150;143;48;2;141;140;134m▀[38;2;125;120;120;48;2;138;141;141m▀[38;2;140;136;134;48;2;141;138;133m▀[38;2;142;145;148;48;2;114;116;112m▀[38;2;123;117;116;48;2;105;106;105m▀[38;2;165;158;152;48;2;145;148;144m▀[38;2;196;171;156;48;2;185;185;134m▀[38;2;186;170;157;48;2;179;194;116m▀[38;2;156;140;123;48;2;147;156;88m▀[38;2;48;50;46;48;2;50;61;47m▀[38;2;173;156;135;48;2;190;204;141m▀[38;2;190;169;152;48;2;189;198;138m▀[38;2;203;176;157;48;2;165;172;134m▀[38;2;200;180;166;48;2;143;151;156m▀[38;2;192;169;150;48;2;160;162;162m▀[38;2;187;160;140;48;2;159;166;117m▀[38;2;177;152;134;48;2;143;157;108m▀[0m
[38;2;120;136;146;48;2;161;166;169m▀[38;2;129;144;152;48;2;152;157;158m▀[38;2;130;143;152;48;2;153;157;157m▀[38;2;133;144;150;48;2;149;157;159m▀[38;2;129;141;147;48;2;143;155;161m▀[38;2;127;144;150;48;2;141;158;168m▀[38;2;126;146;151;48;2;143;160;169m▀[38;2;103;131;140;48;2;110;133;143m▀[38;2;110;134;143;48;2;111;135;143m▀[38;2;110;133;144;48;2;112;134;146m▀[38;2;119;138;146;48;2;121;143;151m▀[38;2;120;143;149;48;2;125;147;155m▀[38;2;119;142;148;48;2;125;154;160m▀[38;2;128;148;152;48;2;125;151;159m▀[38;2;137;149;151;48;2;127;149;153m▀[38;2;128;144;148;48;2;116;140;143m▀[38;2;117;127;129;48;2;120;133;133m▀[38;2;119;127;133;48;2;128;140;142m▀[38;2;117;134;138;48;2;132;142;144m▀[38;2;93;103;106;48;2;116;127;127m▀[38;2;87;99;100;48;2;111;120;120m▀[38;2;95;99;97;48;2;121;126;127m▀[38;2;150;166;174;48;2;136;144;150m▀[38;2;145;153;158;48;2;142;149;151m▀[38;2;151;161;164;48;2;164;174;170m▀[38;2;135;152;154;48;2;144;158;153m▀[38;2;114;124;125;48;2;95;107;107m▀[38;2;124;122;120;48;2;107;109;105m▀[38;2;92;91;87;48;2;101;99;98m▀[38;2;95;100;97;48;2;91;97;99m▀[38;2;120;118;118;48;2;90;94;94m▀[38;2;121;121;117;48;2;154;156;152m▀[38;2;130;134;132;48;2;111;115;115m▀[38;2;138;152;157;48;2;126;146;155m▀[38;2;126;140;144;48;2;123;152;158m▀[38;2;134;144;145;48;2;134;158;162m▀[38;2;137;139;137;48;2;160;166;165m▀[38;2;139;145;146;48;2;167;172;169m▀[38;2;129;133;133;48;2;150;156;152m▀[38;2;137;143;140;48;2;151;158;157m▀[38;2;146;147;147;48;2;132;134;132m▀[38;2;146;152;151;48;2;167;171;171m▀[38;2;135;150;157;48;2;167;171;169m▀[38;2;138;144;144;48;2;149;153;149m▀[38;2;126;145;148;48;2;101;120;125m▀[38;2;95;98;94;48;2;107;127;124m▀[38;2;145;155;126;48;2;114;135;99m▀[38;2;151;175;118;48;2;107;129;102m▀[38;2;142;170;123;48;2;112;139;122m▀[38;2;110;128;90;48;2;73;98;95m▀[38;2;47;61;41;48;2;45;61;41m▀[38;2;142;178;98;48;2;100;135;105m▀[38;2;147;178;96;48;2;102;135;100m▀[38;2;131;158;106;48;2;101;135;97m▀[38;2;130;151;155;48;2;134;152;158m▀[38;2;112;142;121;48;2;99;131;117m▀[38;2;155;182;80;48;2;133;159;92m▀[38;2;150;173;76;48;2;132;161;80m▀[0m
[38;2;193;193;190;48;2;201;201;201m▀[38;2;195;193;192;48;2;204;204;204m▀[38;2;200;201;199;48;2;208;207;207m▀[38;2;201;203;203;48;2;210;210;210m▀[38;2;208;209;208;48;2;213;213;213m▀[38;2;212;214;212;48;2;212;213;212m▀[38;2;214;217;214;48;2;211;212;212m▀[38;2;123;140;148;48;2;126;146;149m▀[38;2;113;135;143;48;2;117;138;147m▀[38;2;116;138;147;48;2;130;147;154m▀[38;2;141;155;161;48;2;157;165;170m▀[38;2;157;168;174;48;2;162;170;173m▀[38;2;172;184;185;48;2;158;171;172m▀[38;2;165;176;178;48;2;146;157;157m▀[38;2;170;179;179;48;2;147;159;157m▀[38;2;144;159;160;48;2;134;150;151m▀[38;2;133;142;143;48;2;125;137;135m▀[38;2;143;148;148;48;2;115;125;120m▀[38;2;110;128;133;48;2;106;118;116m▀[38;2;101;118;119;48;2;110;122;123m▀[38;2;106;118;118;48;2;115;131;132m▀[38;2;123;131;128;48;2;130;137;134m▀[38;2;111;121;122;48;2;111;116;115m▀[38;2;153;160;159;48;2;189;194;190m▀[38;2;158;164;164;48;2;180;184;182m▀[38;2;169;175;170;48;2;176;181;177m▀[38;2;160;165;163;48;2;151;157;153m▀[38;2;119;126;126;48;2;133;142;142m▀[38;2;132;135;132;48;2;161;164;156m▀[38;2;95;102;102;48;2;100;114;114m▀[38;2;92;98;99;48;2;100;121;120m▀[38;2;148;152;148;48;2;110;125;125m▀[38;2;134;137;138;48;2;151;151;148m▀[38;2;113;127;131;48;2;115;134;138m▀[38;2;119;146;153;48;2;131;147;151m▀[38;2;125;148;152;48;2;146;156;158m▀[38;2;156;161;158;48;2;167;170;171m▀[38;2;169;173;168;48;2;163;169;168m▀[38;2;167;175;173;48;2;179;182;184m▀[38;2;177;185;184;48;2;182;187;185m▀[38;2;129;138;140;48;2;140;143;146m▀[38;2;188;195;194;48;2;190;194;194m▀[38;2;193;196;195;48;2;193;195;195m▀[38;2;192;193;194;48;2;187;184;183m▀[38;2;102;126;134;48;2;119;134;138m▀[38;2;96;118;115;48;2;98;113;115m▀[38;2;82;99;76;48;2;64;88;73m▀[38;2;72;104;86;48;2;66;89;80m▀[38;2;77;104;101;48;2;76;99;103m▀[38;2;71;90;90;48;2;66;85;83m▀[38;2;46;59;49;48;2;39;48;47m▀[38;2;95;130;98;48;2;75;96;90m▀[38;2;97;136;85;48;2;97;114;106m▀[38;2;134;159;140;48;2;113;129;132m▀[38;2;155;171;177;48;2;73;94;102m▀[38;2;114;144;133;48;2;82;103;115m▀[38;2;114;146;88;48;2;80;101;83m▀[38;2;117;145;68;48;2;85;111;62m▀[0m
[38;2;199;199;199;48;2;192;192;192m▀[38;2;202;202;202;48;2;198;198;198m▀[38;2;206;206;206;48;2;202;202;202m▀[38;2;208;208;208;48;2;199;200;200m▀[38;2;203;206;206;48;2;199;201;201m▀[38;2;209;209;209;48;2;209;209;209m▀[38;2;212;213;213;48;2;205;207;207m▀[38;2;126;143;149;48;2;126;148;154m▀[38;2;114;143;149;48;2;113;142;149m▀[38;2;134;148;155;48;2;133;147;153m▀[38;2;158;163;168;48;2;157;162;165m▀[38;2;163;172;175;48;2;162;169;171m▀[38;2;155;167;167;48;2;158;168;167m▀[38;2;148;158;158;48;2;147;159;157m▀[38;2;141;155;155;48;2;140;155;156m▀[38;2;132;149;152;48;2;136;149;151m▀[38;2;142;154;151;48;2;150;154;152m▀[38;2;120;130;130;48;2;136;146;144m▀[38;2;112;122;121;48;2;142;149;144m▀[38;2;107;122;124;48;2;127;140;139m▀[38;2;125;138;138;48;2;127;142;143m▀[38;2;142;150;146;48;2;130;141;142m▀[38;2;113;119;115;48;2;122;126;124m▀[38;2;169;176;171;48;2;169;173;166m▀[38;2;188;194;191;48;2;185;190;188m▀[38;2;183;190;186;48;2;203;206;206m▀[38;2;170;173;173;48;2;200;204;204m▀[38;2;122;129;129;48;2;179;184;184m▀[38;2;175;178;174;48;2;161;164;162m▀[38;2;127;139;138;48;2;180;189;188m▀[38;2;111;127;128;48;2;179;183;181m▀[38;2;139;150;150;48;2;125;136;137m▀[38;2;123;118;117;48;2;152;147;143m▀[38;2;145;154;157;48;2;188;191;191m▀[38;2;154;163;163;48;2;158;167;168m▀[38;2;156;162;163;48;2;142;153;154m▀[38;2;187;190;190;48;2;194;197;198m▀[38;2;155;160;161;48;2;155;157;158m▀[38;2;188;191;189;48;2;184;187;187m▀[38;2;183;189;188;48;2;189;194;193m▀[38;2;148;156;157;48;2;156;159;162m▀[38;2;203;206;202;48;2;206;208;204m▀[38;2;128;132;134;48;2;134;140;140m▀[38;2;126;128;128;48;2;124;126;124m▀[38;2;140;143;140;48;2;155;140;125m▀[38;2;93;104;106;48;2;124;120;115m▀[38;2;80;94;93;48;2;153;139;126m▀[38;2;71;86;86;48;2;122;111;104m▀[38;2;78;95;96;48;2;96;99;96m▀[38;2;63;73;71;48;2;50;56;52m▀[38;2;38;46;47;48;2;40;48;47m▀[38;2;77;89;91;48;2;74;90;90m▀[38;2;69;87;87;48;2;56;78;77m▀[38;2;42;62;60;48;2;41;62;61m▀[38;2;14;31;29;48;2;13;28;28m▀[38;2;46;55;51;48;2;18;38;36m▀[38;2;57;73;62;48;2;41;55;46m▀[38;2;39;56;44;48;2;41;58;42m▀[0m
[38;2;194;194;194;48;2;188;188;187m▀[38;2;197;197;197;48;2;190;190;190m▀[38;2;199;199;199;48;2;190;191;189m▀[38;2;194;196;197;48;2;181;185;185m▀[38;2;201;203;201;48;2;189;191;189m▀[38;2;208;206;206;48;2;196;196;193m▀[38;2;205;207;207;48;2;202;203;201m▀[38;2;163;177;181;48;2;197;199;199m▀[38;2;116;145;151;48;2;151;168;172m▀[38;2;133;150;156;48;2;133;153;159m▀[38;2;153;160;163;48;2;149;157;161m▀[38;2;164;170;173;48;2;162;168;169m▀[38;2;165;173;173;48;2;173;180;181m▀[38;2;155;163;163;48;2;163;168;169m▀[38;2;149;161;161;48;2;148;159;158m▀[38;2;142;154;154;48;2;146;157;156m▀[38;2;163;168;163;48;2;159;163;160m▀[38;2;123;134;135;48;2;137;147;141m▀[38;2;140;136;115;48;2;122;122;103m▀[38;2;141;149;146;48;2;121;133;133m▀[38;2;141;146;141;48;2;114;123;119m▀[38;2;121;127;123;48;2;119;125;119m▀[38;2;136;140;134;48;2;143;145;135m▀[38;2;153;156;149;48;2;155;155;145m▀[38;2;181;183;174;48;2;177;176;162m▀[38;2;168;168;161;48;2;174;174;161m▀[38;2;165;168;161;48;2;169;168;157m▀[38;2;166;168;163;48;2;172;172;161m▀[38;2;130;130;125;48;2;165;159;144m▀[38;2;142;149;148;48;2;165;167;157m▀[38;2;137;139;136;48;2;161;159;150m▀[38;2;137;146;147;48;2;158;164;160m▀[38;2;208;205;201;48;2;206;208;201m▀[38;2;211;210;206;48;2;218;218;215m▀[38;2;187;190;188;48;2;193;197;194m▀[38;2;181;185;183;48;2;194;198;194m▀[38;2;208;211;212;48;2;227;225;223m▀[38;2;159;161;161;48;2;190;188;188m▀[38;2;174;176;176;48;2;190;190;190m▀[38;2;193;198;198;48;2;214;214;214m▀[38;2;163;163;164;48;2;166;163;165m▀[38;2;187;190;190;48;2;178;180;182m▀[38;2;141;145;146;48;2;145;152;154m▀[38;2;146;144;144;48;2;147;149;150m▀[38;2;178;173;169;48;2;198;198;197m▀[38;2;127;126;123;48;2;155;155;155m▀[38;2;148;135;127;48;2;184;182;181m▀[38;2;132;117;109;48;2;172;164;163m▀[38;2;101;96;91;48;2;133;128;121m▀[38;2;60;58;50;48;2;59;51;41m▀[38;2;77;75;68;48;2;74;70;67m▀[38;2;134;129;122;48;2;114;111;104m▀[38;2;100;105;100;48;2;94;96;89m▀[38;2;35;56;56;48;2;35;54;52m▀[38;2;12;29;28;48;2;14;28;28m▀[38;2;25;38;38;48;2;51;58;60m▀[38;2;51;62;56;48;2;145;126;114m▀[38;2;40;51;46;48;2;140;122;107m▀[0m
[38;2;183;185;183;48;2;182;182;182m▀[38;2;184;186;184;48;2;184;184;183m▀[38;2;184;185;184;48;2;184;185;184m▀[38;2;185;187;186;48;2;187;188;187m▀[38;2;181;185;187;48;2;181;183;181m▀[38;2;194;196;196;48;2;183;187;187m▀[38;2;200;200;198;48;2;196;197;196m▀[38;2;197;197;197;48;2;203;203;201m▀[38;2;201;202;202;48;2;205;205;204m▀[38;2;192;196;198;48;2;204;206;204m▀[38;2;164;174;175;48;2;205;206;206m▀[38;2;162;171;173;48;2;190;194;194m▀[38;2;173;178;179;48;2;172;181;182m▀[38;2;167;172;173;48;2;161;169;169m▀[38;2;154;165;164;48;2;117;135;136m▀[38;2;154;162;159;48;2;133;144;143m▀[38;2;165;170;164;48;2;155;159;157m▀[38;2;159;162;153;48;2;173;177;174m▀[38;2;82;82;71;48;2;61;70;71m▀[38;2;124;129;124;48;2;151;153;149m▀[38;2;140;143;134;48;2;167;165;155m▀[38;2;149;153;141;48;2;174;177;169m▀[38;2;154;153;140;48;2;187;187;182m▀[38;2;161;159;146;48;2;186;185;178m▀[38;2;174;174;162;48;2;200;202;199m▀[38;2;184;184;173;48;2;192;195;191m▀[38;2;186;189;179;48;2;188;192;188m▀[38;2;191;195;187;48;2;191;194;191m▀[38;2;196;198;190;48;2;195;197;194m▀[38;2;192;195;189;48;2;196;199;196m▀[38;2;165;168;164;48;2;163;167;164m▀[38;2;182;187;187;48;2;184;189;189m▀[38;2;199;203;199;48;2;189;192;187m▀[38;2;223;224;223;48;2;220;220;217m▀[38;2;194;198;198;48;2;190;194;191m▀[38;2;192;196;196;48;2;188;191;189m▀[38;2;227;225;224;48;2;224;225;223m▀[38;2;187;188;188;48;2;185;187;186m▀[38;2;188;188;186;48;2;185;187;184m▀[38;2;221;220;215;48;2;222;222;221m▀[38;2;165;163;162;48;2;159;158;157m▀[38;2;197;194;192;48;2;189;189;186m▀[38;2;190;190;188;48;2;207;207;205m▀[38;2;177;174;174;48;2;172;167;162m▀[38;2;208;206;205;48;2;192;187;184m▀[38;2;157;154;154;48;2;171;168;166m▀[38;2;168;162;162;48;2;172;169;167m▀[38;2;179;175;175;48;2;205;204;202m▀[38;2;144;147;147;48;2;167;164;163m▀[38;2;48;48;46;48;2;63;60;59m▀[38;2;108;108;108;48;2;128;126;125m▀[38;2;143;145;145;48;2;178;180;180m▀[38;2;112;115;113;48;2;112;117;118m▀[38;2;50;59;56;48;2;31;48;48m▀[38;2;39;43;37;48;2;18;30;29m▀[38;2;63;68;66;48;2;79;79;78m▀[38;2;131;117;109;48;2;164;160;159m▀[38;2;124;110;100;48;2;161;156;156m▀[0m
[38;2;150;153;154;48;2;153;155;157m▀[38;2;144;148;148;48;2;117;121;125m▀[38;2;141;145;146;48;2;176;176;178m▀[38;2;137;141;142;48;2;158;160;161m▀[38;2;137;142;144;48;2;103;111;115m▀[38;2;145;149;151;48;2;92;100;106m▀[38;2;130;135;141;48;2;83;92;98m▀[38;2;152;155;157;48;2;188;190;190m▀[38;2;159;161;162;48;2;192;195;195m▀[38;2;134;137;142;48;2;141;145;148m▀[38;2;163;163;167;48;2;201;201;201m▀[38;2;134;138;140;48;2;155;159;159m▀[38;2;158;159;161;48;2;192;193;192m▀[38;2;166;169;170;48;2;199;202;202m▀[38;2;79;87;90;48;2;72;82;86m▀[38;2;87;97;99;48;2;161;162;162m▀[38;2;69;74;77;48;2;61;69;71m▀[38;2;164;164;164;48;2;96;96;99m▀[38;2;66;75;80;48;2;66;77;79m▀[38;2;185;189;189;48;2;183;188;186m▀[38;2;189;194;194;48;2;189;193;193m▀[38;2;187;190;188;48;2;190;194;192m▀[38;2;181;183;179;48;2;190;194;193m▀[38;2;183;182;176;48;2;194;198;195m▀[38;2;189;189;185;48;2;201;201;201m▀[38;2;193;193;189;48;2;191;192;190m▀[38;2;185;189;185;48;2;177;177;173m▀[38;2;187;190;187;48;2;177;177;173m▀[38;2;188;191;188;48;2;178;177;173m▀[38;2;188;192;189;48;2;173;172;165m▀[38;2;168;171;169;48;2;164;164;156m▀[38;2;185;191;188;48;2;177;179;173m▀[38;2;191;192;192;48;2;180;179;172m▀[38;2;222;222;220;48;2;204;201;195m▀[38;2;188;191;190;48;2;176;176;171m▀[38;2;185;189;186;48;2;175;175;171m▀[38;2;217;216;214;48;2;193;189;183m▀[38;2;182;182;178;48;2;171;167;160m▀[38;2;182;182;176;48;2;163;162;154m▀[38;2;214;213;208;48;2;196;193;187m▀[38;2;152;151;144;48;2;162;162;158m▀[38;2;170;167;162;48;2;175;175;172m▀[38;2;197;194;192;48;2;209;209;207m▀[38;2;174;172;170;48;2;172;172;169m▀[38;2;206;206;204;48;2;194;194;192m▀[38;2;177;175;175;48;2;183;181;180m▀[38;2;171;169;168;48;2;168;168;167m▀[38;2;202;204;202;48;2;202;202;202m▀[38;2;161;161;159;48;2;162;161;160m▀[38;2;60;57;57;48;2;51;51;47m▀[38;2;133;130;125;48;2;149;148;146m▀[38;2;175;172;168;48;2;181;180;175m▀[38;2;98;100;98;48;2;91;95;94m▀[38;2;28;43;43;48;2;26;39;39m▀[38;2;19;32;32;48;2;21;34;35m▀[38;2;91;95;96;48;2;102;105;106m▀[38;2;182;182;182;48;2;177;177;177m▀[38;2;176;176;176;48;2;173;173;173m▀[0m
[38;2;168;169;169;48;2;163;163;163m▀[38;2;122;125;128;48;2;119;122;124m▀[38;2;176;176;176;48;2;168;169;168m▀[38;2;124;128;130;48;2;57;66;72m▀[38;2;53;62;66;48;2;72;72;67m▀[38;2;73;75;71;48;2;68;68;64m▀[38;2;62;70;74;48;2;80;77;72m▀[38;2;125;129;132;48;2;77;84;90m▀[38;2;191;193;191;48;2;187;187;187m▀[38;2;138;141;146;48;2;136;140;143m▀[38;2;189;192;192;48;2;192;192;192m▀[38;2;144;149;151;48;2;140;145;147m▀[38;2;192;192;192;48;2;190;192;192m▀[38;2;198;200;198;48;2;193;194;194m▀[38;2;77;88;92;48;2;77;87;93m▀[38;2;143;144;144;48;2;180;180;180m▀[38;2;54;64;69;48;2;104;110;113m▀[38;2;63;68;71;48;2;169;169;169m▀[38;2;83;88;91;48;2;90;95;97m▀[38;2;190;193;191;48;2;204;205;203m▀[38;2;182;187;187;48;2;207;207;205m▀[38;2;182;187;186;48;2;201;202;201m▀[38;2;185;190;190;48;2;191;193;195m▀[38;2;190;194;192;48;2;183;185;186m▀[38;2;197;200;198;48;2;182;184;185m▀[38;2;201;203;201;48;2;194;196;196m▀[38;2;185;189;187;48;2;185;187;187m▀[38;2;187;190;190;48;2;184;188;188m▀[38;2;181;186;186;48;2;158;166;167m▀[38;2;170;176;176;48;2;148;157;156m▀[38;2;169;177;176;48;2;144;152;152m▀[38;2;178;181;180;48;2;167;177;177m▀[38;2;178;178;176;48;2;181;183;183m▀[38;2;204;201;198;48;2;201;203;201m▀[38;2;178;178;173;48;2;188;190;188m▀[38;2;174;177;173;48;2;176;180;177m▀[38;2;196;196;191;48;2;192;192;189m▀[38;2;187;187;182;48;2;190;189;185m▀[38;2;176;178;175;48;2;172;173;170m▀[38;2;205;205;201;48;2;197;194;193m▀[38;2;174;174;171;48;2;176;175;171m▀[38;2;169;167;164;48;2;167;166;163m▀[38;2;204;204;200;48;2;197;196;190m▀[38;2;168;168;165;48;2;165;165;161m▀[38;2;182;182;179;48;2;173;171;169m▀[38;2;185;185;183;48;2;188;188;186m▀[38;2;165;164;163;48;2;162;161;158m▀[38;2;197;197;196;48;2;192;192;190m▀[38;2;156;154;153;48;2;146;144;143m▀[38;2;44;44;42;48;2;39;37;36m▀[38;2;152;151;148;48;2;150;149;143m▀[38;2;180;179;174;48;2;173;171;165m▀[38;2;80;86;86;48;2;68;75;75m▀[38;2;25;38;40;48;2;22;33;37m▀[38;2;22;36;38;48;2;23;37;40m▀[38;2;109;111;112;48;2;113;114;114m▀[38;2;174;174;172;48;2;168;168;167m▀[38;2;170;170;170;48;2;165;165;165m▀[0m
