[38;2;7;7;7;48;2;7;7;7m▀▀▀▀[38;2;7;7;7;48;2;0;0;0m▀[38;2;7;7;7;48;2;8;8;8m▀[38;2;8;8;8;48;2;8;8;8m▀▀▀▀▀▀▀▀▀▀▀▀▀▀▀▀▀▀▀▀▀▀▀▀▀▀▀▀[38;2;8;8;8;48;2;0;0;0m▀[38;2;8;8;8;48;2;8;8;8m▀▀▀▀▀▀▀▀▀[38;2;8;8;8;48;2;0;0;0m▀[38;2;8;8;8;48;2;8;8;8m▀▀▀▀▀▀[38;2;8;8;8;48;2;0;0;0m▀[38;2;7;7;7;48;2;8;8;8m▀[38;2;7;7;7;48;2;7;7;7m▀▀▀▀▀[0m
[38;2;9;0;9;48;2;9;0;9m▀[38;2;9;0;9;48;2;7;7;7m▀[38;2;7;7;7;48;2;8;8;8m▀[38;2;8;8;8;48;2;8;8;8m▀▀▀▀▀▀▀[38;2;8;8;8;48;2;0;0;0m▀[38;2;8;8;8;48;2;8;8;8m▀▀▀▀▀▀[38;2;8;8;8;48;2;9;9;9m▀▀▀▀[38;2;9;9;9;48;2;9;9;9m▀▀▀▀▀▀▀[38;2;9;9;9;48;2;0;0;0m▀[38;2;9;9;9;48;2;9;9;9m▀▀▀▀[38;2;0;0;0;48;2;9;9;9m▀[38;2;9;9;9;48;2;9;9;9m▀[38;2;0;0;0;48;2;9;9;9m▀[38;2;9;9;9;48;2;9;9;9m▀[38;2;8;8;8;48;2;9;9;9m▀▀▀▀[38;2;8;8;8;48;2;8;8;8m▀▀▀▀▀▀▀▀▀[38;2;0;0;0;48;2;8;8;8m▀[38;2;8;8;8;48;2;8;8;8m▀▀▀▀[38;2;7;7;7;48;2;0;0;0m▀▀[38;2;7;7;7;48;2;7;7;7m▀[0m
[38;2;17;0;8;48;2;9;0;9m▀[38;2;9;0;9;48;2;9;0;9m▀[38;2;8;8;8;48;2;9;0;9m▀[38;2;8;8;8;48;2;8;8;8m▀▀▀▀▀▀▀▀[38;2;8;8;8;48;2;0;0;0m▀[38;2;8;8;8;48;2;9;9;9m▀▀▀[38;2;9;9;9;48;2;9;9;9m▀▀▀[38;2;9;9;9;48;2;11;0;11m▀[38;2;9;9;9;48;2;8;8;18m▀[38;2;9;9;9;48;2;17;8;30m▀[38;2;9;9;9;48;2;11;0;11m▀[38;2;9;9;9;48;2;9;9;9m▀▀[38;2;0;0;0;48;2;9;9;9m▀[38;2;9;9;9;48;2;9;9;9m▀▀▀▀▀▀▀[38;2;0;0;0;48;2;9;9;9m▀[38;2;9;9;9;48;2;9;9;9m▀▀▀▀▀[38;2;9;9;9;48;2;0;0;0m▀[38;2;9;9;9;48;2;9;9;9m▀▀[38;2;0;0;0;48;2;9;9;9m▀[38;2;9;9;9;48;2;9;9;9m▀[38;2;8;8;8;48;2;9;9;9m▀[38;2;0;0;0;48;2;9;9;9m▀[38;2;8;8;8;48;2;9;9;9m▀[38;2;0;0;0;48;2;0;0;0m▀[38;2;8;8;8;48;2;8;8;8m▀▀▀▀[38;2;0;0;0;48;2;8;8;8m▀▀[38;2;8;8;8;48;2;8;8;8m▀[38;2;8;8;8;48;2;0;0;0m▀[38;2;0;0;0;48;2;8;8;8m▀[38;2;8;8;8;48;2;0;0;0m▀[38;2;8;8;8;48;2;8;8;8m▀[0m
[38;2;9;0;9;48;2;18;0;9m▀[38;2;9;0;9;48;2;10;0;0m▀[38;2;10;0;10;48;2;10;0;10m▀[38;2;8;8;8;48;2;10;0;10m▀▀▀▀[38;2;8;8;8;48;2;10;0;0m▀[38;2;8;8;8;48;2;8;8;8m▀[38;2;8;8;8;48;2;9;9;9m▀▀[38;2;9;9;9;48;2;9;9;9m▀[38;2;0;0;0;48;2;9;9;9m▀[38;2;9;9;9;48;2;9;9;9m▀[38;2;0;0;0;48;2;9;9;9m▀[38;2;9;9;9;48;2;11;0;11m▀[38;2;9;9;9;48;2;11;0;0m▀[38;2;9;9;9;48;2;0;9;9m▀[38;2;11;0;0;48;2;28;0;19m▀[38;2;84;2;122;48;2;112;1;125m▀[38;2;120;0;175;48;2;103;0;111m▀[38;2;91;10;140;48;2;77;0;97m▀[38;2;37;6;52;48;2;115;0;140m▀[38;2;9;9;9;48;2;43;6;64m▀[38;2;9;9;9;48;2;11;0;11m▀[38;2;9;9;9;48;2;0;0;0m▀▀[38;2;9;9;9;48;2;9;9;9m▀▀[38;2;0;0;0;48;2;9;9;9m▀[38;2;9;9;9;48;2;9;9;9m▀▀▀▀▀▀▀[38;2;9;9;9;48;2;0;0;0m▀[38;2;9;9;9;48;2;11;0;11m▀[38;2;11;0;11;48;2;0;9;9m▀▀[38;2;0;0;0;48;2;9;9;9m▀[38;2;9;9;9;48;2;0;0;0m▀[38;2;9;9;9;48;2;9;9;9m▀▀▀[38;2;9;9;9;48;2;0;0;0m▀[38;2;8;8;8;48;2;9;9;9m▀[38;2;0;0;0;48;2;9;9;9m▀[38;2;8;8;8;48;2;8;8;8m▀[38;2;8;8;8;48;2;0;0;0m▀[38;2;8;8;8;48;2;8;8;8m▀▀▀▀▀[38;2;8;8;8;48;2;10;0;10m▀[38;2;9;0;9;48;2;9;0;9m▀[0m
[38;2;10;0;10;48;2;18;0;9m▀[38;2;10;0;0;48;2;10;0;10m▀[38;2;10;0;10;48;2;8;8;8m▀▀[38;2;10;0;10;48;2;10;0;10m▀[38;2;10;0;10;48;2;16;43;40m▀[38;2;8;8;8;48;2;19;0;9m▀[38;2;8;8;8;48;2;19;82;92m▀[38;2;17;8;8;48;2;0;135;138m▀[38;2;10;0;10;48;2;17;44;49m▀[38;2;0;0;10;48;2;9;9;9m▀[38;2;9;9;9;48;2;9;9;9m▀▀▀[38;2;9;9;9;48;2;0;9;9m▀[38;2;11;0;11;48;2;36;5;89m▀[38;2;11;0;11;48;2;44;11;205m▀[38;2;11;0;11;48;2;69;3;125m▀[38;2;64;0;82;48;2;121;0;185m▀[38;2;117;0;128;48;2;99;1;138m▀[38;2;87;0;81;48;2;46;0;51m▀[38;2;72;0;77;48;2;55;0;39m▀[38;2;65;0;83;48;2;52;0;52m▀[38;2;77;0;99;48;2;71;4;89m▀[38;2;44;6;53;48;2;58;5;72m▀[38;2;9;9;9;48;2;9;9;9m▀▀▀▀▀▀▀▀[38;2;9;9;9;48;2;0;0;0m▀[38;2;9;9;9;48;2;9;9;9m▀▀[38;2;0;0;0;48;2;9;9;9m▀[38;2;9;9;9;48;2;9;9;9m▀[38;2;11;0;11;48;2;9;9;9m▀[38;2;9;9;9;48;2;9;9;9m▀▀▀▀▀▀▀▀▀▀[38;2;0;0;0;48;2;0;0;0m▀[38;2;8;8;8;48;2;9;9;9m▀[38;2;8;8;8;48;2;8;8;8m▀▀[38;2;8;8;8;48;2;1;109;149m▀[38;2;8;8;8;48;2;8;42;60m▀[38;2;8;8;8;48;2;8;8;0m▀[38;2;10;0;10;48;2;0;0;0m▀[38;2;10;0;10;48;2;8;8;8m▀[0m
[38;2;18;0;9;48;2;10;0;10m▀[38;2;10;0;10;48;2;10;0;10m▀[38;2;10;0;10;48;2;10;0;0m▀[38;2;8;8;8;48;2;8;8;8m▀[38;2;10;0;10;48;2;8;8;8m▀[38;2;8;159;143;48;2;19;31;37m▀[38;2;9;98;118;48;2;0;216;232m▀[38;2;0;179;204;48;2;0;219;233m▀[38;2;0;213;227;48;2;0;234;235m▀[38;2;0;154;154;48;2;0;151;174m▀[38;2;40;14;35;48;2;35;14;28m▀[38;2;11;0;0;48;2;11;0;0m▀[38;2;11;0;11;48;2;8;8;27m▀[38;2;11;0;0;48;2;37;37;87m▀[38;2;9;9;9;48;2;62;43;93m▀[38;2;46;36;86;48;2;51;80;134m▀[38;2;37;117;242;48;2;16;222;245m▀[38;2;43;143;244;48;2;59;151;244m▀[38;2;109;34;245;48;2;63;134;223m▀[38;2;99;1;170;48;2;68;34;178m▀[38;2;85;2;136;48;2;80;17;203m▀[38;2;70;3;104;48;2;68;11;186m▀[38;2;66;0;84;48;2;53;4;104m▀[38;2;58;5;70;48;2;11;0;11m▀[38;2;21;0;10;48;2;9;9;9m▀[38;2;9;9;9;48;2;9;9;9m▀▀[38;2;11;0;11;48;2;9;9;9m▀[38;2;11;0;11;48;2;11;0;11m▀[38;2;9;9;9;48;2;9;9;9m▀▀▀▀▀[38;2;9;9;9;48;2;18;8;18m▀[38;2;11;0;11;48;2;11;0;11m▀▀▀[38;2;9;9;9;48;2;9;9;9m▀▀[38;2;11;0;11;48;2;11;0;11m▀▀[38;2;9;9;9;48;2;9;9;9m▀▀▀▀[38;2;11;0;11;48;2;28;0;10m▀[38;2;11;0;11;48;2;11;0;11m▀[38;2;9;9;9;48;2;11;0;11m▀[38;2;9;9;9;48;2;14;23;35m▀[38;2;9;9;9;48;2;0;135;166m▀[38;2;9;9;9;48;2;8;104;123m▀[38;2;0;115;142;48;2;2;126;151m▀[38;2;0;224;226;48;2;0;195;228m▀[38;2;0;200;224;48;2;0;205;226m▀[38;2;0;125;152;48;2;0;196;224m▀[38;2;8;42;57;48;2;0;176;208m▀[38;2;8;8;8;48;2;0;128;151m▀[0m
[38;2;10;0;10;48;2;19;0;9m▀[38;2;10;0;10;48;2;10;0;10m▀[38;2;0;0;0;48;2;8;8;8m▀▀[38;2;9;9;9;48;2;10;0;10m▀[38;2;10;0;0;48;2;10;0;10m▀[38;2;0;170;181;48;2;41;52;64m▀[38;2;0;224;235;48;2;0;186;236m▀[38;2;0;206;236;48;2;0;139;221m▀[38;2;14;109;156;48;2;63;20;59m▀[38;2;28;0;19;48;2;214;15;159m▀[38;2;38;67;121;48;2;167;122;242m▀[38;2;0;128;224;48;2;23;115;221m▀[38;2;6;110;211;48;2;37;70;172m▀[38;2;65;52;121;48;2;49;124;212m▀[38;2;0;235;237;48;2;0;246;246m▀[38;2;0;192;220;48;2;0;247;247m▀[38;2;22;50;82;48;2;0;248;248m▀[38;2;27;127;182;48;2;0;197;217m▀[38;2;70;89;159;48;2;65;25;68m▀[38;2;44;68;165;48;2;47;21;67m▀[38;2;60;19;155;48;2;61;24;112m▀[38;2;67;12;119;48;2;69;20;103m▀[38;2;38;6;74;48;2;39;6;52m▀[38;2;11;0;11;48;2;11;0;11m▀[38;2;9;9;9;48;2;11;0;11m▀[38;2;9;9;9;48;2;9;9;9m▀[38;2;9;9;9;48;2;11;0;11m▀▀[38;2;9;9;9;48;2;11;0;0m▀[38;2;9;9;9;48;2;11;0;11m▀[38;2;11;0;11;48;2;21;0;10m▀[38;2;9;9;9;48;2;11;0;11m▀▀[38;2;14;170;195;48;2;7;115;138m▀[38;2;11;40;50;48;2;6;182;198m▀[38;2;11;0;0;48;2;12;99;82m▀[38;2;11;0;11;48;2;11;133;115m▀[38;2;11;0;11;48;2;37;47;47m▀[38;2;11;0;11;48;2;21;0;10m▀[38;2;11;0;11;48;2;11;0;11m▀[38;2;9;9;9;48;2;9;9;9m▀[38;2;9;9;9;48;2;11;0;11m▀[38;2;0;9;9;48;2;11;0;11m▀[38;2;38;7;17;48;2;31;7;18m▀[38;2;48;14;36;48;2;29;114;131m▀[38;2;23;138;162;48;2;0;242;242m▀[38;2;0;229;239;48;2;0;240;240m▀[38;2;5;99;119;48;2;0;226;239m▀[38;2;25;25;49;48;2;5;97;123m▀[38;2;4;150;186;48;2;54;39;75m▀[38;2;0;233;233;48;2;22;22;27m▀[38;2;0;227;231;48;2;0;115;139m▀[38;2;9;100;117;48;2;0;210;230m▀[38;2;1;77;99;48;2;0;146;168m▀[38;2;0;151;191;48;2;2;69;97m▀[38;2;0;174;203;48;2;0;181;214m▀[38;2;0;154;181;48;2;3;97;122m▀[0m
[38;2;10;0;10;48;2;10;0;10m▀▀[38;2;8;8;8;48;2;8;8;8m▀[38;2;9;9;9;48;2;9;9;9m▀[38;2;10;0;10;48;2;9;9;9m▀[38;2;10;0;10;48;2;11;0;11m▀[38;2;175;16;124;48;2;236;8;175m▀[38;2;158;99;219;48;2;206;52;168m▀[38;2;58;148;212;48;2;156;91;169m▀[38;2;117;20;80;48;2;141;47;133m▀[38;2;240;1;183;48;2;116;9;111m▀[38;2;194;83;231;48;2;127;9;107m▀[38;2;93;41;139;48;2;84;19;84m▀[38;2;68;55;145;48;2;78;34;110m▀[38;2;30;128;193;48;2;67;25;67m▀[38;2;0;247;247;48;2;0;248;248m▀[38;2;0;248;248;48;2;0;249;249m▀[38;2;0;249;249;48;2;0;246;242m▀[38;2;0;155;167;48;2;24;101;108m▀[38;2;51;6;31;48;2;45;6;31m▀[38;2;59;37;84;48;2;49;113;144m▀[38;2;58;42;88;48;2;70;41;92m▀[38;2;72;30;98;48;2;67;20;85m▀[38;2;21;0;10;48;2;34;0;20m▀[38;2;11;0;11;48;2;11;0;11m▀▀▀[38;2;21;0;10;48;2;21;0;10m▀▀[38;2;11;0;11;48;2;11;0;11m▀▀▀[38;2;21;0;10;48;2;21;0;10m▀▀[38;2;10;105;122;48;2;25;16;25m▀[38;2;0;252;252;48;2;0;252;252m▀[38;2;0;251;251;48;2;0;252;252m▀[38;2;0;211;185;48;2;0;251;251m▀[38;2;33;88;91;48;2;0;153;139m▀[38;2;21;0;10;48;2;28;23;28m▀[38;2;11;0;11;48;2;11;0;11m▀▀▀[38;2;11;0;11;48;2;21;0;10m▀[38;2;29;46;70;48;2;24;38;67m▀[38;2;0;244;244;48;2;0;245;245m▀[38;2;0;243;243;48;2;0;243;243m▀[38;2;0;241;241;48;2;0;242;242m▀[38;2;0;240;240;48;2;0;241;222m▀[38;2;0;167;176;48;2;0;179;168m▀[38;2;40;40;72;48;2;0;145;194m▀[38;2;47;24;58;48;2;53;89;169m▀[38;2;0;9;0;48;2;11;0;11m▀[38;2;8;8;18;48;2;10;0;0m▀[38;2;0;133;153;48;2;9;9;9m▀[38;2;0;165;196;48;2;2;155;181m▀[38;2;7;101;137;48;2;0;222;226m▀[38;2;24;24;42;48;2;12;111;124m▀[0m
[38;2;10;0;10;48;2;19;0;9m▀▀[38;2;10;0;10;48;2;10;0;10m▀▀▀[38;2;20;0;10;48;2;27;0;10m▀[38;2;236;0;178;48;2;223;13;172m▀[38;2;158;158;211;48;2;126;192;229m▀[38;2;108;104;155;48;2;125;83;152m▀[38;2;96;37;125;48;2;96;40;121m▀[38;2;90;54;141;48;2;110;59;152m▀[38;2;89;19;89;48;2;94;61;121m▀[38;2;71;4;52;48;2;86;28;98m▀[38;2;67;13;62;48;2;79;12;84m▀[38;2;65;5;53;48;2;71;24;84m▀[38;2;13;214;238;48;2;77;58;129m▀[38;2;0;249;249;48;2;1;229;249m▀[38;2;0;199;187;48;2;8;196;221m▀[38;2;60;32;54;48;2;82;57;107m▀[38;2;74;69;101;48;2;103;52;131m▀[38;2;37;101;178;48;2;123;149;252m▀[38;2;72;53;129;48;2;76;103;209m▀[38;2;63;13;87;48;2;69;41;115m▀[38;2;57;0;40;48;2;73;4;50m▀[38;2;21;0;10;48;2;41;0;19m▀[38;2;29;0;10;48;2;21;0;10m▀[38;2;21;0;0;48;2;21;0;0m▀[38;2;21;0;10;48;2;21;0;10m▀[38;2;11;0;11;48;2;21;0;10m▀[38;2;21;0;10;48;2;21;0;10m▀▀▀▀▀[38;2;32;7;18;48;2;130;69;154m▀[38;2;0;253;253;48;2;21;253;253m▀[38;2;0;252;252;48;2;0;253;224m▀[38;2;0;252;251;48;2;16;58;51m▀[38;2;11;79;76;48;2;21;0;10m▀[38;2;21;0;10;48;2;11;0;11m▀[38;2;21;0;10;48;2;21;0;10m▀[38;2;11;0;11;48;2;11;0;11m▀[38;2;11;0;11;48;2;21;0;0m▀[38;2;11;0;11;48;2;11;0;11m▀[38;2;6;153;171;48;2;1;241;247m▀[38;2;0;245;245;48;2;0;245;245m▀[38;2;0;244;244;48;2;0;244;244m▀[38;2;0;242;242;48;2;0;243;243m▀[38;2;0;241;239;48;2;10;184;185m▀[38;2;0;228;240;48;2;0;225;240m▀[38;2;0;229;238;48;2;0;191;233m▀[38;2;30;99;155;48;2;22;22;46m▀[38;2;11;0;11;48;2;11;0;0m▀[38;2;10;0;10;48;2;10;0;10m▀[38;2;10;0;0;48;2;10;0;10m▀[38;2;19;0;9;48;2;19;0;9m▀[38;2;0;204;226;48;2;0;136;169m▀[38;2;0;204;224;48;2;0;225;225m▀[0m
[38;2;10;0;10;48;2;10;0;0m▀[38;2;10;0;10;48;2;10;0;10m▀[38;2;10;0;10;48;2;10;0;0m▀[38;2;10;0;10;48;2;10;0;10m▀[38;2;10;0;10;48;2;20;0;10m▀[38;2;20;0;10;48;2;11;0;11m▀[38;2;198;30;165;48;2;147;14;102m▀[38;2;136;167;236;48;2;221;42;179m▀[38;2;113;54;133;48;2;205;25;183m▀[38;2;148;74;180;48;2;196;135;242m▀[38;2;187;128;228;48;2;204;119;231m▀[38;2;121;97;165;48;2;187;102;187m▀[38;2;100;54;120;48;2;98;79;126m▀[38;2;80;39;105;48;2;85;89;140m▀[38;2;88;39;111;48;2;150;97;196m▀[38;2;110;99;210;48;2;167;146;249m▀[38;2;90;84;179;48;2;92;96;192m▀[38;2;89;72;156;48;2;67;48;112m▀[38;2;80;35;103;48;2;94;104;212m▀[38;2;127;99;232;48;2;63;141;252m▀[38;2;155;166;252;48;2;106;127;243m▀[38;2;61;135;214;48;2;193;134;214m▀[38;2;106;86;157;48;2;231;184;239m▀[38;2;109;73;131;48;2;148;70;142m▀[38;2;60;5;38;48;2;62;0;32m▀[38;2;21;0;10;48;2;21;0;10m▀[38;2;29;0;10;48;2;21;0;10m▀[38;2;21;0;10;48;2;29;0;10m▀[38;2;21;0;10;48;2;21;0;0m▀[38;2;29;0;10;48;2;42;0;0m▀[38;2;21;0;10;48;2;29;0;10m▀[38;2;21;0;10;48;2;21;0;10m▀[38;2;29;0;0;48;2;29;0;10m▀[38;2;29;0;10;48;2;33;33;50m▀[38;2;161;173;254;48;2;82;254;254m▀[38;2;132;253;253;48;2;0;253;253m▀[38;2;59;136;163;48;2;50;76;120m▀[38;2;21;0;10;48;2;29;0;10m▀[38;2;21;0;10;48;2;34;0;9m▀[38;2;21;0;10;48;2;67;61;54m▀[38;2;42;22;35;48;2;73;68;76m▀[38;2;70;36;81;48;2;59;54;85m▀[38;2;48;14;48;48;2;39;118;204m▀[38;2;60;60;107;48;2;0;151;211m▀[38;2;27;149;191;48;2;54;220;247m▀[38;2;0;246;246;48;2;0;246;246m▀[38;2;0;244;244;48;2;0;244;244m▀[38;2;25;87;110;48;2;36;126;203m▀[38;2;44;44;63;48;2;26;7;31m▀[38;2;47;77;102;48;2;11;0;0m▀[38;2;30;7;25;48;2;11;0;11m▀[38;2;11;0;11;48;2;11;0;11m▀▀[38;2;10;0;10;48;2;10;0;10m▀▀[38;2;19;0;9;48;2;10;0;0m▀[38;2;0;118;130;48;2;3;105;115m▀[38;2;0;225;225;48;2;63;194;221m▀[0m
[38;2;19;0;9;48;2;19;0;9m▀[38;2;10;0;10;48;2;10;0;10m▀[38;2;10;0;10;48;2;19;0;9m▀[38;2;19;0;9;48;2;19;0;9m▀[38;2;20;0;10;48;2;20;0;10m▀[38;2;11;0;11;48;2;20;0;10m▀[38;2;64;0;30;48;2;27;0;19m▀[38;2;216;29;188;48;2;160;80;201m▀[38;2;209;108;240;48;2;191;117;240m▀[38;2;173;129;241;48;2;181;141;241m▀[38;2;211;141;243;48;2;242;139;242m▀[38;2;244;104;225;48;2;233;116;221m▀[38;2;136;104;160;48;2;140;125;172m▀[38;2;94;108;169;48;2;88;133;198m▀[38;2;128;141;248;48;2;89;162;247m▀[38;2;122;156;249;48;2;115;135;241m▀[38;2;100;85;160;48;2;93;56;116m▀[38;2;108;71;152;48;2;134;70;160m▀[38;2;118;118;225;48;2;113;78;168m▀[38;2;106;109;213;48;2;111;88;173m▀[38;2;129;95;188;48;2;99;46;129m▀[38;2;253;140;234;48;2;244;222;252m▀[38;2;230;137;185;48;2;101;252;253m▀[38;2;130;41;96;48;2;127;142;191m▀[38;2;55;6;25;48;2;50;15;29m▀[38;2;11;0;0;48;2;21;0;10m▀[38;2;21;0;10;48;2;29;0;10m▀[38;2;29;0;10;48;2;21;0;10m▀[38;2;29;0;10;48;2;29;0;10m▀[38;2;29;0;10;48;2;34;0;9m▀[38;2;29;0;10;48;2;42;0;0m▀[38;2;29;0;10;48;2;34;0;0m▀[38;2;21;0;10;48;2;21;0;10m▀[38;2;18;131;150;48;2;0;200;211m▀[38;2;0;254;254;48;2;0;253;253m▀[38;2;5;213;230;48;2;1;208;213m▀[38;2;30;16;30;48;2;0;190;187m▀[38;2;47;47;47;48;2;0;245;228m▀[38;2;53;88;79;48;2;38;209;206m▀[38;2;48;112;100;48;2;70;81;132m▀[38;2;78;95;126;48;2;95;83;167m▀[38;2;133;106;235;48;2;249;119;249m▀[38;2;147;149;249;48;2;248;136;248m▀[38;2;34;196;248;48;2;247;120;247m▀[38;2;11;246;247;48;2;212;157;246m▀[38;2;0;245;245;48;2;106;238;245m▀[38;2;0;244;244;48;2;26;244;244m▀[38;2;0;186;243;48;2;0;233;242m▀[38;2;10;124;201;48;2;0;241;241m▀[38;2;42;52;93;48;2;0;220;240m▀[38;2;33;21;45;48;2;11;149;182m▀[38;2;20;0;10;48;2;28;15;28m▀[38;2;20;0;10;48;2;11;0;0m▀[38;2;10;0;0;48;2;20;0;10m▀[38;2;19;0;9;48;2;19;0;9m▀▀[38;2;3;123;134;48;2;0;193;199m▀[38;2;135;135;204;48;2;76;187;224m▀[0m
[38;2;10;0;0;48;2;19;0;9m▀[38;2;19;0;9;48;2;19;0;9m▀[38;2;19;0;9;48;2;10;0;10m▀▀[38;2;20;0;10;48;2;10;0;10m▀[38;2;20;0;10;48;2;30;7;30m▀[38;2;83;44;104;48;2;142;102;222m▀[38;2;194;103;237;48;2;159;88;221m▀[38;2;188;112;239;48;2;168;161;238m▀[38;2;182;166;241;48;2;178;154;240m▀[38;2;242;117;242;48;2;241;99;241m▀[38;2;188;135;216;48;2;168;119;205m▀[38;2;120;147;202;48;2;134;134;216m▀[38;2;68;160;246;48;2;80;151;245m▀[38;2;85;144;247;48;2;74;130;233m▀[38;2;119;112;213;48;2;111;105;189m▀[38;2;88;42;100;48;2;84;42;105m▀[38;2;128;53;150;48;2;108;50;139m▀[38;2;115;57;147;48;2;109;61;147m▀[38;2;102;69;162;48;2;101;58;146m▀[38;2;110;46;136;48;2;113;21;113m▀[38;2;223;252;252;48;2;251;227;251m▀[38;2;0;252;252;48;2;118;246;252m▀[38;2;79;183;218;48;2;134;134;186m▀[38;2;53;14;36;48;2;69;13;42m▀[38;2;21;0;0;48;2;21;0;0m▀[38;2;29;0;10;48;2;29;0;0m▀[38;2;21;0;0;48;2;34;0;0m▀[38;2;21;0;10;48;2;29;0;0m▀[38;2;34;0;9;48;2;21;0;10m▀[38;2;34;0;0;48;2;11;0;11m▀[38;2;29;0;0;48;2;21;0;10m▀[38;2;34;0;9;48;2;29;0;10m▀[38;2;1;205;216;48;2;55;87;131m▀[38;2;0;253;253;48;2;119;139;252m▀[38;2;0;252;252;48;2;112;86;165m▀[38;2;0;236;252;48;2;80;72;121m▀[38;2;36;170;238;48;2;52;22;41m▀[38;2;89;77;142;48;2;42;0;0m▀[38;2;74;41;79;48;2;42;0;9m▀[38;2;86;56;120;48;2;36;88;135m▀[38;2;249;148;249;48;2;175;215;248m▀[38;2;248;182;248;48;2;171;230;247m▀[38;2;212;211;247;48;2;0;246;246m▀[38;2;243;167;246;48;2;0;245;245m▀[38;2;245;88;245;48;2;145;244;244m▀[38;2;222;150;243;48;2;243;168;243m▀[38;2;81;218;242;48;2;200;173;241m▀[38;2;0;241;241;48;2;40;196;240m▀[38;2;0;239;239;48;2;96;124;218m▀[38;2;0;237;237;48;2;36;142;184m▀[38;2;0;190;200;48;2;0;235;235m▀[38;2;18;58;68;48;2;0;233;233m▀[38;2;27;0;10;48;2;5;148;146m▀[38;2;27;0;9;48;2;28;40;48m▀[38;2;32;25;43;48;2;16;115;133m▀[38;2;0;226;226;48;2;0;225;225m▀[38;2;75;193;213;48;2;70;160;182m▀[0m
[38;2;19;0;9;48;2;10;0;10m▀[38;2;10;0;10;48;2;10;0;10m▀▀▀[38;2;19;0;9;48;2;41;6;41m▀[38;2;97;61;156;48;2;177;90;231m▀[38;2;128;97;228;48;2;149;153;233m▀[38;2;125;136;236;48;2;165;170;235m▀[38;2;125;177;237;48;2;137;167;236m▀[38;2;177;156;239;48;2;161;161;238m▀[38;2;208;93;236;48;2;133;108;230m▀[38;2;164;99;214;48;2;129;92;205m▀[38;2;149;122;226;48;2;109;118;235m▀[38;2;92;142;244;48;2;77;126;234m▀[38;2;91;118;209;48;2;97;104;189m▀[38;2;107;82;162;48;2;91;54;131m▀[38;2;95;57;128;48;2;88;42;110m▀[38;2;87;46;127;48;2;84;58;132m▀[38;2;100;57;142;48;2;82;30;97m▀[38;2;96;34;106;48;2;98;29;98m▀[38;2;115;17;123;48;2;137;36;175m▀[38;2;251;91;228;48;2;250;100;228m▀[38;2;181;98;146;48;2;217;128;184m▀[38;2;157;93;151;48;2;173;82;161m▀[38;2;53;14;36;48;2;53;14;36m▀[38;2;21;0;10;48;2;21;0;10m▀[38;2;34;0;9;48;2;34;0;9m▀[38;2;34;0;0;48;2;34;0;0m▀[38;2;42;0;0;48;2;34;0;0m▀[38;2;42;0;9;48;2;42;0;0m▀[38;2;34;0;9;48;2;54;0;0m▀[38;2;29;0;0;48;2;54;0;0m▀[38;2;21;0;10;48;2;54;0;0m▀[38;2;21;0;10;48;2;29;0;0m▀[38;2;34;0;20;48;2;21;0;10m▀[38;2;29;0;0;48;2;21;0;10m▀[38;2;42;0;0;48;2;21;0;0m▀[38;2;42;0;0;48;2;34;0;0m▀[38;2;42;0;0;48;2;47;0;0m▀[38;2;34;0;0;48;2;53;0;0m▀[38;2;8;164;222;48;2;0;211;247m▀[38;2;0;247;247;48;2;0;246;246m▀[38;2;73;237;246;48;2;0;245;245m▀[38;2;0;245;245;48;2;0;244;244m▀[38;2;0;244;244;48;2;0;243;243m▀[38;2;0;243;243;48;2;0;242;242m▀[38;2;131;239;242;48;2;74;241;241m▀[38;2;191;175;240;48;2;157;186;239m▀[38;2;60;148;239;48;2;99;62;173m▀[38;2;77;38;97;48;2;27;0;10m▀[38;2;77;33;91;48;2;32;0;9m▀[38;2;72;91;139;48;2;27;0;10m▀[38;2;21;199;232;48;2;121;49;167m▀[38;2;0;230;230;48;2;104;75;180m▀[38;2;0;199;228;48;2;71;158;227m▀[38;2;0;226;226;48;2;0;225;225m▀[38;2;0;224;224;48;2;0;223;223m▀[38;2;46;110;125;48;2;42;19;19m▀[0m
[38;2;8;8;8;48;2;10;0;10m▀[38;2;10;0;10;48;2;10;0;0m▀[38;2;19;0;9;48;2;19;0;9m▀▀[38;2;45;66;133;48;2;27;120;208m▀[38;2;113;142;230;48;2;26;183;228m▀[38;2;137;178;232;48;2;107;162;230m▀[38;2;154;158;233;48;2;114;134;232m▀[38;2;206;144;235;48;2;137;108;218m▀[38;2;237;103;237;48;2;235;96;235m▀[38;2;174;110;238;48;2;170;98;237m▀[38;2;104;93;199;48;2;101;98;215m▀[38;2;85;126;232;48;2;96;125;239m▀[38;2;86;123;219;48;2;104;93;196m▀[38;2;95;83;182;48;2;92;82;176m▀[38;2;81;51;124;48;2;64;52;128m▀[38;2;76;55;128;48;2;84;55;136m▀[38;2;84;51;139;48;2;85;33;119m▀[38;2;91;29;102;48;2;97;45;135m▀[38;2;98;18;101;48;2;86;3;80m▀[38;2;150;42;174;48;2;198;69;190m▀[38;2;248;165;246;48;2;247;209;241m▀[38;2;163;172;212;48;2;129;183;214m▀[38;2;153;73;150;48;2;128;77;132m▀[38;2;39;7;26;48;2;21;0;10m▀[38;2;29;0;10;48;2;29;0;10m▀[38;2;34;0;9;48;2;29;0;0m▀[38;2;54;0;0;48;2;42;0;0m▀[38;2;48;0;0;48;2;47;0;0m▀[38;2;34;0;0;48;2;34;0;0m▀[38;2;48;0;0;48;2;47;0;0m▀[38;2;42;0;9;48;2;34;0;0m▀[38;2;48;0;0;48;2;47;0;0m▀[38;2;42;0;9;48;2;34;0;9m▀[38;2;29;0;10;48;2;21;0;10m▀[38;2;29;0;0;48;2;34;0;0m▀[38;2;34;0;9;48;2;33;0;0m▀[38;2;29;0;10;48;2;47;0;0m▀[38;2;34;0;9;48;2;44;6;30m▀[38;2;33;0;9;48;2;22;129;202m▀[38;2;0;198;246;48;2;0;237;244m▀[38;2;0;245;245;48;2;0;244;244m▀[38;2;0;244;244;48;2;0;243;243m▀[38;2;0;243;243;48;2;0;242;242m▀[38;2;0;242;242;48;2;0;240;240m▀[38;2;0;241;241;48;2;0;230;239m▀[38;2;0;221;239;48;2;20;238;238m▀[38;2;59;184;238;48;2;79;85;156m▀[38;2;42;6;52;48;2;20;0;10m▀[38;2;32;0;9;48;2;27;0;10m▀[38;2;27;0;10;48;2;27;0;10m▀[38;2;20;0;10;48;2;27;0;9m▀[38;2;36;6;28;48;2;26;0;9m▀[38;2;111;29;137;48;2;26;0;18m▀[38;2;160;20;208;48;2;59;5;52m▀[38;2;83;58;190;48;2;19;0;9m▀[38;2;24;78;92;48;2;10;0;10m▀[38;2;30;0;8;48;2;18;0;9m▀[0m
[38;2;10;0;10;48;2;10;0;10m▀[38;2;10;0;0;48;2;10;0;10m▀[38;2;10;0;10;48;2;18;0;9m▀[38;2;19;0;9;48;2;26;0;18m▀[38;2;5;159;225;48;2;56;168;223m▀[38;2;33;186;227;48;2;100;168;225m▀[38;2;79;152;228;48;2;57;126;211m▀[38;2;72;101;190;48;2;78;78;159m▀[38;2;110;87;191;48;2;106;84;185m▀[38;2;198;101;233;48;2;161;96;232m▀[38;2;126;87;210;48;2;129;119;233m▀[38;2;91;121;236;48;2;89;132;234m▀[38;2;84;104;214;48;2;64;38;114m▀[38;2;99;68;162;48;2;82;32;124m▀[38;2;103;66;174;48;2;98;62;160m▀[38;2;82;56;143;48;2;88;55;142m▀[38;2;86;38;109;48;2;85;38;116m▀[38;2;91;41;116;48;2;94;50;129m▀[38;2;94;50;141;48;2;107;55;137m▀[38;2;87;3;79;48;2;89;11;89m▀[38;2;204;96;201;48;2;203;111;223m▀[38;2;196;192;229;48;2;168;154;203m▀[38;2;135;127;176;48;2;146;79;145m▀[38;2;100;56;92;48;2;50;6;30m▀[38;2;21;0;10;48;2;28;0;0m▀[38;2;21;0;10;48;2;21;0;10m▀[38;2;29;0;0;48;2;21;0;0m▀[38;2;34;0;0;48;2;21;0;10m▀[38;2;41;0;9;48;2;21;0;10m▀[38;2;47;0;9;48;2;28;0;10m▀[38;2;47;0;0;48;2;41;0;9m▀[38;2;57;0;8;48;2;61;0;8m▀[38;2;41;0;0;48;2;41;0;0m▀[38;2;21;0;10;48;2;21;0;10m▀[38;2;21;0;0;48;2;21;0;10m▀[38;2;47;0;0;48;2;41;0;0m▀[38;2;47;0;0;48;2;52;0;0m▀[38;2;47;0;0;48;2;47;14;47m▀[38;2;53;84;142;48;2;23;137;195m▀[38;2;0;244;244;48;2;0;242;242m▀[38;2;0;243;243;48;2;0;241;241m▀[38;2;0;242;242;48;2;0;240;240m▀[38;2;0;241;241;48;2;0;200;239m▀[38;2;46;181;240;48;2;0;194;238m▀[38;2;0;239;239;48;2;21;187;237m▀[38;2;17;238;238;48;2;99;149;236m▀[38;2;119;148;236;48;2;109;57;171m▀[38;2;49;13;46;48;2;27;0;10m▀[38;2;32;0;0;48;2;44;0;9m▀[38;2;27;0;10;48;2;27;0;0m▀[38;2;19;0;9;48;2;31;0;0m▀[38;2;31;0;8;48;2;31;0;0m▀[38;2;26;0;9;48;2;26;0;9m▀[38;2;26;0;9;48;2;42;0;8m▀[38;2;26;0;9;48;2;30;0;8m▀[38;2;19;0;9;48;2;18;0;9m▀[38;2;25;0;9;48;2;25;0;9m▀[38;2;18;0;9;48;2;25;0;9m▀[0m
[38;2;9;0;9;48;2;18;0;9m▀[38;2;18;0;9;48;2;18;0;9m▀[38;2;18;0;0;48;2;31;13;42m▀[38;2;27;58;94;48;2;89;115;215m▀[38;2;102;169;221;48;2;148;125;205m▀[38;2;80;133;223;48;2;97;88;182m▀[38;2;67;94;176;48;2;83;75;177m▀[38;2;81;94;185;48;2;111;84;198m▀[38;2;85;97;204;48;2;110;92;211m▀[38;2;117;114;229;48;2;102;71;185m▀[38;2;147;99;231;48;2;106;45;147m▀[38;2;87;61;151;48;2;74;11;85m▀[38;2;78;22;106;48;2;82;21;97m▀[38;2;79;22;103;48;2;76;21;95m▀[38;2;90;43;140;48;2;92;39;130m▀[38;2;85;63;146;48;2;95;54;143m▀[38;2;91;40;119;48;2;98;39;128m▀[38;2;119;51;148;48;2;110;57;142m▀[38;2;115;54;141;48;2;117;57;139m▀[38;2;108;17;115;48;2;152;41;150m▀[38;2;204;130;231;48;2;188;110;190m▀[38;2;153;109;164;48;2;160;70;135m▀[38;2;118;40;92;48;2;77;12;54m▀[38;2;28;0;10;48;2;28;0;10m▀[38;2;41;0;0;48;2;28;0;0m▀▀[38;2;33;0;0;48;2;28;0;0m▀[38;2;28;0;10;48;2;28;0;10m▀[38;2;21;0;10;48;2;28;0;10m▀[38;2;28;0;10;48;2;40;0;9m▀[38;2;28;0;10;48;2;33;0;0m▀[38;2;33;0;9;48;2;28;0;10m▀[38;2;33;0;0;48;2;20;0;10m▀[38;2;21;0;10;48;2;20;0;10m▀[38;2;41;0;0;48;2;52;0;0m▀[38;2;40;0;9;48;2;54;0;17m▀[38;2;39;0;19;48;2;65;42;98m▀[38;2;36;98;145;48;2;0;180;214m▀[38;2;0;201;222;48;2;0;227;239m▀[38;2;0;240;240;48;2;0;238;238m▀[38;2;0;239;239;48;2;0;237;237m▀[38;2;0;238;238;48;2;0;236;236m▀[38;2;0;181;237;48;2;0;223;235m▀[38;2;0;181;236;48;2;0;228;234m▀[38;2;80;144;235;48;2;102;206;233m▀[38;2;74;90;234;48;2;105;126;216m▀[38;2;56;41;146;48;2;31;0;9m▀[38;2;27;0;9;48;2;26;0;9m▀[38;2;38;0;9;48;2;49;0;8m▀[38;2;26;0;0;48;2;31;0;8m▀[38;2;26;0;9;48;2;26;0;9m▀[38;2;30;0;8;48;2;37;0;8m▀[38;2;30;0;0;48;2;42;0;0m▀[38;2;37;0;0;48;2;36;0;0m▀[38;2;18;0;0;48;2;25;0;0m▀[38;2;29;0;0;48;2;36;0;0m▀[38;2;25;0;0;48;2;24;0;9m▀[38;2;53;0;7;48;2;35;0;0m▀[0m
[38;2;9;0;0;48;2;17;0;8m▀[38;2;18;0;9;48;2;17;0;8m▀[38;2;98;59;165;48;2;91;86;207m▀[38;2;119;99;208;48;2;97;89;189m▀[38;2;145;94;182;48;2;139;76;175m▀[38;2;86;58;125;48;2;91;28;103m▀[38;2;112;73;177;48;2;83;29;96m▀[38;2;117;65;193;48;2;90;40;138m▀[38;2;105;49;163;48;2;97;60;165m▀[38;2;90;49;144;48;2;75;10;85m▀[38;2;72;11;80;48;2;49;5;45m▀[38;2;76;17;83;48;2;53;5;48m▀[38;2;73;11;78;48;2;65;4;65m▀[38;2;82;21;101;48;2;77;17;101m▀[38;2;91;39;129;48;2;89;42;135m▀[38;2;89;53;141;48;2;91;60;146m▀[38;2;115;69;159;48;2;102;81;177m▀[38;2;105;65;142;48;2;41;165;194m▀[38;2;72;118;161;48;2;0;233;233m▀[38;2;129;155;222;48;2;0;204;219m▀[38;2;164;62;158;48;2;83;88;141m▀[38;2;139;29;105;48;2;76;28;67m▀[38;2;30;7;17;48;2;20;0;10m▀[38;2;32;0;9;48;2;20;0;10m▀[38;2;40;0;0;48;2;27;0;10m▀[38;2;28;0;10;48;2;27;0;10m▀[38;2;28;0;10;48;2;32;0;0m▀[38;2;28;0;0;48;2;27;0;0m▀[38;2;28;0;10;48;2;40;0;9m▀[38;2;40;0;9;48;2;45;0;9m▀[38;2;46;0;0;48;2;32;0;0m▀[38;2;46;0;0;48;2;45;0;0m▀[38;2;28;0;10;48;2;20;0;10m▀[38;2;32;0;0;48;2;39;0;0m▀[38;2;45;0;9;48;2;50;30;62m▀[38;2;60;34;72;48;2;0;161;176m▀[38;2;5;147;185;48;2;0;199;217m▀[38;2;0;218;237;48;2;0;176;211m▀[38;2;0;207;224;48;2;41;116;170m▀[38;2;0;195;228;48;2;43;113;181m▀[38;2;0;235;235;48;2;30;157;215m▀[38;2;10;213;234;48;2;59;173;231m▀[38;2;14;190;233;48;2;12;195;230m▀[38;2;97;203;232;48;2;145;167;229m▀[38;2;137;163;230;48;2;162;127;214m▀[38;2;108;87;177;48;2;94;65;137m▀[38;2;31;0;8;48;2;26;0;9m▀[38;2;31;0;8;48;2;37;0;0m▀[38;2;61;0;7;48;2;37;0;0m▀[38;2;67;0;15;48;2;42;0;0m▀[38;2;60;0;7;48;2;55;0;7m▀[38;2;47;0;7;48;2;63;0;6m▀[38;2;36;0;0;48;2;59;0;7m▀[38;2;18;0;0;48;2;49;0;7m▀[38;2;29;0;8;48;2;29;0;0m▀[38;2;35;0;0;48;2;18;0;9m▀[38;2;35;0;0;48;2;17;0;8m▀[38;2;34;0;0;48;2;34;0;8m▀[0m
[38;2;17;0;8;48;2;17;0;8m▀[38;2;28;18;42;48;2;47;29;74m▀[38;2;76;99;206;48;2;89;97;192m▀[38;2;90;102;194;48;2;99;106;196m▀[38;2;123;90;180;48;2;99;89;159m▀[38;2;92;70;142;48;2;76;67;136m▀[38;2;78;53;126;48;2;77;53;128m▀[38;2;62;21;73;48;2;35;0;28m▀[38;2;44;5;44;48;2;18;0;9m▀[38;2;18;0;9;48;2;18;0;9m▀[38;2;19;0;9;48;2;18;0;9m▀[38;2;77;31;91;48;2;30;24;49m▀[38;2;67;11;72;48;2;63;71;188m▀[38;2;86;26;109;48;2;60;21;116m▀[38;2;86;41;132;48;2;81;26;118m▀[38;2;101;77;159;48;2;120;74;169m▀[38;2;90;100;176;48;2;113;100;168m▀[38;2;0;189;184;48;2;20;159;162m▀[38;2;0;230;228;48;2;18;168;168m▀[38;2;19;152;162;48;2;75;28;48m▀[38;2;63;84;95;48;2;75;28;48m▀[38;2;25;7;17;48;2;27;0;9m▀[38;2;27;0;0;48;2;38;0;0m▀[38;2;27;0;0;48;2;44;0;0m▀[38;2;27;0;10;48;2;49;0;0m▀[38;2;27;0;10;48;2;31;0;0m▀[38;2;20;0;10;48;2;27;0;0m▀▀[38;2;45;0;9;48;2;27;0;0m▀[38;2;50;0;0;48;2;50;0;8m▀[38;2;39;0;0;48;2;39;0;0m▀[38;2;27;0;10;48;2;27;0;9m▀[38;2;27;0;10;48;2;44;20;48m▀[38;2;54;13;45;48;2;38;132;175m▀[38;2;16;162;197;48;2;0;191;215m▀[38;2;0;178;200;48;2;81;107;158m▀[38;2;42;137;173;48;2;135;45;132m▀[38;2;68;105;167;48;2;133;28;124m▀[38;2;87;79;155;48;2;95;17;95m▀[38;2;108;52;142;48;2;97;9;101m▀[38;2;100;95;173;48;2;103;86;184m▀[38;2;69;155;228;48;2;26;181;225m▀[38;2;16;195;227;48;2;0;213;224m▀[38;2;135;180;226;48;2;131;176;223m▀[38;2;161;132;218;48;2;162;98;203m▀[38;2;91;30;80;48;2;72;4;32m▀[38;2;30;0;0;48;2;30;0;0m▀[38;2;51;0;0;48;2;47;0;0m▀[38;2;42;0;0;48;2;59;0;7m▀[38;2;36;0;0;48;2;49;0;0m▀[38;2;41;0;0;48;2;53;0;7m▀[38;2;46;0;0;48;2;58;0;7m▀[38;2;53;0;7;48;2;48;0;0m▀[38;2;57;0;7;48;2;47;0;0m▀[38;2;61;0;6;48;2;51;0;0m▀[38;2;60;0;6;48;2;69;0;0m▀[38;2;34;0;0;48;2;46;0;7m▀[38;2;17;0;8;48;2;45;0;0m▀[0m
[38;2;16;0;8;48;2;9;0;9m▀[38;2;44;33;81;48;2;47;31;88m▀[38;2;70;90;181;48;2;75;72;158m▀[38;2;86;86;166;48;2;64;61;129m▀[38;2;71;65;120;48;2;51;35;91m▀[38;2;62;46;105;48;2;57;29;78m▀[38;2;50;21;57;48;2;9;0;9m▀[38;2;18;0;9;48;2;17;0;8m▀▀[38;2;18;0;9;48;2;9;0;0m▀[38;2;10;0;10;48;2;38;42;67m▀[38;2;44;87;151;48;2;32;136;166m▀[38;2;0;131;217;48;2;8;112;210m▀[38;2;42;62;176;48;2;28;67;190m▀[38;2;50;46;170;48;2;16;75;183m▀[38;2;74;37;166;48;2;54;54;171m▀[38;2;65;35;132;48;2;66;54;175m▀[38;2;74;59;131;48;2;70;50;194m▀[38;2;84;38;109;48;2;70;34;173m▀[38;2;40;6;23;48;2;61;11;103m▀[38;2;19;0;9;48;2;53;5;45m▀[38;2;38;0;8;48;2;42;0;8m▀[38;2;31;0;0;48;2;30;0;0m▀▀[38;2;31;0;0;48;2;26;0;0m▀[38;2;26;0;0;48;2;30;0;0m▀[38;2;38;0;0;48;2;26;0;0m▀[38;2;38;0;8;48;2;26;0;0m▀[38;2;26;0;0;48;2;30;0;0m▀[38;2;26;0;9;48;2;30;0;0m▀[38;2;19;0;9;48;2;30;0;8m▀[38;2;27;15;23;48;2;44;75;95m▀[38;2;5;141;199;48;2;0;196;212m▀[38;2;0;193;219;48;2;63;131;189m▀[38;2;78;113;165;48;2;102;34;133m▀[38;2;124;36;136;48;2;92;9;103m▀[38;2;112;8;92;48;2;76;11;77m▀[38;2;108;1;77;48;2;83;3;68m▀[38;2;94;2;63;48;2;86;3;60m▀[38;2;91;16;80;48;2;78;3;51m▀[38;2;70;97;166;48;2;79;94;162m▀[38;2;0;183;222;48;2;0;198;214m▀[38;2;0;221;221;48;2;0;217;217m▀[38;2;90;173;220;48;2;102;172;216m▀[38;2;128;70;158;48;2;105;43;99m▀[38;2;50;0;7;48;2;36;0;0m▀[38;2;25;0;0;48;2;45;0;7m▀[38;2;36;0;0;48;2;35;0;0m▀[38;2;49;0;0;48;2;24;0;0m▀[38;2;40;0;0;48;2;24;0;0m▀[38;2;45;0;0;48;2;34;0;0m▀[38;2;44;0;0;48;2;39;0;0m▀[38;2;56;0;7;48;2;50;0;7m▀[38;2;55;0;7;48;2;43;0;0m▀[38;2;46;0;7;48;2;33;0;0m▀[38;2;46;0;7;48;2;26;0;0m▀[38;2;27;0;7;48;2;26;0;0m▀[38;2;45;0;0;48;2;41;0;0m▀[0m
