[38;2;0;0;0;48;2;0;0;0m▀[38;2;0;0;4;48;2;4;0;4m▀[38;2;0;0;10;48;2;0;0;10m▀[38;2;0;0;12;48;2;0;0;13m▀[38;2;0;0;15;48;2;0;0;13m▀[38;2;0;0;8;48;2;0;0;8m▀[38;2;0;0;15;48;2;0;0;15m▀[38;2;0;0;13;48;2;0;0;13m▀[38;2;0;0;19;48;2;0;0;19m▀[38;2;0;3;28;48;2;3;3;29m▀[38;2;0;3;33;48;2;2;6;35m▀[38;2;0;6;39;48;2;2;6;38m▀[38;2;0;6;45;48;2;0;6;42m▀[38;2;0;8;52;48;2;1;8;52m▀[38;2;0;6;45;48;2;0;6;41m▀[38;2;0;6;49;48;2;0;8;52m▀[38;2;0;8;61;48;2;0;12;66m▀[38;2;0;10;61;48;2;0;11;65m▀[38;2;0;12;69;48;2;0;12;69m▀[38;2;0;12;68;48;2;0;16;77m▀[38;2;4;15;68;48;2;0;18;82m▀[38;2;1;11;50;48;2;0;13;63m▀[38;2;1;8;45;48;2;0;13;70m▀[38;2;7;12;50;48;2;0;18;79m▀[38;2;1;8;44;48;2;0;18;80m▀[38;2;2;8;37;48;2;0;18;83m▀[38;2;0;7;35;48;2;0;20;82m▀[38;2;0;6;39;48;2;0;18;79m▀[38;2;0;7;35;48;2;0;12;58m▀[38;2;0;6;39;48;2;0;11;62m▀[38;2;1;8;53;48;2;0;14;64m▀[38;2;0;6;54;48;2;0;8;52m▀[38;2;0;11;66;48;2;1;8;52m▀[38;2;0;8;57;48;2;0;7;38m▀[38;2;0;12;67;48;2;0;7;44m▀[38;2;0;6;50;48;2;3;3;26m▀[38;2;0;6;49;48;2;3;3;30m▀[38;2;0;8;62;48;2;0;3;38m▀[38;2;0;6;51;48;2;0;3;32m▀[38;2;0;3;50;48;2;0;3;31m▀[38;2;0;3;46;48;2;6;8;34m▀[38;2;0;0;38;48;2;0;0;26m▀[38;2;0;0;25;48;2;0;0;17m▀[38;2;0;0;19;48;2;0;0;16m▀[38;2;0;0;25;48;2;0;0;21m▀[38;2;4;0;18;48;2;4;0;14m▀[38;2;4;0;16;48;2;4;0;10m▀[38;2;4;0;13;48;2;4;0;9m▀[38;2;4;0;8;48;2;4;0;8m▀[38;2;0;0;0;48;2;0;0;0m▀[38;2;0;0;4;48;2;0;0;0m▀▀[38;2;0;0;8;48;2;0;0;4m▀[38;2;0;0;0;48;2;0;0;0m▀▀▀▀▀[0m
[38;2;0;0;0;48;2;0;0;0m▀[38;2;0;0;4;48;2;0;0;4m▀[38;2;0;0;8;48;2;0;3;7m▀[38;2;0;0;13;48;2;0;3;9m▀[38;2;0;0;13;48;2;0;8;16m▀[38;2;0;0;8;48;2;0;7;12m▀[38;2;4;0;13;48;2;4;0;16m▀[38;2;0;0;11;48;2;4;0;10m▀[38;2;3;3;27;48;2;3;3;27m▀[38;2;0;7;29;48;2;2;6;32m▀[38;2;0;6;36;48;2;2;6;39m▀[38;2;0;6;37;48;2;2;6;35m▀[38;2;0;3;42;48;2;0;7;32m▀[38;2;0;6;47;48;2;0;8;55m▀[38;2;0;6;42;48;2;1;8;41m▀[38;2;0;8;53;48;2;1;8;50m▀[38;2;0;11;66;48;2;0;13;66m▀[38;2;0;13;68;48;2;0;13;69m▀[38;2;0;16;73;48;2;0;18;81m▀[38;2;0;22;91;48;2;0;22;92m▀[38;2;0;22;86;48;2;13;26;88m▀[38;2;0;11;60;48;2;1;8;51m▀[38;2;0;20;82;48;2;0;24;94m▀[38;2;0;19;82;48;2;0;24;98m▀[38;2;0;16;76;48;2;0;19;87m▀[38;2;0;20;87;48;2;0;22;95m▀[38;2;0;22;88;48;2;0;24;97m▀[38;2;0;20;87;48;2;0;19;88m▀[38;2;0;12;56;48;2;1;9;56m▀[38;2;0;17;75;48;2;0;17;78m▀[38;2;0;17;80;48;2;0;13;75m▀[38;2;0;13;73;48;2;0;13;72m▀[38;2;0;17;75;48;2;0;13;74m▀[38;2;0;8;61;48;2;0;9;59m▀[38;2;0;13;74;48;2;0;13;72m▀[38;2;0;7;40;48;2;0;3;35m▀[38;2;2;7;50;48;2;0;8;55m▀[38;2;0;7;48;48;2;0;7;49m▀[38;2;2;7;39;48;2;3;3;51m▀[38;2;0;7;39;48;2;2;7;48m▀[38;2;0;3;30;48;2;3;3;39m▀[38;2;3;3;24;48;2;0;3;30m▀[38;2;0;0;9;48;2;0;0;12m▀[38;2;4;0;9;48;2;4;0;20m▀[38;2;0;0;9;48;2;4;0;19m▀[38;2;5;0;5;48;2;0;0;12m▀[38;2;5;0;5;48;2;4;0;9m▀[38;2;0;0;5;48;2;4;0;9m▀[38;2;0;0;4;48;2;5;0;5m▀[38;2;0;0;0;48;2;0;0;0m▀▀▀▀▀▀▀▀▀[0m
[38;2;0;0;0;48;2;0;7;7m▀[38;2;0;0;0;48;2;0;0;0m▀▀[38;2;0;0;0;48;2;3;7;8m▀[38;2;2;8;12;48;2;4;4;4m▀[38;2;2;9;12;48;2;0;0;0m▀[38;2;4;0;10;48;2;4;4;4m▀[38;2;0;0;9;48;2;5;0;0m▀[38;2;2;6;28;48;2;2;6;23m▀[38;2;2;6;35;48;2;3;3;30m▀[38;2;6;8;45;48;2;6;8;38m▀[38;2;2;6;37;48;2;6;8;43m▀[38;2;0;3;32;48;2;2;7;33m▀[38;2;7;13;62;48;2;10;13;53m▀[38;2;13;11;39;48;2;7;7;31m▀[38;2;6;8;58;48;2;9;18;76m▀[38;2;0;18;78;48;2;0;22;89m▀[38;2;0;16;77;48;2;0;18;84m▀[38;2;0;20;87;48;2;0;24;96m▀[38;2;2;21;88;48;2;3;29;94m▀[38;2;80;104;125;48;2;43;84;113m▀[38;2;0;11;60;48;2;1;11;59m▀[38;2;0;24;97;48;2;0;21;82m▀[38;2;0;26;103;48;2;0;26;109m▀[38;2;1;9;56;48;2;0;18;87m▀[38;2;0;23;105;48;2;0;26;106m▀[38;2;0;26;107;48;2;0;26;105m▀[38;2;0;24;100;48;2;0;27;108m▀[38;2;1;11;59;48;2;0;13;62m▀[38;2;0;23;91;48;2;0;23;92m▀[38;2;18;35;84;48;2;27;54;94m▀[38;2;4;16;75;48;2;22;44;93m▀[38;2;0;13;77;48;2;0;19;88m▀[38;2;0;11;66;48;2;0;12;70m▀[38;2;0;13;76;48;2;0;13;74m▀[38;2;0;3;35;48;2;0;3;38m▀[38;2;0;11;64;48;2;0;11;71m▀[38;2;0;7;57;48;2;0;9;55m▀[38;2;0;7;54;48;2;0;7;55m▀[38;2;2;7;53;48;2;0;7;53m▀[38;2;0;0;41;48;2;0;3;38m▀[38;2;0;3;34;48;2;0;3;33m▀[38;2;0;0;15;48;2;0;0;21m▀[38;2;0;3;26;48;2;0;3;39m▀[38;2;0;0;25;48;2;0;3;31m▀[38;2;0;0;20;48;2;0;0;27m▀▀[38;2;4;0;14;48;2;4;0;17m▀[38;2;4;0;9;48;2;0;0;9m▀[38;2;5;0;5;48;2;0;0;5m▀[38;2;0;0;5;48;2;5;0;5m▀[38;2;4;0;4;48;2;4;0;9m▀[38;2;0;0;4;48;2;0;0;5m▀[38;2;0;0;0;48;2;0;0;0m▀▀▀▀▀[0m
[38;2;0;0;0;48;2;7;12;16m▀[38;2;0;0;0;48;2;15;29;31m▀[38;2;6;17;19;48;2;6;9;9m▀[38;2;0;0;0;48;2;10;20;20m▀[38;2;4;4;4;48;2;18;30;31m▀[38;2;0;0;0;48;2;9;19;22m▀[38;2;5;13;17;48;2;13;35;43m▀[38;2;9;30;35;48;2;7;40;47m▀[38;2;8;23;29;48;2;14;36;43m▀[38;2;7;8;18;48;2;7;18;23m▀[38;2;2;7;19;48;2;10;18;23m▀[38;2;2;7;32;48;2;7;9;15m▀[38;2;7;7;30;48;2;13;13;40m▀[38;2;16;16;53;48;2;12;16;49m▀[38;2;9;9;38;48;2;7;7;31m▀[38;2;10;21;83;48;2;6;18;73m▀[38;2;0;18;80;48;2;3;18;83m▀[38;2;0;20;87;48;2;3;22;89m▀[38;2;0;24;94;48;2;0;22;95m▀[38;2;13;38;90;48;2;9;33;92m▀[38;2;28;63;99;48;2;26;42;70m▀[38;2;8;12;40;48;2;18;20;41m▀[38;2;3;22;82;48;2;5;22;90m▀[38;2;6;18;80;48;2;12;20;79m▀[38;2;5;20;86;48;2;5;24;92m▀[38;2;0;20;89;48;2;10;18;77m▀[38;2;1;26;107;48;2;31;26;106m▀[38;2;18;25;112;48;2;98;57;116m▀[38;2;14;12;49;48;2;85;63;87m▀[38;2;2;24;96;48;2;12;33;111m▀[38;2;17;42;98;48;2;3;34;96m▀[38;2;31;55;93;48;2;28;37;43m▀[38;2;0;14;75;48;2;4;0;12m▀[38;2;0;9;68;48;2;24;39;64m▀[38;2;0;12;70;48;2;11;14;50m▀[38;2;0;10;38;48;2;3;3;36m▀[38;2;0;12;71;48;2;0;13;62m▀[38;2;0;7;47;48;2;0;3;45m▀[38;2;0;7;54;48;2;0;3;41m▀[38;2;0;9;55;48;2;2;7;47m▀[38;2;0;3;42;48;2;0;3;42m▀[38;2;0;3;30;48;2;0;4;21m▀[38;2;0;0;23;48;2;0;0;23m▀[38;2;0;3;39;48;2;0;0;34m▀[38;2;0;3;27;48;2;0;0;23m▀[38;2;0;3;25;48;2;4;0;18m▀[38;2;0;0;25;48;2;4;0;17m▀[38;2;4;0;17;48;2;4;0;15m▀[38;2;5;0;5;48;2;5;0;5m▀[38;2;4;4;4;48;2;4;4;4m▀[38;2;5;0;5;48;2;4;4;4m▀[38;2;5;0;5;48;2;0;0;0m▀[38;2;0;0;0;48;2;0;0;0m▀▀▀▀▀[38;2;6;8;11;48;2;0;0;0m▀[0m
[38;2;3;7;9;48;2;9;26;33m▀[38;2;10;22;22;48;2;0;0;0m▀[38;2;3;7;7;48;2;7;7;7m▀[38;2;26;48;55;48;2;7;13;17m▀[38;2;13;24;30;48;2;19;34;40m▀[38;2;17;29;35;48;2;10;25;27m▀[38;2;10;48;65;48;2;6;20;36m▀[38;2;10;18;21;48;2;11;20;38m▀[38;2;6;14;14;48;2;23;49;58m▀[38;2;10;17;18;48;2;18;50;60m▀[38;2;10;18;23;48;2;17;26;30m▀[38;2;9;12;20;48;2;21;36;49m▀[38;2;15;18;67;48;2;19;30;93m▀[38;2;9;30;110;48;2;15;26;108m▀[38;2;10;18;67;48;2;8;13;56m▀[38;2;12;13;31;48;2;3;3;20m▀[38;2;10;10;10;48;2;4;4;4m▀[38;2;13;16;45;48;2;15;15;12m▀[38;2;8;34;94;48;2;31;77;76m▀[38;2;27;56;91;48;2;39;86;81m▀[38;2;30;52;53;48;2;36;53;56m▀[38;2;13;19;38;48;2;65;148;149m▀[38;2;16;20;69;48;2;48;134;131m▀[38;2;29;55;80;48;2;73;181;187m▀[38;2;44;109;127;48;2;67;169;175m▀[38;2;43;95;115;48;2;71;164;163m▀[38;2;47;111;130;48;2;53;145;135m▀[38;2;27;72;109;48;2;67;145;142m▀[38;2;3;23;85;48;2;31;89;100m▀[38;2;0;32;119;48;2;28;59;104m▀[38;2;2;34;104;48;2;4;28;85m▀[38;2;35;65;100;48;2;37;61;61m▀[38;2;1;9;50;48;2;3;3;18m▀[38;2;2;7;41;48;2;2;7;41m▀[38;2;3;3;26;48;2;3;3;18m▀[38;2;4;4;4;48;2;5;0;5m▀[38;2;0;8;25;48;2;2;9;42m▀[38;2;0;8;38;48;2;7;7;38m▀[38;2;0;3;34;48;2;2;7;45m▀[38;2;0;7;44;48;2;0;7;51m▀[38;2;0;0;35;48;2;0;3;36m▀[38;2;4;0;18;48;2;0;0;18m▀[38;2;0;0;22;48;2;0;3;26m▀[38;2;0;0;26;48;2;0;0;27m▀[38;2;0;0;15;48;2;4;0;15m▀[38;2;4;0;15;48;2;4;0;15m▀[38;2;4;0;11;48;2;0;0;10m▀[38;2;5;0;5;48;2;5;0;5m▀[38;2;0;0;0;48;2;0;0;0m▀▀▀▀▀▀▀[38;2;0;0;0;48;2;3;3;8m▀[38;2;4;4;4;48;2;4;4;4m▀[38;2;0;0;0;48;2;0;0;0m▀[0m
[38;2;0;4;4;48;2;0;0;0m▀[38;2;0;0;0;48;2;0;0;0m▀▀[38;2;4;4;4;48;2;0;0;0m▀[38;2;11;13;11;48;2;0;0;0m▀[38;2;11;14;16;48;2;14;11;11m▀[38;2;24;27;58;48;2;27;27;54m▀[38;2;13;13;41;48;2;13;11;38m▀[38;2;15;22;36;48;2;25;40;63m▀[38;2;16;20;18;48;2;28;57;60m▀[38;2;8;14;27;48;2;21;36;60m▀[38;2;5;13;60;48;2;9;20;78m▀[38;2;14;30;107;48;2;19;32;100m▀[38;2;14;33;127;48;2;18;33;120m▀[38;2;4;16;64;48;2;10;18;64m▀[38;2;10;21;52;48;2;19;59;84m▀[38;2;14;40;44;48;2;28;89;92m▀[38;2;13;21;21;48;2;31;77;74m▀[38;2;16;25;22;48;2;30;78;84m▀[38;2;48;95;86;48;2;45;85;82m▀[38;2;67;156;148;48;2;41;85;85m▀[38;2;82;186;183;48;2;32;74;71m▀[38;2;51;149;137;48;2;35;94;87m▀[38;2;47;147;131;48;2;22;107;82m▀[38;2;52;126;106;48;2;54;138;126m▀[38;2;52;148;124;48;2;43;95;81m▀[38;2;43;140;119;48;2;28;108;97m▀[38;2;41;125;113;48;2;34;79;71m▀[38;2;78;160;153;48;2;64;119;119m▀[38;2;29;75;100;48;2;58;129;142m▀[38;2;41;100;129;48;2;37;121;130m▀[38;2;61;108;107;48;2;67;155;138m▀[38;2;12;24;52;48;2;32;63;83m▀[38;2;1;12;50;48;2;15;26;40m▀[38;2;3;3;18;48;2;15;29;37m▀[38;2;3;3;15;48;2;20;37;41m▀[38;2;2;7;41;48;2;27;55;74m▀[38;2;2;7;49;48;2;18;54;111m▀[38;2;0;7;51;48;2;13;42;95m▀[38;2;3;3;33;48;2;2;7;56m▀[38;2;0;3;33;48;2;0;9;66m▀[38;2;0;0;16;48;2;7;9;32m▀[38;2;3;3;23;48;2;15;67;79m▀[38;2;4;0;15;48;2;19;59;69m▀[38;2;4;0;10;48;2;23;42;45m▀[38;2;4;0;12;48;2;39;36;51m▀[38;2;4;4;4;48;2;22;44;32m▀[38;2;4;4;4;48;2;22;26;24m▀[38;2;0;0;0;48;2;25;25;33m▀[38;2;0;0;5;48;2;17;24;26m▀[38;2;0;0;0;48;2;11;14;17m▀[38;2;0;0;0;48;2;10;18;18m▀[38;2;0;0;0;48;2;0;0;0m▀▀[38;2;4;4;4;48;2;0;0;0m▀▀[38;2;0;0;0;48;2;0;0;0m▀▀[0m
[38;2;0;0;0;48;2;0;0;0m▀▀[38;2;0;0;0;48;2;4;4;4m▀[38;2;0;0;0;48;2;7;7;7m▀[38;2;0;0;0;48;2;6;14;17m▀[38;2;11;22;22;48;2;7;9;15m▀[38;2;18;45;50;48;2;7;9;12m▀[38;2;10;19;28;48;2;12;19;25m▀[38;2;35;72;83;48;2;21;38;53m▀[38;2;36;81;88;48;2;35;81;90m▀[38;2;30;65;69;48;2;23;46;48m▀[38;2;17;34;58;48;2;9;25;23m▀[38;2;11;28;33;48;2;10;23;21m▀[38;2;17;30;38;48;2;7;21;24m▀[38;2;13;46;61;48;2;6;38;45m▀[38;2;10;89;108;48;2;8;59;73m▀[38;2;11;111;131;48;2;6;77;90m▀[38;2;14;110;131;48;2;6;89;103m▀[38;2;19;101;120;48;2;17;108;125m▀[38;2;21;98;115;48;2;13;117;136m▀[38;2;30;97;111;48;2;13;127;145m▀[38;2;29;99;114;48;2;19;132;155m▀[38;2;18;104;115;48;2;20;130;152m▀[38;2;23;106;119;48;2;26;142;155m▀[38;2;35;98;99;48;2;25;111;120m▀[38;2;18;87;86;48;2;25;120;133m▀[38;2;24;97;105;48;2;10;106;139m▀[38;2;25;106;127;48;2;10;104;161m▀[38;2;29;117;144;48;2;5;89;167m▀[38;2;29;119;150;48;2;4;82;175m▀[38;2;26;116;148;48;2;5;64;160m▀[38;2;24;99;120;48;2;8;51;132m▀[38;2;27;99;112;48;2;2;28;87m▀[38;2;23;87;102;48;2;1;15;38m▀[38;2;32;95;104;48;2;13;39;40m▀[38;2;34;105;118;48;2;3;123;135m▀[38;2;51;128;131;48;2;14;53;65m▀[38;2;41;97;109;48;2;10;31;52m▀[38;2;32;85;116;48;2;3;21;78m▀[38;2;0;12;65;48;2;1;12;57m▀[38;2;0;14;67;48;2;1;9;56m▀[38;2;6;24;30;48;2;10;24;24m▀[38;2;15;50;54;48;2;21;53;46m▀[38;2;38;55;60;48;2;43;105;97m▀[38;2;68;95;103;48;2;37;122;118m▀[38;2;64;80;93;48;2;47;118;123m▀[38;2;46;63;71;48;2;53;111;119m▀[38;2;54;98;100;48;2;55;134;148m▀[38;2;53;71;84;48;2;51;142;156m▀[38;2;37;76;78;48;2;46;129;141m▀[38;2;36;106;113;48;2;37;119;123m▀[38;2;18;44;47;48;2;31;79;79m▀[38;2;0;4;4;48;2;25;51;53m▀[38;2;0;0;0;48;2;6;12;14m▀[38;2;4;4;4;48;2;22;37;37m▀[38;2;4;4;4;48;2;16;23;20m▀[38;2;0;0;0;48;2;0;0;0m▀▀[0m
[38;2;4;4;4;48;2;0;20;20m▀[38;2;0;0;0;48;2;6;9;9m▀[38;2;9;20;18;48;2;7;7;7m▀[38;2;1;12;8;48;2;4;4;4m▀[38;2;6;14;17;48;2;10;17;18m▀[38;2;12;33;36;48;2;3;3;9m▀[38;2;11;11;18;48;2;21;47;53m▀[38;2;8;14;20;48;2;9;9;15m▀[38;2;16;27;32;48;2;24;52;57m▀[38;2;34;68;75;48;2;26;70;78m▀[38;2;23;55;56;48;2;14;43;47m▀[38;2;1;13;9;48;2;3;8;3m▀[38;2;4;4;4;48;2;0;4;4m▀[38;2;6;23;19;48;2;3;8;8m▀[38;2;3;8;8;48;2;4;4;4m▀[38;2;4;4;4;48;2;5;0;5m▀[38;2;16;34;40;48;2;17;38;45m▀[38;2;21;42;53;48;2;25;55;64m▀[38;2;8;3;8;48;2;7;10;10m▀[38;2;4;4;4;48;2;4;4;4m▀[38;2;3;3;9;48;2;4;4;4m▀[38;2;7;10;13;48;2;5;0;5m▀[38;2;7;20;23;48;2;5;0;0m▀[38;2;11;29;37;48;2;4;4;4m▀[38;2;18;48;53;48;2;4;4;4m▀[38;2;17;64;75;48;2;4;4;4m▀[38;2;18;76;89;48;2;4;4;4m▀[38;2;21;93;106;48;2;4;4;4m▀[38;2;19;107;122;48;2;4;4;4m▀[38;2;18;114;132;48;2;4;4;4m▀[38;2;27;125;146;48;2;4;4;4m▀[38;2;34;133;151;48;2;5;0;5m▀[38;2;36;134;155;48;2;3;8;8m▀[38;2;43;137;152;48;2;8;18;18m▀[38;2;42;140;154;48;2;9;26;30m▀[38;2;51;154;165;48;2;20;48;53m▀[38;2;51;148;166;48;2;22;68;76m▀[38;2;51;131;156;48;2;28;85;98m▀[38;2;38;114;140;48;2;35;99;111m▀[38;2;16;43;77;48;2;44;113;128m▀[38;2;2;7;39;48;2;36;83;102m▀[38;2;23;45;55;48;2;25;62;82m▀[38;2;49;110;111;48;2;65;132;132m▀[38;2;58;128;121;48;2;58;100;100m▀[38;2;58;146;149;48;2;74;125;134m▀[38;2;55;130;137;48;2;61;136;144m▀[38;2;40;106;107;48;2;57;97;83m▀[38;2;50;139;152;48;2;44;84;82m▀[38;2;35;83;92;48;2;21;28;29m▀[38;2;37;80;90;48;2;24;44;41m▀[38;2;37;102;102;48;2;46;106;104m▀[38;2;26;79;76;48;2;36;92;95m▀[38;2;35;97;97;48;2;29;81;79m▀[38;2;45;108;113;48;2;30;80;83m▀[38;2;32;67;70;48;2;34;77;78m▀[38;2;10;16;13;48;2;14;35;36m▀[38;2;0;0;0;48;2;5;0;5m▀[38;2;0;0;0;48;2;4;4;4m▀[0m
[38;2;2;9;9;48;2;0;0;0m▀[38;2;9;20;20;48;2;10;16;16m▀[38;2;12;18;20;48;2;9;20;24m▀[38;2;8;16;19;48;2;5;0;0m▀[38;2;0;0;0;48;2;4;4;4m▀[38;2;3;8;10;48;2;6;24;28m▀[38;2;5;0;5;48;2;17;26;30m▀[38;2;18;29;34;48;2;9;9;12m▀[38;2;16;21;23;48;2;19;28;36m▀[38;2;29;74;83;48;2;31;80;88m▀[38;2;18;53;61;48;2;19;50;54m▀[38;2;3;8;8;48;2;8;18;18m▀[38;2;0;8;8;48;2;8;15;12m▀[38;2;0;8;8;48;2;11;18;18m▀[38;2;12;24;28;48;2;8;18;14m▀[38;2;15;39;48;48;2;7;10;13m▀[38;2;14;33;40;48;2;6;13;15m▀[38;2;17;39;48;48;2;12;24;29m▀[38;2;16;44;50;48;2;7;20;25m▀[38;2;8;3;8;48;2;10;10;7m▀[38;2;4;4;4;48;2;7;10;7m▀[38;2;4;4;4;48;2;8;8;8m▀[38;2;4;4;4;48;2;10;7;7m▀[38;2;4;4;4;48;2;8;8;2m▀[38;2;4;4;4;48;2;8;3;3m▀[38;2;4;4;4;48;2;4;4;4m▀[38;2;0;0;0;48;2;4;4;4m▀[38;2;4;4;4;48;2;4;4;4m▀[38;2;4;4;4;48;2;8;8;8m▀[38;2;4;4;4;48;2;4;4;4m▀▀▀▀▀[38;2;4;4;4;48;2;7;10;13m▀[38;2;9;13;13;48;2;19;33;40m▀[38;2;44;98;110;48;2;43;81;90m▀[38;2;23;38;42;48;2;25;44;48m▀[38;2;19;31;34;48;2;39;77;77m▀[38;2;21;33;33;48;2;41;76;72m▀[38;2;44;61;60;48;2;27;48;46m▀[38;2;49;90;91;48;2;26;33;30m▀[38;2;35;69;69;48;2;24;43;37m▀[38;2;50;86;83;48;2;47;92;88m▀[38;2;37;60;57;48;2;52;99;94m▀[38;2;48;68;57;48;2;28;37;33m▀[38;2;35;71;58;48;2;29;32;29m▀[38;2;48;68;65;48;2;39;27;35m▀[38;2;46;46;39;48;2;36;32;32m▀[38;2;20;31;34;48;2;10;7;10m▀[38;2;31;56;55;48;2;12;14;17m▀[38;2;32;77;76;48;2;17;24;20m▀[38;2;28;69;69;48;2;7;10;10m▀[38;2;37;104;111;48;2;21;32;28m▀[38;2;26;59;62;48;2;19;32;32m▀[38;2;12;35;35;48;2;0;0;0m▀[38;2;13;25;26;48;2;4;4;4m▀[38;2;4;4;4;48;2;4;4;4m▀[0m
[38;2;0;0;0;48;2;6;18;22m▀[38;2;0;0;0;48;2;0;0;0m▀▀[38;2;4;4;4;48;2;0;0;0m▀[38;2;0;0;0;48;2;0;0;0m▀[38;2;4;4;4;48;2;5;0;5m▀[38;2;9;12;14;48;2;6;12;9m▀[38;2;16;29;36;48;2;9;13;13m▀[38;2;23;44;54;48;2;29;67;73m▀[38;2;28;77;86;48;2;27;76;84m▀[38;2;18;52;54;48;2;21;54;61m▀[38;2;13;35;35;48;2;16;45;50m▀[38;2;23;34;25;48;2;14;30;33m▀[38;2;27;43;37;48;2;23;48;52m▀[38;2;17;41;45;48;2;15;39;44m▀[38;2;21;71;80;48;2;19;51;60m▀[38;2;18;46;51;48;2;24;57;69m▀[38;2;8;15;21;48;2;27;68;80m▀[38;2;18;49;57;48;2;28;78;91m▀[38;2;23;76;93;48;2;43;99;110m▀[38;2;24;80;94;48;2;39;101;111m▀[38;2;22;79;93;48;2;32;103;118m▀[38;2;25;78;92;48;2;25;66;78m▀[38;2;21;72;85;48;2;35;98;113m▀[38;2;21;60;74;48;2;45;107;120m▀[38;2;22;51;57;48;2;55;116;132m▀[38;2;19;31;36;48;2;35;101;120m▀[38;2;15;12;15;48;2;38;117;135m▀[38;2;8;8;8;48;2;37;108;128m▀[38;2;8;8;8;48;2;31;109;130m▀[38;2;8;3;8;48;2;17;78;95m▀[38;2;3;8;8;48;2;20;89;107m▀[38;2;8;8;8;48;2;20;89;109m▀[38;2;8;8;8;48;2;23;88;109m▀[38;2;11;20;25;48;2;18;49;62m▀[38;2;19;41;48;48;2;8;15;15m▀[38;2;30;55;60;48;2;12;24;29m▀[38;2;29;74;81;48;2;22;56;64m▀[38;2;18;36;33;48;2;10;22;20m▀[38;2;19;31;27;48;2;4;4;4m▀[38;2;34;39;37;48;2;8;8;8m▀[38;2;32;46;46;48;2;15;15;12m▀[38;2;34;50;46;48;2;10;10;10m▀[38;2;29;35;32;48;2;20;20;20m▀[38;2;39;75;69;48;2;21;26;21m▀[38;2;30;70;64;48;2;17;32;26m▀[38;2;23;43;40;48;2;25;49;42m▀[38;2;18;21;21;48;2;21;52;41m▀[38;2;25;32;25;48;2;22;34;34m▀[38;2;16;29;24;48;2;23;42;36m▀[38;2;13;17;17;48;2;18;23;18m▀[38;2;18;31;29;48;2;14;26;22m▀[38;2;8;14;14;48;2;24;47;47m▀[38;2;28;60;54;48;2;20;61;62m▀[38;2;2;9;7;48;2;11;14;14m▀[38;2;0;0;0;48;2;7;7;7m▀[38;2;7;14;14;48;2;4;4;4m▀[38;2;4;4;4;48;2;0;0;0m▀[0m
[38;2;4;4;4;48;2;9;32;35m▀[38;2;2;9;13;48;2;14;50;52m▀[38;2;13;66;80;48;2;4;4;4m▀[38;2;9;33;37;48;2;2;9;9m▀[38;2;3;8;9;48;2;19;51;54m▀[38;2;12;19;23;48;2;20;43;44m▀[38;2;15;23;23;48;2;28;56;55m▀[38;2;15;23;27;48;2;18;31;31m▀[38;2;20;33;34;48;2;12;48;54m▀[38;2;17;55;61;48;2;21;65;65m▀[38;2;21;67;73;48;2;39;100;100m▀[38;2;38;92;92;48;2;56;118;114m▀[38;2;40;133;145;48;2;60;124;107m▀[38;2;50;182;202;48;2;41;122;119m▀[38;2;52;176;196;48;2;38;114;118m▀[38;2;48;114;117;48;2;51;110;104m▀[38;2;32;61;67;48;2;61;124;116m▀[38;2;30;57;63;48;2;57;84;75m▀[38;2;33;59;67;48;2;45;53;59m▀[38;2;32;60;69;48;2;53;71;68m▀[38;2;36;69;79;48;2;61;82;75m▀[38;2;31;55;60;48;2;54;65;93m▀[38;2;38;85;98;48;2;37;38;54m▀[38;2;34;68;80;48;2;39;46;70m▀[38;2;44;87;100;48;2;45;59;59m▀[38;2;45;85;101;48;2;41;57;50m▀[38;2;38;78;94;48;2;38;53;51m▀[38;2;37;71;88;48;2;44;62;74m▀[38;2;32;79;94;48;2;48;71;90m▀[38;2;22;68;81;48;2;34;59;69m▀[38;2;19;67;81;48;2;41;72;84m▀[38;2;35;96;112;48;2;43;66;82m▀[38;2;50;108;121;48;2;47;86;102m▀[38;2;47;108;121;48;2;58;103;118m▀[38;2;47;98;111;48;2;57;103;113m▀[38;2;59;99;105;48;2;58;102;114m▀[38;2;35;81;91;48;2;41;75;83m▀[38;2;40;92;106;48;2;41;111;128m▀[38;2;47;86;97;48;2;46;129;145m▀[38;2;10;22;22;48;2;34;86;98m▀[38;2;7;10;7;48;2;5;0;0m▀[38;2;8;8;8;48;2;7;10;10m▀[38;2;8;8;8;48;2;8;3;8m▀[38;2;8;8;8;48;2;13;22;19m▀[38;2;8;18;14;48;2;16;35;27m▀[38;2;10;33;26;48;2;16;36;25m▀[38;2;17;32;27;48;2;3;8;8m▀[38;2;10;10;10;48;2;5;0;5m▀[38;2;11;17;17;48;2;8;17;20m▀[38;2;16;28;27;48;2;14;17;19m▀[38;2;21;41;33;48;2;8;8;2m▀[38;2;19;39;32;48;2;4;4;4m▀[38;2;11;22;21;48;2;6;12;12m▀[38;2;7;19;19;48;2;3;3;9m▀[38;2;8;3;3;48;2;0;0;0m▀[38;2;0;0;0;48;2;4;4;0m▀[38;2;7;7;2;48;2;7;7;2m▀[38;2;0;0;0;48;2;4;4;4m▀[0m
[38;2;5;16;20;48;2;0;0;0m▀[38;2;5;18;22;48;2;3;7;7m▀[38;2;7;38;46;48;2;5;16;19m▀[38;2;6;14;17;48;2;8;12;14m▀[38;2;17;63;71;48;2;0;0;0m▀[38;2;10;19;21;48;2;4;4;4m▀[38;2;23;41;44;48;2;10;21;23m▀[38;2;6;12;12;48;2;9;12;12m▀[38;2;11;29;35;48;2;7;10;10m▀[38;2;29;56;55;48;2;22;46;42m▀[38;2;43;91;88;48;2;31;61;56m▀[38;2;55;111;99;48;2;32;63;51m▀[38;2;53;120;97;48;2;36;86;69m▀[38;2;41;100;84;48;2;34;76;68m▀[38;2;22;77;68;48;2;26;78;72m▀[38;2;13;78;76;48;2;13;70;67m▀[38;2;13;69;69;48;2;15;62;62m▀[38;2;65;116;117;48;2;55;88;102m▀[38;2;63;91;104;48;2;66;102;106m▀[38;2;54;70;82;48;2;70;101;116m▀[38;2;66;86;98;48;2;65;86;108m▀[38;2;58;71;95;48;2;63;96;99m▀[38;2;62;86;75;48;2;85;134;116m▀[38;2;58;71;88;48;2;75;106;101m▀[38;2;79;111;111;48;2;54;65;88m▀[38;2;73;98;105;48;2;64;84;97m▀[38;2;72;91;103;48;2;67;87;99m▀[38;2;75;101;111;48;2;66;87;113m▀[38;2;72;93;111;48;2;51;68;89m▀[38;2;52;66;74;48;2;74;122;117m▀[38;2;46;68;84;48;2;58;110;119m▀[38;2;44;78;95;48;2;59;137;154m▀[38;2;43;128;135;48;2;34;104;115m▀[38;2;38;89;92;48;2;24;98;129m▀[38;2;36;75;81;48;2;28;114;110m▀[38;2;50;66;82;48;2;60;86;107m▀[38;2;36;44;63;48;2;27;36;51m▀[38;2;25;75;85;48;2;30;116;135m▀[38;2;33;110;127;48;2;26;158;184m▀[38;2;12;42;50;48;2;31;120;142m▀[38;2;4;4;4;48;2;11;20;23m▀[38;2;8;8;8;48;2;9;13;15m▀[38;2;12;15;15;48;2;4;4;4m▀[38;2;9;13;13;48;2;10;10;7m▀[38;2;13;22;22;48;2;13;22;13m▀[38;2;11;20;17;48;2;16;23;19m▀[38;2;3;8;8;48;2;8;8;8m▀[38;2;4;4;4;48;2;9;27;27m▀[38;2;15;37;38;48;2;15;52;56m▀[38;2;5;0;0;48;2;9;13;13m▀[38;2;0;0;0;48;2;0;0;0m▀▀[38;2;8;8;8;48;2;4;4;4m▀[38;2;8;8;8;48;2;9;9;9m▀[38;2;4;4;4;48;2;4;4;4m▀▀[38;2;0;0;0;48;2;0;0;0m▀▀[0m
[38;2;0;0;0;48;2;0;0;0m▀[38;2;0;0;0;48;2;4;4;4m▀[38;2;0;4;4;48;2;0;0;0m▀[38;2;3;8;3;48;2;0;0;0m▀[38;2;0;0;0;48;2;0;0;0m▀[38;2;0;0;0;48;2;4;4;4m▀[38;2;0;4;4;48;2;0;0;5m▀[38;2;0;8;8;48;2;4;4;4m▀[38;2;8;14;12;48;2;7;19;17m▀[38;2;27;51;47;48;2;27;48;45m▀[38;2;25;49;44;48;2;20;57;61m▀[38;2;8;15;12;48;2;9;28;31m▀[38;2;4;4;4;48;2;8;18;18m▀[38;2;7;10;10;48;2;13;21;24m▀[38;2;9;13;13;48;2;13;20;20m▀[38;2;10;35;30;48;2;25;42;40m▀[38;2;9;38;38;48;2;20;28;28m▀[38;2;42;78;85;48;2;27;42;61m▀[38;2;56;81;88;48;2;68;113;105m▀[38;2;44;60;69;48;2;56;85;101m▀[38;2;35;46;55;48;2;53;62;52m▀[38;2;58;93;84;48;2;60;91;82m▀[38;2;67;98;84;48;2;66;123;106m▀[38;2;57;82;77;48;2;45;72;68m▀[38;2;56;76;106;48;2;31;37;58m▀[38;2;70;99;112;48;2;67;97;105m▀[38;2;61;91;91;48;2;72;110;118m▀[38;2;49;54;79;48;2;47;63;86m▀[38;2;53;131;131;48;2;41;77;70m▀[38;2;28;99;75;48;2;55;109;94m▀[38;2;37;105;112;48;2;38;141;156m▀[38;2;39;98;106;48;2;30;69;77m▀[38;2;53;101;109;48;2;35;79;63m▀[38;2;37;43;63;48;2;17;44;34m▀[38;2;28;51;51;48;2;13;39;39m▀[38;2;41;69;82;48;2;24;43;49m▀[38;2;8;15;19;48;2;11;18;20m▀[38;2;24;44;52;48;2;23;38;45m▀[38;2;18;58;71;48;2;8;15;15m▀[38;2;25;55;65;48;2;16;24;29m▀[38;2;21;42;48;48;2;19;44;49m▀[38;2;11;20;20;48;2;3;8;10m▀[38;2;10;33;36;48;2;9;27;31m▀[38;2;34;87;99;48;2;24;94;107m▀[38;2;16;23;21;48;2;11;20;17m▀[38;2;14;18;14;48;2;17;38;40m▀[38;2;7;7;10;48;2;18;42;48m▀[38;2;15;84;96;48;2;15;101;117m▀[38;2;17;55;58;48;2;14;57;66m▀[38;2;10;10;2;48;2;3;8;3m▀[38;2;4;4;4;48;2;0;0;0m▀▀[38;2;0;0;0;48;2;0;0;0m▀[38;2;8;8;8;48;2;0;0;0m▀[38;2;4;4;4;48;2;4;4;4m▀[38;2;0;0;0;48;2;0;0;0m▀▀▀[0m
[38;2;0;0;0;48;2;0;4;4m▀▀[38;2;4;4;4;48;2;4;4;4m▀[38;2;0;0;0;48;2;0;0;0m▀[38;2;0;0;0;48;2;2;9;9m▀[38;2;5;0;0;48;2;10;26;29m▀[38;2;0;4;4;48;2;2;27;35m▀[38;2;3;8;8;48;2;5;41;49m▀[38;2;6;39;43;48;2;7;58;66m▀[38;2;9;52;61;48;2;3;60;70m▀[38;2;10;59;67;48;2;3;61;70m▀[38;2;10;58;62;48;2;10;71;79m▀[38;2;15;49;49;48;2;19;64;65m▀[38;2;32;69;72;48;2;33;65;65m▀[38;2;33;56;53;48;2;36;57;53m▀[38;2;20;37;37;48;2;1;13;13m▀[38;2;11;20;23;48;2;4;4;4m▀[38;2;18;24;32;48;2;3;3;9m▀[38;2;46;64;71;48;2;30;49;58m▀[38;2;24;46;67;48;2;44;97;100m▀[38;2;56;106;114;48;2;51;103;94m▀[38;2;46;85;101;48;2;36;85;88m▀[38;2;72;103;104;48;2;52;90;89m▀[38;2;47;59;63;48;2;40;76;73m▀[38;2;49;53;54;48;2;45;95;89m▀[38;2;42;86;121;48;2;40;90;99m▀[38;2;52;80;88;48;2;56;111;107m▀[38;2;29;39;35;48;2;22;29;29m▀[38;2;34;54;50;48;2;32;50;48m▀[38;2;39;59;53;48;2;50;84;74m▀[38;2;32;68;72;48;2;20;48;53m▀[38;2;9;26;29;48;2;7;10;10m▀[38;2;14;48;24;48;2;4;4;4m▀[38;2;40;80;69;48;2;10;22;27m▀[38;2;34;95;99;48;2;41;122;134m▀[38;2;16;22;27;48;2;25;63;74m▀[38;2;10;24;27;48;2;2;10;14m▀[38;2;30;95;109;48;2;2;10;14m▀[38;2;3;8;10;48;2;15;28;32m▀[38;2;18;26;30;48;2;8;15;15m▀[38;2;8;8;8;48;2;8;8;8m▀[38;2;4;4;4;48;2;7;10;10m▀[38;2;8;8;8;48;2;4;4;4m▀[38;2;13;35;36;48;2;13;19;19m▀[38;2;11;18;14;48;2;17;17;11m▀[38;2;18;52;56;48;2;21;30;27m▀[38;2;18;43;49;48;2;7;7;10m▀[38;2;14;87;103;48;2;10;32;38m▀[38;2;11;82;91;48;2;11;82;93m▀[38;2;7;21;25;48;2;13;48;56m▀[38;2;4;4;4;48;2;4;4;4m▀▀[38;2;0;0;0;48;2;0;0;0m▀[38;2;4;4;4;48;2;0;0;0m▀▀[38;2;4;4;4;48;2;4;4;4m▀[38;2;0;0;0;48;2;0;0;0m▀▀[0m
[38;2;6;19;19;48;2;3;25;25m▀[38;2;5;16;16;48;2;0;25;25m▀[38;2;7;13;13;48;2;0;16;16m▀[38;2;7;16;16;48;2;1;13;13m▀[38;2;4;4;4;48;2;0;0;0m▀[38;2;3;7;9;48;2;3;7;7m▀[38;2;4;31;34;48;2;6;22;20m▀[38;2;5;52;59;48;2;22;46;42m▀[38;2;4;54;61;48;2;22;57;52m▀[38;2;13;62;68;48;2;30;57;49m▀[38;2;13;71;76;48;2;32;52;42m▀[38;2;13;71;78;48;2;28;41;31m▀[38;2;21;65;69;48;2;22;51;51m▀[38;2;38;70;71;48;2;33;70;73m▀[38;2;33;53;51;48;2;30;52;48m▀[38;2;13;47;54;48;2;27;60;60m▀[38;2;8;15;19;48;2;32;88;90m▀[38;2;2;10;7;48;2;26;72;77m▀[38;2;19;43;43;48;2;16;57;54m▀[38;2;33;77;77;48;2;28;62;65m▀[38;2;40;57;40;48;2;11;31;28m▀[38;2;24;71;65;48;2;13;58;57m▀[38;2;36;89;82;48;2;18;73;73m▀[38;2;40;90;84;48;2;32;90;96m▀[38;2;36;91;89;48;2;33;130;142m▀[38;2;30;97;94;48;2;20;76;73m▀[38;2;67;100;76;48;2;24;70;61m▀[38;2;40;59;52;48;2;24;58;54m▀[38;2;4;4;4;48;2;8;15;19m▀[38;2;12;26;26;48;2;6;26;29m▀[38;2;14;45;52;48;2;5;18;14m▀[38;2;14;44;48;48;2;4;4;4m▀[38;2;10;22;25;48;2;3;8;8m▀[38;2;7;10;10;48;2;4;4;4m▀[38;2;13;20;22;48;2;13;22;22m▀[38;2;14;31;37;48;2;12;26;29m▀[38;2;10;24;29;48;2;12;26;28m▀[38;2;7;10;13;48;2;3;3;9m▀[38;2;3;8;8;48;2;4;4;4m▀[38;2;4;4;4;48;2;3;8;8m▀[38;2;7;10;10;48;2;6;13;9m▀[38;2;17;21;23;48;2;3;8;8m▀[38;2;10;10;10;48;2;7;10;10m▀[38;2;11;17;17;48;2;11;17;17m▀[38;2;18;21;16;48;2;17;17;14m▀[38;2;13;9;2;48;2;8;8;0m▀[38;2;2;10;7;48;2;3;8;10m▀[38;2;5;19;22;48;2;2;10;13m▀[38;2;2;42;44;48;2;3;8;10m▀[38;2;1;45;50;48;2;3;8;8m▀[38;2;6;12;12;48;2;8;24;26m▀[38;2;4;4;4;48;2;8;16;16m▀[38;2;0;0;0;48;2;0;0;0m▀▀▀▀▀▀[0m
[38;2;0;0;0;48;2;0;0;0m▀▀▀▀[38;2;5;0;5;48;2;0;0;0m▀[38;2;0;4;4;48;2;5;0;5m▀[38;2;2;9;9;48;2;10;27;30m▀[38;2;7;20;23;48;2;13;49;55m▀[38;2;3;8;8;48;2;18;78;82m▀[38;2;9;9;12;48;2;20;82;87m▀[38;2;9;12;6;48;2;20;73;76m▀[38;2;28;40;34;48;2;19;89;95m▀[38;2;25;83;95;48;2;20;105;118m▀[38;2;35;100;112;48;2;26;100;114m▀[38;2;35;62;59;48;2;31;71;73m▀[38;2;35;67;63;48;2;27;88;90m▀[38;2;27;49;43;48;2;31;106;109m▀[38;2;40;116;118;48;2;34;122;126m▀[38;2;39;100;98;48;2;29;96;96m▀[38;2;28;58;55;48;2;17;45;45m▀[38;2;11;28;25;48;2;13;23;16m▀[38;2;11;31;24;48;2;11;18;14m▀[38;2;16;25;23;48;2;19;32;26m▀[38;2;22;54;52;48;2;15;27;18m▀[38;2;27;62;60;48;2;16;35;27m▀[38;2;23;54;49;48;2;21;56;49m▀[38;2;19;63;54;48;2;15;28;27m▀[38;2;22;79;76;48;2;20;63;61m▀[38;2;27;86;91;48;2;28;100;109m▀[38;2;12;51;57;48;2;17;71;78m▀[38;2;6;15;19;48;2;1;15;15m▀[38;2;0;8;3;48;2;0;10;10m▀[38;2;0;8;8;48;2;0;8;8m▀[38;2;4;4;4;48;2;0;4;4m▀[38;2;24;40;38;48;2;4;4;4m▀[38;2;41;88;87;48;2;11;19;19m▀[38;2;32;61;61;48;2;19;61;62m▀[38;2;46;75;63;48;2;34;95;92m▀[38;2;39;68;55;48;2;47;106;102m▀[38;2;21;49;45;48;2;36;65;57m▀[38;2;9;25;23;48;2;24;36;32m▀[38;2;5;17;17;48;2;11;19;16m▀[38;2;6;13;13;48;2;11;19;24m▀[38;2;13;13;13;48;2;13;17;22m▀[38;2;8;8;2;48;2;11;14;17m▀[38;2;4;4;0;48;2;7;7;10m▀[38;2;17;35;39;48;2;3;8;9m▀[38;2;10;29;34;48;2;14;36;36m▀[38;2;1;12;12;48;2;17;63;63m▀[38;2;5;17;19;48;2;15;65;68m▀[38;2;15;61;66;48;2;14;62;68m▀[38;2;9;32;36;48;2;8;25;28m▀[38;2;0;0;0;48;2;6;13;13m▀[38;2;0;0;0;48;2;3;7;7m▀[38;2;0;0;0;48;2;0;0;0m▀▀▀▀[0m
[38;2;0;0;0;48;2;0;0;0m▀[38;2;0;0;0;48;2;0;4;8m▀[38;2;0;0;0;48;2;4;25;27m▀[38;2;0;0;0;48;2;9;53;57m▀[38;2;4;4;0;48;2;8;55;58m▀[38;2;6;9;9;48;2;14;71;74m▀[38;2;9;21;24;48;2;8;35;39m▀[38;2;14;49;56;48;2;10;50;53m▀[38;2;21;90;95;48;2;17;89;95m▀[38;2;25;114;120;48;2;22;107;113m▀[38;2;29;116;122;48;2;20;108;115m▀[38;2;29;118;125;48;2;25;113;120m▀[38;2;33;124;132;48;2;26;120;124m▀[38;2;36;124;129;48;2;30;117;123m▀[38;2;34;121;124;48;2;21;80;86m▀[38;2;34;125;128;48;2;30;115;120m▀[38;2;40;130;133;48;2;33;125;128m▀[38;2;37;131;134;48;2;38;127;132m▀[38;2;36;133;135;48;2;36;129;132m▀[38;2;35;121;125;48;2;35;124;126m▀[38;2;31;107;109;48;2;34;123;126m▀[38;2;19;64;61;48;2;25;96;100m▀[38;2;16;56;56;48;2;28;108;113m▀[38;2;17;49;49;48;2;35;126;126m▀[38;2;18;43;41;48;2;37;129;128m▀[38;2;20;70;71;48;2;39;131;130m▀[38;2;24;78;76;48;2;45;139;139m▀[38;2;32;98;97;48;2;38;133;132m▀[38;2;35;128;130;48;2;39;131;131m▀[38;2;34;109;108;48;2;32;118;117m▀[38;2;1;15;19;48;2;28;88;86m▀[38;2;6;15;15;48;2;22;81;81m▀[38;2;0;10;8;48;2;22;72;72m▀[38;2;3;8;8;48;2;19;65;64m▀[38;2;4;4;4;48;2;14;51;51m▀[38;2;8;8;8;48;2;19;61;61m▀[38;2;19;65;65;48;2;17;81;81m▀[38;2;21;75;75;48;2;15;44;44m▀[38;2;22;70;70;48;2;16;48;46m▀[38;2;33;75;75;48;2;12;39;36m▀[38;2;11;19;19;48;2;7;10;10m▀[38;2;8;14;14;48;2;11;14;14m▀[38;2;12;19;23;48;2;16;20;20m▀[38;2;7;10;10;48;2;11;14;14m▀[38;2;10;10;10;48;2;4;4;4m▀[38;2;4;4;4;48;2;4;4;4m▀[38;2;7;9;12;48;2;4;4;4m▀[38;2;16;42;43;48;2;6;12;12m▀[38;2;13;38;41;48;2;19;42;42m▀[38;2;12;36;36;48;2;14;42;42m▀[38;2;14;42;41;48;2;10;28;28m▀[38;2;6;18;18;48;2;6;17;17m▀[38;2;5;21;19;48;2;6;9;9m▀[38;2;7;16;16;48;2;0;4;8m▀[38;2;0;4;4;48;2;4;4;4m▀[38;2;0;0;0;48;2;0;0;0m▀▀▀[0m
[38;2;3;39;43;48;2;5;72;77m▀[38;2;2;71;72;48;2;3;78;84m▀[38;2;7;83;87;48;2;7;79;86m▀[38;2;11;88;93;48;2;8;80;85m▀[38;2;13;91;98;48;2;9;86;93m▀[38;2;10;86;95;48;2;9;88;96m▀[38;2;10;87;95;48;2;11;89;96m▀[38;2;16;93;102;48;2;13;93;99m▀[38;2;16;99;107;48;2;14;98;102m▀[38;2;18;102;110;48;2;23;100;107m▀[38;2;20;103;111;48;2;18;99;106m▀[38;2;22;108;116;48;2;19;106;113m▀[38;2;29;119;124;48;2;24;111;115m▀[38;2;29;118;124;48;2;22;107;114m▀[38;2;31;120;126;48;2;23;108;115m▀[38;2;31;125;127;48;2;24;110;114m▀[38;2;29;121;124;48;2;24;110;113m▀[38;2;35;127;132;48;2;27;115;121m▀[38;2;36;131;133;48;2;29;117;123m▀[38;2;35;128;131;48;2;27;116;120m▀[38;2;33;125;126;48;2;29;117;119m▀[38;2;30;118;121;48;2;32;123;126m▀[38;2;30;123;125;48;2;28;117;119m▀[38;2;40;133;133;48;2;36;125;124m▀[38;2;37;125;125;48;2;37;123;123m▀[38;2;33;123;123;48;2;34;122;122m▀[38;2;34;125;127;48;2;35;119;116m▀[38;2;39;124;124;48;2;34;116;114m▀[38;2;37;105;105;48;2;35;114;110m▀[38;2;29;95;95;48;2;26;104;102m▀[38;2;32;117;114;48;2;29;102;101m▀[38;2;29;114;111;48;2;23;98;96m▀[38;2;26;109;109;48;2;22;95;95m▀[38;2;25;104;102;48;2;23;90;89m▀[38;2;25;93;89;48;2;22;83;79m▀[38;2;22;83;79;48;2;21;73;68m▀[38;2;24;73;70;48;2;16;50;50m▀[38;2;20;59;53;48;2;19;62;58m▀[38;2;22;51;46;48;2;15;43;38m▀[38;2;6;14;11;48;2;6;14;11m▀[38;2;4;4;4;48;2;4;4;4m▀[38;2;8;8;8;48;2;0;0;0m▀[38;2;9;9;9;48;2;0;0;0m▀[38;2;4;4;4;48;2;4;4;4m▀[38;2;0;0;0;48;2;0;0;0m▀▀▀▀[38;2;0;4;4;48;2;4;4;4m▀[38;2;3;7;3;48;2;4;4;4m▀[38;2;3;7;7;48;2;4;4;4m▀▀[38;2;4;4;4;48;2;4;4;4m▀[38;2;0;0;0;48;2;0;0;0m▀▀▀[38;2;3;3;3;48;2;3;3;3m▀[38;2;0;0;0;48;2;3;3;3m▀[0m
[38;2;2;67;70;48;2;0;63;68m▀[38;2;5;63;66;48;2;0;65;69m▀[38;2;7;32;36;48;2;2;68;72m▀[38;2;7;53;59;48;2;5;72;80m▀[38;2;8;79;87;48;2;10;80;85m▀[38;2;9;83;90;48;2;13;86;90m▀[38;2;13;89;95;48;2;12;88;93m▀[38;2;11;90;96;48;2;16;89;94m▀[38;2;15;94;100;48;2;16;91;95m▀[38;2;15;95;101;48;2;14;92;96m▀[38;2;15;96;104;48;2;16;91;94m▀[38;2;19;94;97;48;2;10;43;45m▀[38;2;16;94;98;48;2;19;78;84m▀[38;2;22;104;111;48;2;19;95;100m▀[38;2;26;104;111;48;2;16;94;99m▀[38;2;26;110;115;48;2;19;97;102m▀[38;2;25;111;117;48;2;23;101;106m▀[38;2;25;113;119;48;2;19;101;108m▀[38;2;26;116;120;48;2;17;98;103m▀[38;2;26;111;118;48;2;19;99;103m▀[38;2;27;113;115;48;2;16;77;83m▀[38;2;30;117;120;48;2;25;102;104m▀[38;2;29;120;120;48;2;26;107;107m▀[38;2;33;120;120;48;2;30;111;110m▀[38;2;34;117;116;48;2;29;107;103m▀[38;2;29;111;107;48;2;29;97;93m▀[38;2;33;105;102;48;2;28;89;86m▀[38;2;33;100;96;48;2;30;81;77m▀[38;2;32;96;91;48;2;33;81;76m▀[38;2;26;89;85;48;2;26;74;69m▀[38;2;26;88;81;48;2;26;72;64m▀[38;2;29;86;82;48;2;26;68;65m▀[38;2;28;81;79;48;2;30;68;60m▀[38;2;23;75;71;48;2;25;63;56m▀[38;2;24;71;67;48;2;25;57;53m▀[38;2;26;64;62;48;2;20;52;46m▀[38;2;24;57;53;48;2;18;44;39m▀[38;2;16;49;43;48;2;14;36;32m▀[38;2;15;33;30;48;2;16;25;22m▀[38;2;7;9;9;48;2;7;9;9m▀[38;2;4;4;4;48;2;4;4;4m▀[38;2;0;0;0;48;2;0;0;0m▀▀▀▀▀▀[38;2;5;0;5;48;2;4;4;4m▀[38;2;4;4;4;48;2;7;7;7m▀[38;2;4;4;4;48;2;3;7;7m▀[38;2;0;0;0;48;2;4;4;4m▀▀[38;2;0;0;0;48;2;0;0;0m▀[38;2;0;0;0;48;2;3;3;3m▀[38;2;0;0;0;48;2;0;0;0m▀▀▀▀[0m
[38;2;0;56;62;48;2;0;54;56m▀[38;2;0;65;68;48;2;0;59;62m▀[38;2;6;71;74;48;2;4;62;67m▀[38;2;9;78;81;48;2;2;66;70m▀[38;2;11;81;82;48;2;5;71;76m▀[38;2;9;80;83;48;2;4;73;77m▀[38;2;13;86;88;48;2;9;80;83m▀[38;2;16;88;92;48;2;13;84;87m▀[38;2;12;89;93;48;2;13;84;88m▀[38;2;21;97;101;48;2;14;84;84m▀[38;2;17;94;97;48;2;14;83;85m▀[38;2;12;88;93;48;2;13;86;90m▀[38;2;20;95;100;48;2;13;86;90m▀[38;2;21;96;100;48;2;19;93;95m▀[38;2;16;93;97;48;2;18;93;96m▀[38;2;23;101;103;48;2;22;97;97m▀[38;2;28;109;109;48;2;23;96;97m▀[38;2;30;108;109;48;2;23;100;100m▀[38;2;24;103;106;48;2;19;96;97m▀[38;2;24;101;104;48;2;24;93;94m▀[38;2;15;69;76;48;2;23;91;94m▀[38;2;17;93;97;48;2;20;90;92m▀[38;2;20;99;100;48;2;18;87;87m▀[38;2;20;94;95;48;2;17;80;81m▀[38;2;20;86;86;48;2;17;72;73m▀[38;2;22;79;77;48;2;22;66;65m▀[38;2;23;71;67;48;2;19;61;58m▀[38;2;24;65;59;48;2;20;56;50m▀[38;2;21;44;39;48;2;19;45;41m▀[38;2;10;25;23;48;2;19;39;33m▀[38;2;26;52;47;48;2;24;43;38m▀[38;2;24;52;47;48;2;18;37;33m▀[38;2;24;50;44;48;2;18;33;31m▀[38;2;21;48;41;48;2;16;32;26m▀[38;2;21;45;38;48;2;16;31;29m▀[38;2;19;42;35;48;2;18;25;24m▀[38;2;19;40;34;48;2;16;23;20m▀[38;2;15;27;24;48;2;7;7;7m▀[38;2;14;23;20;48;2;6;6;9m▀[38;2;7;13;13;48;2;5;11;11m▀[38;2;6;9;9;48;2;6;9;9m▀[38;2;4;4;4;48;2;7;7;7m▀[38;2;0;0;0;48;2;7;7;7m▀▀[38;2;0;0;0;48;2;4;4;4m▀[38;2;0;0;0;48;2;0;0;0m▀[38;2;0;0;0;48;2;4;4;4m▀[38;2;4;4;4;48;2;4;4;4m▀▀[38;2;3;7;7;48;2;3;3;3m▀[38;2;4;4;4;48;2;3;3;3m▀[38;2;3;3;3;48;2;3;3;3m▀[38;2;0;0;0;48;2;3;3;3m▀[38;2;3;3;3;48;2;3;3;3m▀[38;2;0;0;0;48;2;3;3;3m▀[38;2;0;0;0;48;2;0;0;0m▀▀▀[0m
