[38;2;0;0;0;48;2;0;0;0m▀▀▀▀▀▀▀▀▀▀[38;2;0;0;4;48;2;0;3;8m▀[38;2;1;7;13;48;2;1;9;17m▀[38;2;4;10;17;48;2;1;9;17m▀[38;2;1;7;15;48;2;0;7;14m▀[38;2;0;3;6;48;2;0;3;6m▀[38;2;0;5;12;48;2;0;6;12m▀[38;2;0;7;14;48;2;0;6;12m▀[38;2;0;7;11;48;2;0;3;6m▀[38;2;0;3;8;48;2;0;3;8m▀[38;2;0;3;8;48;2;0;6;10m▀[38;2;0;3;6;48;2;0;6;8m▀▀[38;2;0;0;4;48;2;0;6;10m▀▀[38;2;0;0;7;48;2;0;0;7m▀[38;2;0;0;0;48;2;0;0;0m▀▀▀▀[38;2;0;0;0;48;2;0;0;7m▀[38;2;0;0;0;48;2;0;0;0m▀▀▀▀▀▀▀▀▀▀▀▀▀▀▀▀▀▀▀▀▀▀▀▀▀▀▀▀[0m
[38;2;0;0;0;48;2;0;0;0m▀▀▀▀▀▀▀▀▀[38;2;0;3;8;48;2;0;5;12m▀[38;2;5;6;13;48;2;1;9;13m▀[38;2;0;7;16;48;2;0;6;10m▀[38;2;1;7;16;48;2;1;9;16m▀[38;2;1;9;18;48;2;1;9;18m▀[38;2;0;3;6;48;2;0;3;7m▀[38;2;0;6;13;48;2;0;6;13m▀▀[38;2;0;3;7;48;2;0;6;8m▀[38;2;0;6;10;48;2;0;6;8m▀[38;2;0;6;13;48;2;0;8;12m▀[38;2;0;6;13;48;2;0;8;15m▀[38;2;0;6;10;48;2;0;8;12m▀[38;2;0;6;10;48;2;0;3;7m▀[38;2;0;3;7;48;2;0;0;4m▀[38;2;0;0;4;48;2;0;0;0m▀[38;2;0;0;0;48;2;5;23;74m▀[38;2;1;7;28;48;2;45;108;216m▀[38;2;14;24;65;48;2;44;95;225m▀[38;2;18;27;60;48;2;79;121;233m▀[38;2;41;50;104;48;2;91;113;226m▀[38;2;33;61;150;48;2;86;130;233m▀[38;2;15;27;73;48;2;64;121;233m▀[38;2;0;0;4;48;2;19;28;71m▀[38;2;0;0;0;48;2;0;0;0m▀▀▀▀▀▀▀▀▀▀▀▀▀▀▀▀▀▀▀▀▀▀▀▀▀[0m
[38;2;0;0;0;48;2;0;0;0m▀▀▀▀▀▀▀▀[38;2;0;3;6;48;2;0;0;4m▀[38;2;0;7;14;48;2;1;9;16m▀[38;2;0;7;14;48;2;1;7;14m▀[38;2;0;6;10;48;2;0;7;15m▀[38;2;0;7;15;48;2;1;9;16m▀[38;2;1;9;18;48;2;1;8;17m▀[38;2;0;3;8;48;2;0;3;7m▀[38;2;0;6;15;48;2;0;6;13m▀[38;2;0;8;12;48;2;0;6;13m▀[38;2;0;3;9;48;2;0;3;11m▀[38;2;0;3;7;48;2;0;3;9m▀[38;2;0;6;13;48;2;0;6;11m▀[38;2;0;8;15;48;2;0;6;11m▀[38;2;0;6;13;48;2;0;6;13m▀[38;2;0;3;7;48;2;0;3;7m▀[38;2;0;0;4;48;2;0;0;0m▀[38;2;0;0;14;48;2;3;13;46m▀[38;2;28;85;211;48;2;23;97;235m▀[38;2;44;115;236;48;2;38;105;238m▀[38;2;65;121;236;48;2;66;123;238m▀[38;2;122;138;230;48;2;151;153;204m▀[38;2;224;204;224;48;2;219;220;235m▀[38;2;153;146;199;48;2;175;152;189m▀[38;2;76;132;236;48;2;65;102;228m▀[38;2;45;73;172;48;2;53;103;238m▀[38;2;0;0;4;48;2;12;16;48m▀[38;2;0;0;0;48;2;0;0;0m▀▀▀▀▀▀▀▀▀▀▀▀▀▀▀▀▀▀▀▀▀▀▀▀[0m
[38;2;0;0;0;48;2;0;0;0m▀▀▀▀▀▀▀[38;2;0;0;0;48;2;0;3;8m▀[38;2;0;6;10;48;2;0;6;13m▀[38;2;0;7;12;48;2;0;8;15m▀[38;2;0;6;10;48;2;0;8;15m▀[38;2;0;8;12;48;2;0;8;15m▀[38;2;4;11;16;48;2;1;10;19m▀[38;2;4;9;16;48;2;0;10;19m▀[38;2;0;6;10;48;2;0;3;11m▀[38;2;0;8;15;48;2;0;8;15m▀[38;2;0;10;17;48;2;0;8;15m▀[38;2;0;8;15;48;2;0;6;15m▀[38;2;0;8;13;48;2;0;8;15m▀[38;2;0;8;15;48;2;0;8;15m▀[38;2;0;8;11;48;2;0;8;16m▀[38;2;0;6;14;48;2;0;6;14m▀[38;2;0;0;4;48;2;0;0;0m▀[38;2;0;0;0;48;2;2;2;14m▀[38;2;11;37;97;48;2;31;68;159m▀[38;2;36;101;235;48;2;48;93;213m▀[38;2;51;108;240;48;2;69;126;243m▀[38;2;73;120;241;48;2;77;119;243m▀[38;2;144;136;190;48;2;92;89;153m▀[38;2;236;228;236;48;2;197;132;135m▀[38;2;179;122;154;48;2;115;74;109m▀[38;2;71;90;201;48;2;71;78;163m▀[38;2;62;114;240;48;2;77;120;240m▀[38;2;33;69;157;48;2;47;91;190m▀[38;2;0;0;0;48;2;0;0;4m▀[38;2;0;0;0;48;2;0;0;0m▀▀▀▀▀▀▀▀▀▀▀▀▀▀▀▀▀▀▀▀▀▀▀[0m
[38;2;0;0;0;48;2;0;0;0m▀▀▀▀▀[38;2;0;0;0;48;2;0;0;4m▀[38;2;0;0;0;48;2;0;6;13m▀[38;2;0;0;4;48;2;0;8;15m▀[38;2;0;0;4;48;2;0;8;12m▀[38;2;0;0;4;48;2;0;10;12m▀[38;2;0;0;4;48;2;0;8;12m▀[38;2;0;0;4;48;2;0;10;14m▀[38;2;0;0;4;48;2;0;10;19m▀[38;2;0;0;7;48;2;0;8;20m▀[38;2;0;0;7;48;2;4;10;19m▀[38;2;0;3;7;48;2;0;6;14m▀[38;2;0;3;9;48;2;0;0;7m▀[38;2;0;3;9;48;2;0;0;4m▀[38;2;0;3;9;48;2;0;0;7m▀[38;2;0;3;12;48;2;0;0;0m▀[38;2;0;8;13;48;2;0;0;0m▀[38;2;0;3;9;48;2;0;0;0m▀[38;2;0;0;0;48;2;0;0;4m▀[38;2;21;35;85;48;2;28;50;102m▀[38;2;49;94;206;48;2;51;91;188m▀[38;2;61;106;229;48;2;71;116;231m▀[38;2;71;129;245;48;2;73;129;246m▀[38;2;67;109;238;48;2;60;113;246m▀[38;2;55;72;146;48;2;61;93;183m▀[38;2;82;75;105;48;2;54;64;104m▀[38;2;53;55;110;48;2;49;54;104m▀[38;2;72;74;166;48;2;57;76;172m▀[38;2;69;102;218;48;2;58;93;211m▀[38;2;47;98;219;48;2;27;106;246m▀[38;2;9;7;34;48;2;3;32;86m▀[38;2;0;0;0;48;2;0;0;0m▀▀▀▀▀▀▀▀▀▀▀▀▀▀▀▀▀▀▀▀▀▀▀[0m
[38;2;0;0;0;48;2;0;0;0m▀▀▀▀[38;2;0;0;0;48;2;0;3;8m▀[38;2;0;6;10;48;2;0;8;10m▀[38;2;0;8;15;48;2;0;8;10m▀[38;2;1;9;17;48;2;1;8;12m▀[38;2;0;10;14;48;2;1;10;10m▀[38;2;0;8;15;48;2;2;6;11m▀[38;2;0;8;15;48;2;5;8;13m▀[38;2;1;10;17;48;2;0;8;15m▀[38;2;1;10;19;48;2;0;8;17m▀[38;2;1;10;19;48;2;4;12;21m▀[38;2;1;10;17;48;2;0;12;19m▀[38;2;0;12;21;48;2;0;8;20m▀[38;2;0;6;11;48;2;0;3;9m▀[38;2;0;0;4;48;2;0;0;7m▀[38;2;0;8;16;48;2;1;8;15m▀[38;2;0;10;18;48;2;0;8;18m▀[38;2;0;8;18;48;2;0;6;14m▀[38;2;0;0;10;48;2;3;0;12m▀[38;2;5;7;26;48;2;3;0;17m▀[38;2;35;69;141;48;2;48;77;140m▀[38;2;64;98;174;48;2;70;100;172m▀[38;2;79;111;200;48;2;90;117;191m▀[38;2;89;138;248;48;2;94;139;246m▀[38;2;52;109;222;48;2;58;112;218m▀[38;2;51;83;169;48;2;43;78;158m▀[38;2;47;59;114;48;2;50;69;133m▀[38;2;47;59;121;48;2;34;52;101m▀[38;2;47;75;171;48;2;45;66;146m▀[38;2;64;108;230;48;2;39;94;181m▀[38;2;43;114;247;48;2;14;97;159m▀[38;2;8;53;121;48;2;17;79;139m▀[38;2;0;0;0;48;2;4;23;43m▀[38;2;0;0;0;48;2;0;0;0m▀▀▀▀▀▀▀▀▀▀▀▀▀▀▀▀▀▀▀▀▀▀[0m
[38;2;0;0;0;48;2;0;0;0m▀▀[38;2;0;0;0;48;2;0;0;4m▀[38;2;0;3;8;48;2;0;8;12m▀[38;2;0;6;13;48;2;0;6;13m▀[38;2;0;8;12;48;2;0;8;12m▀▀[38;2;1;8;12;48;2;0;6;11m▀[38;2;0;6;13;48;2;2;6;12m▀[38;2;2;2;9;48;2;2;6;11m▀[38;2;2;6;11;48;2;2;6;8m▀[38;2;0;8;15;48;2;1;8;15m▀[38;2;1;10;17;48;2;1;10;15m▀[38;2;1;10;19;48;2;1;10;18m▀[38;2;0;12;17;48;2;0;16;23m▀[38;2;0;12;23;48;2;0;12;25m▀[38;2;2;6;11;48;2;0;6;14m▀[38;2;0;0;7;48;2;0;3;7m▀[38;2;1;8;13;48;2;0;6;11m▀[38;2;2;6;16;48;2;2;2;11m▀[38;2;2;2;9;48;2;2;2;14m▀[38;2;0;0;10;48;2;0;0;7m▀[38;2;3;0;12;48;2;0;0;10m▀[38;2;31;51;92;48;2;36;53;96m▀[38;2;79;102;171;48;2;87;111;173m▀[38;2;126;135;200;48;2;162;156;197m▀[38;2;103;135;223;48;2;102;122;194m▀[38;2;65;113;205;48;2;58;80;131m▀[38;2;56;89;144;48;2;59;68;101m▀[38;2;55;73;118;48;2;49;54;87m▀[38;2;52;68;108;48;2;95;96;134m▀[38;2;99;88;106;48;2;157;122;119m▀[38;2;132;117;140;48;2;235;192;153m▀[38;2;24;70;123;48;2;102;111;151m▀[38;2;28;130;181;48;2;52;124;183m▀[38;2;11;124;179;48;2;28;88;149m▀[38;2;15;87;138;48;2;14;19;45m▀[38;2;5;5;11;48;2;0;0;0m▀[38;2;0;0;0;48;2;0;0;0m▀▀▀▀▀▀▀▀▀▀▀▀▀▀▀▀▀▀▀▀[0m
[38;2;0;0;0;48;2;0;0;0m▀[38;2;0;0;0;48;2;0;3;8m▀[38;2;0;7;10;48;2;1;9;14m▀[38;2;1;9;12;48;2;0;9;12m▀[38;2;0;8;12;48;2;0;8;15m▀▀[38;2;0;8;17;48;2;4;11;16m▀[38;2;0;8;15;48;2;0;10;17m▀[38;2;0;8;13;48;2;0;8;15m▀[38;2;0;6;14;48;2;0;8;15m▀[38;2;0;6;9;48;2;0;6;9m▀[38;2;1;8;13;48;2;0;6;11m▀[38;2;0;6;11;48;2;0;3;14m▀[38;2;0;8;16;48;2;0;3;9m▀[38;2;4;12;17;48;2;0;0;4m▀[38;2;0;12;20;48;2;0;10;20m▀[38;2;0;6;11;48;2;2;6;8m▀[38;2;0;3;7;48;2;0;6;6m▀[38;2;1;10;20;48;2;1;10;18m▀[38;2;1;10;25;48;2;0;0;10m▀[38;2;0;0;13;48;2;0;0;10m▀[38;2;0;0;10;48;2;3;0;12m▀[38;2;0;0;13;48;2;7;7;25m▀[38;2;44;61;104;48;2;64;73;118m▀[38;2;100;113;169;48;2;105;108;146m▀[38;2;122;96;118;48;2;227;172;149m▀[38;2;112;86;117;48;2;240;180;149m▀[38;2;132;107;128;48;2;214;179;165m▀[38;2;187;135;128;48;2;186;165;171m▀[38;2;220;148;123;48;2;185;160;156m▀[38;2;237;188;149;48;2;174;155;165m▀[38;2;179;139;132;48;2;81;98;163m▀[38;2;248;222;179;48;2;141;133;156m▀[38;2;191;142;146;48;2;253;200;157m▀[38;2;86;95;157;48;2;108;87;100m▀[38;2;16;34;56;48;2;0;0;4m▀[38;2;0;0;0;48;2;0;0;0m▀▀▀▀▀▀▀▀▀▀▀▀▀▀▀▀▀▀▀▀▀▀[0m
[38;2;0;0;4;48;2;0;0;0m▀[38;2;0;6;10;48;2;0;7;7m▀[38;2;0;9;16;48;2;0;9;14m▀[38;2;0;8;15;48;2;0;11;16m▀[38;2;0;11;16;48;2;0;11;19m▀[38;2;1;10;17;48;2;0;11;16m▀[38;2;0;8;11;48;2;0;12;16m▀[38;2;0;8;15;48;2;0;8;15m▀[38;2;0;8;15;48;2;0;6;9m▀[38;2;0;6;14;48;2;0;0;4m▀[38;2;0;6;9;48;2;0;0;0m▀[38;2;0;0;0;48;2;0;0;0m▀[38;2;0;0;7;48;2;0;0;7m▀[38;2;3;0;10;48;2;0;0;15m▀[38;2;0;0;10;48;2;0;0;10m▀[38;2;0;10;23;48;2;1;10;20m▀[38;2;0;3;7;48;2;0;0;0m▀[38;2;0;3;3;48;2;0;0;0m▀[38;2;0;3;7;48;2;0;0;0m▀[38;2;3;0;10;48;2;0;0;7m▀[38;2;3;0;15;48;2;3;0;12m▀[38;2;3;0;7;48;2;0;0;7m▀[38;2;0;3;12;48;2;0;0;0m▀[38;2;37;46;81;48;2;33;49;85m▀[38;2;80;95;142;48;2;65;87;131m▀[38;2;124;119;131;48;2;68;88;124m▀[38;2;117;114;139;48;2;88;104;148m▀[38;2;111;125;172;48;2;86;112;173m▀[38;2;91;120;178;48;2;80;105;165m▀[38;2;77;106;164;48;2;68;98;160m▀[38;2;83;109;174;48;2;82;110;179m▀[38;2;75;108;182;48;2;76;110;185m▀[38;2;76;109;177;48;2;82;113;192m▀[38;2;114;117;152;48;2;55;90;160m▀[38;2;15;5;13;48;2;7;0;12m▀[38;2;0;0;0;48;2;0;0;0m▀▀▀▀▀▀▀▀▀▀▀▀▀▀▀▀▀▀▀▀▀▀▀[0m
[38;2;0;0;0;48;2;0;0;0m▀[38;2;0;6;8;48;2;0;6;6m▀[38;2;0;9;14;48;2;1;9;12m▀[38;2;0;11;16;48;2;0;11;14m▀[38;2;0;11;16;48;2;1;10;14m▀[38;2;0;11;16;48;2;0;3;3m▀[38;2;1;8;10;48;2;0;0;0m▀[38;2;0;3;3;48;2;0;0;0m▀[38;2;0;0;0;48;2;0;0;0m▀▀▀▀[38;2;0;0;4;48;2;0;0;4m▀[38;2;0;0;10;48;2;0;0;7m▀[38;2;0;3;7;48;2;0;0;7m▀[38;2;0;8;13;48;2;0;0;4m▀[38;2;0;0;0;48;2;0;0;0m▀▀[38;2;3;0;7;48;2;9;0;7m▀[38;2;3;0;10;48;2;3;0;3m▀[38;2;3;0;7;48;2;0;0;0m▀[38;2;0;0;4;48;2;0;0;7m▀[38;2;3;0;10;48;2;28;35;69m▀[38;2;33;48;98;48;2;23;45;98m▀[38;2;49;73;122;48;2;42;68;122m▀[38;2;61;89;136;48;2;56;93;147m▀[38;2;66;100;166;48;2;52;96;168m▀[38;2;72;108;176;48;2;62;102;175m▀[38;2;59;93;158;48;2;46;90;161m▀[38;2;63;85;156;48;2;61;90;164m▀[38;2;82;104;180;48;2;78;106;182m▀[38;2;79;112;191;48;2;68;108;189m▀[38;2;79;112;196;48;2;67;112;201m▀[38;2;59;98;175;48;2;59;108;187m▀[38;2;3;0;10;48;2;7;0;10m▀[38;2;0;0;0;48;2;0;0;4m▀[38;2;0;0;0;48;2;0;0;0m▀▀▀▀▀▀▀▀▀▀▀▀▀▀▀▀▀▀▀▀▀▀[0m
[38;2;0;0;0;48;2;0;0;0m▀[38;2;0;3;7;48;2;0;0;0m▀[38;2;0;8;12;48;2;0;0;4m▀[38;2;0;9;9;48;2;0;3;3m▀[38;2;0;6;6;48;2;0;0;0m▀[38;2;0;0;0;48;2;0;0;0m▀▀▀▀▀▀▀[38;2;0;0;7;48;2;0;0;0m▀[38;2;0;0;10;48;2;0;0;13m▀[38;2;0;0;4;48;2;0;0;7m▀[38;2;0;0;4;48;2;0;0;4m▀[38;2;0;0;0;48;2;0;0;4m▀[38;2;0;0;4;48;2;3;0;7m▀[38;2;9;0;12;48;2;9;0;9m▀[38;2;7;0;12;48;2;3;0;12m▀[38;2;0;0;4;48;2;0;0;13m▀[38;2;0;0;4;48;2;0;3;17m▀[38;2;32;48;93;48;2;21;52;102m▀[38;2;15;37;91;48;2;18;39;97m▀[38;2;34;66;127;48;2;33;64;133m▀[38;2;46;86;149;48;2;43;81;153m▀[38;2;51;95;170;48;2;46;97;173m▀[38;2;50;94;172;48;2;36;90;172m▀[38;2;43;91;163;48;2;42;90;165m▀[38;2;51;95;181;48;2;46;94;180m▀[38;2;66;102;177;48;2;57;96;174m▀[38;2;59;111;190;48;2;62;111;191m▀[38;2;58;115;207;48;2;55;116;210m▀[38;2;53;115;207;48;2;46;117;215m▀[38;2;6;11;32;48;2;13;33;65m▀[38;2;0;0;4;48;2;0;0;0m▀▀[38;2;0;0;0;48;2;0;0;0m▀▀▀▀▀▀▀▀▀▀▀▀▀▀▀▀▀▀▀▀▀[0m
[38;2;0;0;0;48;2;0;0;0m▀▀▀▀▀▀▀▀▀▀▀▀[38;2;0;0;0;48;2;0;0;10m▀[38;2;0;0;10;48;2;0;0;10m▀[38;2;0;0;7;48;2;0;0;13m▀[38;2;0;0;4;48;2;0;0;10m▀[38;2;3;0;12;48;2;9;0;12m▀[38;2;3;0;12;48;2;7;0;12m▀[38;2;3;0;7;48;2;0;0;7m▀[38;2;0;0;10;48;2;0;0;10m▀▀[38;2;2;5;18;48;2;5;7;26m▀[38;2;12;37;84;48;2;6;31;78m▀[38;2;6;41;100;48;2;5;48;107m▀[38;2;24;63;139;48;2;25;61;140m▀[38;2;30;80;155;48;2;18;72;155m▀[38;2;44;97;175;48;2;31;90;173m▀[38;2;35;90;170;48;2;32;86;171m▀[38;2;42;90;165;48;2;36;85;163m▀[38;2;48;94;179;48;2;46;93;184m▀[38;2;61;100;177;48;2;64;102;181m▀[38;2;56;113;196;48;2;55;114;197m▀[38;2;53;118;213;48;2;53;120;216m▀[38;2;48;119;214;48;2;49;120;218m▀[38;2;24;51;99;48;2;30;75;140m▀[38;2;0;0;0;48;2;0;0;4m▀[38;2;0;0;0;48;2;0;0;0m▀▀▀▀▀▀▀▀▀▀▀▀▀▀▀▀▀▀▀▀▀▀[0m
[38;2;0;0;0;48;2;0;0;0m▀▀▀▀▀▀▀▀▀▀▀▀[38;2;3;0;7;48;2;0;0;4m▀[38;2;0;0;7;48;2;0;0;4m▀▀[38;2;0;0;10;48;2;0;0;4m▀[38;2;0;0;13;48;2;0;0;10m▀[38;2;0;0;10;48;2;0;0;10m▀▀[38;2;0;0;13;48;2;0;0;7m▀[38;2;0;3;9;48;2;0;0;7m▀[38;2;10;17;47;48;2;6;13;38m▀[38;2;4;28;75;48;2;1;23;66m▀[38;2;7;49;117;48;2;11;52;125m▀[38;2;22;61;139;48;2;18;61;142m▀[38;2;20;69;155;48;2;19;71;154m▀[38;2;21;81;172;48;2;24;76;170m▀[38;2;24;79;170;48;2;19;75;166m▀[38;2;23;75;162;48;2;20;71;158m▀[38;2;36;91;188;48;2;37;87;188m▀[38;2;44;83;168;48;2;38;76;165m▀[38;2;51;111;198;48;2;37;101;198m▀[38;2;53;120;219;48;2;46;116;221m▀[38;2;48;120;223;48;2;44;116;224m▀[38;2;37;93;175;48;2;41;104;198m▀[38;2;0;0;7;48;2;1;5;26m▀[38;2;0;0;0;48;2;0;0;0m▀▀▀▀▀▀▀▀▀▀▀▀▀▀▀▀▀▀▀▀▀▀[0m
[38;2;0;0;0;48;2;0;0;0m▀▀▀▀[38;2;0;0;0;48;2;0;0;4m▀[38;2;0;0;4;48;2;0;0;4m▀[38;2;0;0;4;48;2;0;3;3m▀[38;2;0;0;4;48;2;0;0;0m▀[38;2;0;0;4;48;2;0;0;4m▀[38;2;0;0;4;48;2;0;3;7m▀[38;2;0;0;4;48;2;0;3;3m▀[38;2;0;3;7;48;2;0;3;7m▀[38;2;0;3;9;48;2;0;3;7m▀[38;2;0;0;7;48;2;0;0;4m▀[38;2;0;0;13;48;2;0;0;15m▀[38;2;0;0;7;48;2;3;0;12m▀[38;2;0;0;7;48;2;3;0;7m▀[38;2;0;3;7;48;2;0;0;13m▀[38;2;0;0;13;48;2;0;0;13m▀[38;2;0;0;7;48;2;0;0;0m▀[38;2;0;0;0;48;2;0;0;0m▀[38;2;0;3;9;48;2;0;0;7m▀[38;2;1;23;63;48;2;4;22;55m▀[38;2;10;57;132;48;2;10;57;131m▀[38;2;14;63;141;48;2;18;61;142m▀[38;2;16;70;156;48;2;16;69;153m▀[38;2;15;75;169;48;2;22;73;167m▀[38;2;18;74;165;48;2;18;73;164m▀[38;2;13;70;161;48;2;17;66;158m▀[38;2;27;86;186;48;2;22;84;186m▀[38;2;50;84;179;48;2;56;86;192m▀[38;2;41;103;211;48;2;41;105;218m▀[38;2;44;116;228;48;2;31;116;235m▀[38;2;36;115;226;48;2;29;114;228m▀[38;2;41;105;213;48;2;33;104;219m▀[38;2;8;15;45;48;2;20;29;70m▀[38;2;0;0;0;48;2;0;0;0m▀▀▀▀▀▀▀▀▀▀▀▀▀▀▀▀▀▀▀▀▀▀[0m
[38;2;0;0;0;48;2;0;0;0m▀▀▀▀[38;2;0;0;4;48;2;0;0;4m▀[38;2;0;0;0;48;2;0;0;7m▀[38;2;0;0;0;48;2;0;0;0m▀▀[38;2;0;0;4;48;2;0;0;4m▀[38;2;0;3;7;48;2;0;0;4m▀[38;2;0;3;7;48;2;0;0;7m▀[38;2;0;0;4;48;2;0;3;7m▀[38;2;0;0;4;48;2;0;0;0m▀[38;2;0;0;0;48;2;0;0;7m▀[38;2;3;0;12;48;2;7;0;10m▀[38;2;3;0;15;48;2;7;0;12m▀[38;2;3;0;15;48;2;3;0;15m▀[38;2;0;0;10;48;2;0;0;4m▀[38;2;0;0;0;48;2;0;0;0m▀[38;2;0;0;0;48;2;3;3;0m▀[38;2;0;0;0;48;2;6;6;2m▀[38;2;0;0;0;48;2;0;0;0m▀[38;2;0;0;4;48;2;0;0;0m▀[38;2;8;53;117;48;2;0;28;69m▀[38;2;20;63;144;48;2;0;51;124m▀[38;2;2;58;139;48;2;8;50;129m▀[38;2;23;70;164;48;2;19;73;161m▀[38;2;15;75;165;48;2;15;76;170m▀[38;2;23;66;159;48;2;13;68;158m▀[38;2;19;83;180;48;2;10;80;177m▀[38;2;49;90;197;48;2;53;91;202m▀[38;2;38;106;218;48;2;41;102;216m▀[38;2;13;114;230;48;2;22;109;226m▀[38;2;16;117;232;48;2;11;114;229m▀[38;2;33;106;220;48;2;21;109;223m▀[38;2;13;42;93;48;2;8;62;125m▀[38;2;0;0;0;48;2;0;0;0m▀▀▀▀▀[38;2;14;11;6;48;2;20;15;10m▀[38;2;3;3;0;48;2;3;0;0m▀[38;2;0;0;0;48;2;0;0;0m▀▀▀▀▀▀▀▀▀▀▀▀▀▀▀[0m
[38;2;0;0;0;48;2;0;0;0m▀▀▀▀[38;2;0;0;4;48;2;0;0;0m▀[38;2;0;0;7;48;2;0;0;0m▀[38;2;0;0;4;48;2;0;0;0m▀[38;2;0;0;4;48;2;0;0;4m▀[38;2;0;0;0;48;2;0;0;4m▀[38;2;0;0;4;48;2;0;0;4m▀▀[38;2;0;0;4;48;2;0;0;0m▀[38;2;0;0;0;48;2;0;0;0m▀▀[38;2;0;0;10;48;2;0;0;0m▀[38;2;0;0;13;48;2;0;0;4m▀[38;2;0;0;10;48;2;0;0;4m▀[38;2;0;0;0;48;2;0;0;0m▀▀▀[38;2;3;3;3;48;2;0;0;0m▀[38;2;0;0;0;48;2;0;0;0m▀▀[38;2;2;2;22;48;2;1;5;26m▀[38;2;0;43;101;48;2;0;41;95m▀[38;2;14;46;121;48;2;0;47;111m▀[38;2;16;70;158;48;2;9;68;150m▀[38;2;13;75;167;48;2;19;72;161m▀[38;2;1;68;160;48;2;10;68;164m▀[38;2;6;80;175;48;2;10;77;174m▀[38;2;45;90;200;48;2;34;85;197m▀[38;2;41;95;211;48;2;39;93;207m▀[38;2;21;107;222;48;2;23;104;218m▀[38;2;17;111;227;48;2;19;110;226m▀[38;2;16;108;221;48;2;11;104;216m▀[38;2;22;72;148;48;2;18;74;162m▀[38;2;0;0;0;48;2;0;0;0m▀▀▀▀▀▀▀▀▀▀▀▀▀▀▀▀▀▀▀▀▀▀[0m
[38;2;0;0;0;48;2;0;0;0m▀▀▀▀▀▀▀[38;2;0;0;4;48;2;0;0;0m▀▀[38;2;0;0;0;48;2;0;0;0m▀▀▀▀▀▀▀▀▀▀▀▀▀▀[38;2;5;7;35;48;2;4;11;42m▀[38;2;4;30;83;48;2;7;27;77m▀[38;2;0;42;100;48;2;4;37;94m▀[38;2;0;65;145;48;2;0;60;145m▀[38;2;15;69;160;48;2;9;68;157m▀[38;2;8;71;170;48;2;7;72;171m▀[38;2;8;75;169;48;2;9;71;164m▀[38;2;26;84;190;48;2;18;81;185m▀[38;2;25;91;206;48;2;25;88;201m▀[38;2;26;99;214;48;2;18;92;204m▀[38;2;26;103;220;48;2;16;100;216m▀[38;2;13;90;201;48;2;16;82;191m▀[38;2;11;72;164;48;2;9;70;158m▀[38;2;0;0;13;48;2;0;0;4m▀[38;2;0;0;0;48;2;0;0;0m▀▀▀▀▀▀▀▀▀▀▀▀▀▀▀▀▀▀▀▀▀[0m
[38;2;0;0;0;48;2;0;5;2m▀[38;2;0;0;0;48;2;1;7;4m▀[38;2;0;0;0;48;2;6;10;8m▀[38;2;0;0;0;48;2;8;12;9m▀[38;2;0;0;0;48;2;7;14;11m▀▀[38;2;0;0;0;48;2;5;9;6m▀[38;2;0;0;0;48;2;0;0;0m▀▀▀▀▀▀▀▀▀▀▀▀▀▀▀▀[38;2;0;0;7;48;2;0;0;0m▀[38;2;2;17;54;48;2;1;5;31m▀[38;2;7;37;93;48;2;9;35;95m▀[38;2;12;58;140;48;2;21;53;131m▀[38;2;2;65;153;48;2;0;63;151m▀[38;2;8;72;169;48;2;0;70;160m▀[38;2;0;69;155;48;2;0;67;155m▀[38;2;7;76;173;48;2;12;74;167m▀[38;2;14;86;194;48;2;13;81;184m▀[38;2;10;87;189;48;2;12;84;183m▀[38;2;9;95;207;48;2;9;87;193m▀[38;2;21;82;187;48;2;19;73;163m▀[38;2;18;56;132;48;2;8;12;30m▀[38;2;0;0;4;48;2;0;0;0m▀[38;2;0;0;0;48;2;0;0;0m▀▀▀▀▀▀▀▀▀▀▀▀▀▀▀▀▀▀▀▀▀[0m
[38;2;19;44;38;48;2;17;52;43m▀[38;2;20;45;38;48;2;18;52;43m▀[38;2;22;47;40;48;2;25;54;48m▀[38;2;23;48;42;48;2;26;57;48m▀[38;2;26;48;42;48;2;27;56;49m▀[38;2;23;48;42;48;2;29;55;47m▀[38;2;19;41;35;48;2;21;32;29m▀[38;2;0;0;0;48;2;0;0;0m▀▀▀▀▀▀▀▀▀▀▀▀▀▀▀▀[38;2;0;0;0;48;2;0;0;7m▀[38;2;0;2;20;48;2;0;0;12m▀[38;2;5;31;82;48;2;3;21;60m▀[38;2;3;50;118;48;2;0;41;96m▀[38;2;3;59;142;48;2;0;47;110m▀[38;2;4;56;143;48;2;0;46;111m▀[38;2;9;64;151;48;2;6;47;121m▀[38;2;1;66;156;48;2;16;55;133m▀[38;2;11;77;172;48;2;0;64;146m▀[38;2;13;80;181;48;2;12;73;168m▀[38;2;14;83;189;48;2;10;61;141m▀[38;2;18;49;119;48;2;20;39;89m▀[38;2;0;0;0;48;2;0;0;7m▀[38;2;0;0;0;48;2;0;0;4m▀▀[38;2;0;0;0;48;2;0;0;0m▀▀▀▀▀▀▀▀▀▀▀▀▀▀▀▀▀▀▀▀[0m
[38;2;21;50;44;48;2;16;42;38m▀[38;2;25;49;43;48;2;23;43;36m▀[38;2;26;51;44;48;2;25;41;35m▀[38;2;21;49;43;48;2;9;17;15m▀[38;2;18;38;35;48;2;0;0;0m▀[38;2;10;18;15;48;2;0;0;0m▀[38;2;0;0;0;48;2;0;0;0m▀▀▀▀▀▀▀▀[38;2;0;0;0;48;2;8;0;10m▀[38;2;0;0;4;48;2;6;0;9m▀[38;2;0;0;6;48;2;6;0;9m▀[38;2;0;0;6;48;2;0;0;6m▀[38;2;0;0;0;48;2;0;0;0m▀▀▀▀[38;2;0;0;12;48;2;3;0;9m▀[38;2;0;0;14;48;2;3;0;11m▀[38;2;0;0;12;48;2;3;0;14m▀[38;2;0;11;39;48;2;7;0;15m▀[38;2;0;25;66;48;2;1;5;21m▀[38;2;0;20;50;48;2;2;2;17m▀[38;2;6;27;78;48;2;0;2;21m▀[38;2;8;27;89;48;2;1;7;28m▀[38;2;4;33;95;48;2;4;8;38m▀[38;2;2;35;91;48;2;9;14;50m▀[38;2;10;37;100;48;2;4;10;39m▀[38;2;11;23;63;48;2;4;8;35m▀[38;2;0;3;8;48;2;5;13;45m▀[38;2;0;0;4;48;2;3;13;38m▀[38;2;0;0;7;48;2;1;6;26m▀[38;2;0;0;7;48;2;0;0;6m▀[38;2;0;0;0;48;2;0;0;0m▀▀▀▀▀▀▀▀▀▀▀▀▀▀▀▀▀▀▀▀[0m
