[38;2;107;112;107;48;2;107;110;107m▀[38;2;47;51;35;48;2;84;87;84m▀[38;2;80;66;60;48;2;78;82;85m▀[38;2;65;55;51;48;2;60;60;69m▀[38;2;70;60;54;48;2;68;58;62m▀[38;2;75;63;57;48;2;84;57;47m▀[38;2;74;77;80;48;2;77;80;83m▀[38;2;75;76;79;48;2;73;75;78m▀[38;2;108;82;66;48;2;82;62;49m▀[38;2;114;75;60;48;2;90;61;38m▀[38;2;97;62;44;48;2;107;80;61m▀[38;2;80;64;58;48;2;98;77;64m▀[38;2;100;75;62;48;2;92;74;60m▀[38;2;126;107;91;48;2;119;88;67m▀[38;2;90;66;60;48;2;99;64;56m▀[38;2;96;84;82;48;2;95;63;47m▀[38;2;69;61;55;48;2;44;42;41m▀[38;2;73;79;72;48;2;56;56;54m▀[38;2;67;73;52;48;2;139;141;139m▀[38;2;178;181;181;48;2;187;190;190m▀[38;2;203;205;208;48;2;202;205;209m▀[38;2;203;204;208;48;2;208;211;215m▀[38;2;199;203;207;48;2;207;211;214m▀[38;2;203;205;210;48;2;177;182;183m▀[38;2;203;206;208;48;2;125;128;126m▀[38;2;165;169;170;48;2;118;117;112m▀[38;2;135;139;142;48;2;98;97;89m▀[38;2;189;191;192;48;2;101;101;94m▀[38;2;209;211;212;48;2;128;130;126m▀[38;2;209;209;212;48;2;179;181;179m▀[38;2;206;208;209;48;2;215;215;218m▀[38;2;204;205;208;48;2;212;214;216m▀[38;2;202;203;206;48;2;209;210;214m▀[38;2;202;203;207;48;2;208;209;213m▀[38;2;200;203;206;48;2;207;207;212m▀[38;2;199;201;205;48;2;205;208;211m▀[38;2;197;201;204;48;2;203;206;209m▀[38;2;196;199;202;48;2;202;203;209m▀[38;2;195;196;201;48;2;200;202;208m▀[38;2;194;196;200;48;2;199;201;206m▀[38;2;193;194;199;48;2;199;199;207m▀[38;2;192;194;198;48;2;199;201;205m▀[38;2;191;193;198;48;2;199;202;206m▀[38;2;141;144;144;48;2;161;163;163m▀[38;2;43;51;44;48;2;43;49;42m▀[38;2;174;183;186;48;2;156;165;168m▀[38;2;178;185;191;48;2;183;191;198m▀[38;2;175;183;189;48;2;179;187;195m▀[38;2;174;181;187;48;2;178;185;193m▀[38;2;152;157;161;48;2;176;185;192m▀[38;2;137;142;144;48;2;118;122;116m▀[38;2;164;172;175;48;2;56;60;49m▀[38;2;161;167;170;48;2;90;95;90m▀[38;2;142;148;149;48;2;101;107;100m▀[38;2;155;158;160;48;2;142;145;145m▀[38;2;110;110;104;48;2;129;129;127m▀[38;2;55;59;50;48;2;74;77;66m▀[38;2;48;50;35;48;2;62;66;55m▀[0m
[38;2;50;50;36;48;2;53;55;46m▀[38;2;77;80;81;48;2;79;83;85m▀[38;2;68;72;74;48;2;71;74;77m▀[38;2;71;65;59;48;2;60;62;61m▀[38;2;48;48;51;48;2;83;87;81m▀[38;2;63;48;42;48;2;107;105;100m▀[38;2;68;67;65;48;2;117;112;109m▀[38;2;74;68;71;48;2;121;116;111m▀[38;2;104;68;59;48;2;123;113;107m▀[38;2;79;48;39;48;2;116;102;91m▀[38;2;89;60;51;48;2;118;93;63m▀[38;2;102;75;58;48;2;115;93;54m▀[38;2;91;75;64;48;2;105;90;71m▀[38;2;113;88;74;48;2;68;68;70m▀[38;2;112;73;66;48;2;86;68;68m▀[38;2;110;95;87;48;2;80;66;56m▀[38;2;100;82;69;48;2;155;145;143m▀[38;2;98;101;101;48;2;174;176;177m▀[38;2;143;139;138;48;2;87;72;62m▀[38;2;100;82;70;48;2;117;90;76m▀[38;2;93;75;67;48;2;114;84;71m▀[38;2;201;199;198;48;2;202;202;201m▀[38;2;199;188;182;48;2;174;159;153m▀[38;2;95;98;91;48;2;82;86;81m▀[38;2;89;88;77;48;2;99;96;84m▀[38;2;79;79;68;48;2;93;95;86m▀[38;2;81;80;71;48;2;138;136;124m▀[38;2;72;72;65;48;2;95;97;92m▀[38;2;83;81;71;48;2;76;77;73m▀[38;2;116;119;115;48;2;119;124;124m▀[38;2;222;224;224;48;2;230;230;230m▀▀[38;2;220;220;222;48;2;229;229;229m▀[38;2;217;217;221;48;2;225;227;228m▀[38;2;214;215;218;48;2;222;224;225m▀[38;2;212;213;217;48;2;219;220;224m▀[38;2;210;213;216;48;2;217;218;221m▀[38;2;208;211;214;48;2;216;217;220m▀[38;2;207;210;213;48;2;214;217;219m▀[38;2;206;209;212;48;2;212;215;218m▀[38;2;205;208;212;48;2;211;214;217m▀[38;2;206;208;211;48;2;210;213;218m▀[38;2;205;208;212;48;2;209;214;218m▀[38;2;153;156;156;48;2;161;164;165m▀[38;2;46;52;45;48;2;43;51;42m▀[38;2;147;157;161;48;2;99;110;108m▀[38;2;189;198;204;48;2;194;202;209m▀[38;2;185;193;201;48;2;190;198;207m▀[38;2;182;190;199;48;2;187;196;205m▀[38;2;179;187;195;48;2;187;196;205m▀[38;2;108;109;103;48;2;154;161;161m▀[38;2;69;73;67;48;2;101;106;99m▀[38;2;70;74;68;48;2;88;92;87m▀[38;2;72;74;68;48;2;101;105;101m▀[38;2;74;79;74;48;2;41;45;40m▀[38;2;104;109;107;48;2;36;40;33m▀[38;2;136;139;136;48;2;45;49;41m▀[38;2;82;86;80;48;2;47;50;39m▀[0m
[38;2;70;80;79;48;2;66;70;68m▀[38;2;75;79;82;48;2;80;83;87m▀[38;2;94;97;101;48;2;90;95;100m▀[38;2;62;61;60;48;2;68;54;48m▀[38;2;64;67;70;48;2;54;60;64m▀[38;2;96;96;92;48;2;61;64;60m▀[38;2;125;120;117;48;2;139;134;132m▀[38;2;136;130;126;48;2;148;142;139m▀[38;2;137;129;123;48;2;148;140;138m▀[38;2;131;125;119;48;2;142;137;134m▀[38;2;121;113;100;48;2;128;124;121m▀[38;2;122;109;79;48;2;98;97;93m▀[38;2;84;64;50;48;2;87;53;42m▀[38;2;70;61;58;48;2;129;98;64m▀[38;2;75;75;75;48;2;80;61;52m▀[38;2;85;73;70;48;2;55;47;60m▀[38;2;126;105;101;48;2;98;88;91m▀[38;2;139;137;139;48;2;177;169;169m▀[38;2;116;87;70;48;2;142;105;85m▀[38;2;125;92;72;48;2;143;115;96m▀[38;2;119;91;78;48;2;137;122;107m▀[38;2;188;193;191;48;2;144;143;133m▀[38;2;185;191;192;48;2;144;146;140m▀[38;2;119;118;114;48;2;151;153;148m▀[38;2;146;143;130;48;2;156;154;144m▀[38;2;140;143;141;48;2;156;155;150m▀[38;2;165;165;156;48;2;169;166;155m▀[38;2;113;116;116;48;2;149;149;143m▀[38;2;116;115;105;48;2;155;153;146m▀[38;2;164;170;171;48;2;199;207;208m▀[38;2;231;232;234;48;2;223;229;233m▀[38;2;234;234;234;48;2;228;231;232m▀[38;2;234;234;234;48;2;237;237;237m▀[38;2;230;232;233;48;2;235;237;237m▀[38;2;227;230;231;48;2;231;234;235m▀[38;2;226;226;229;48;2;232;234;235m▀[38;2;223;224;228;48;2;229;230;234m▀[38;2;221;222;226;48;2;228;228;232m▀[38;2;220;222;225;48;2;225;227;230m▀[38;2;218;220;225;48;2;224;226;230m▀[38;2;217;219;224;48;2;218;216;220m▀[38;2;187;173;173;48;2;136;84;61m▀[38;2;201;204;207;48;2;150;139;137m▀[38;2;157;161;161;48;2;178;183;183m▀[38;2;46;52;44;48;2;49;55;49m▀[38;2;45;54;48;48;2;44;53;48m▀[38;2;194;203;209;48;2;185;195;198m▀[38;2;196;205;212;48;2;206;212;219m▀[38;2;194;203;210;48;2;195;200;204m▀[38;2;192;201;209;48;2;126;129;119m▀[38;2;130;136;132;48;2;94;101;83m▀[38;2;110;114;110;48;2;52;58;46m▀[38;2;79;82;78;48;2;86;92;84m▀[38;2;70;75;66;48;2;61;65;56m▀[38;2;47;51;42;48;2;52;57;50m▀[38;2;53;56;52;48;2;112;116;111m▀[38;2;49;53;47;48;2;51;54;45m▀[38;2;132;137;137;48;2;120;126;125m▀[0m
[38;2;81;70;64;48;2;100;73;56m▀[38;2;91;92;95;48;2;94;94;97m▀[38;2;82;87;92;48;2;72;77;80m▀[38;2;42;41;37;48;2;40;42;40m▀[38;2;58;55;51;48;2;58;54;49m▀[38;2;88;88;80;48;2;104;98;94m▀[38;2;128;123;120;48;2;141;136;133m▀[38;2;157;151;147;48;2;157;151;148m▀[38;2;155;149;146;48;2;157;151;148m▀[38;2;148;143;141;48;2;149;145;142m▀[38;2;129;126;124;48;2;110;108;106m▀[38;2;67;62;61;48;2;65;58;52m▀[38;2;63;58;54;48;2;69;64;60m▀[38;2;107;80;58;48;2;72;57;50m▀[38;2;121;62;34;48;2;111;62;41m▀[38;2;94;64;49;48;2;167;152;145m▀[38;2;105;98;102;48;2;176;179;181m▀[38;2;91;90;93;48;2;90;88;93m▀[38;2;142;128;118;48;2;119;117;119m▀[38;2;149;139;123;48;2;119;119;108m▀[38;2;147;143;130;48;2;79;78;69m▀[38;2;102;101;88;48;2;108;104;86m▀[38;2;93;91;82;48;2;120;120;108m▀[38;2;120;119;110;48;2;74;74;68m▀[38;2;125;124;116;48;2;72;74;67m▀[38;2;134;134;124;48;2;78;76;65m▀[38;2;145;144;134;48;2;67;67;63m▀[38;2;143;143;132;48;2;97;94;89m▀[38;2;143;141;130;48;2;113;111;101m▀[38;2;167;169;165;48;2;122;120;114m▀[38;2;176;179;179;48;2;135;134;127m▀[38;2;193;196;197;48;2;145;145;141m▀[38;2;219;219;219;48;2;160;163;160m▀[38;2;222;224;224;48;2;177;179;179m▀[38;2;217;213;210;48;2;167;138;123m▀[38;2;206;199;197;48;2;151;128;118m▀[38;2;228;230;232;48;2;155;148;141m▀[38;2;208;208;208;48;2;120;103;95m▀[38;2;193;164;152;48;2;108;82;74m▀[38;2;205;205;207;48;2;170;172;172m▀[38;2;205;206;209;48;2;160;164;166m▀[38;2;151;153;153;48;2;142;145;142m▀[38;2;173;176;178;48;2;135;138;135m▀[38;2;179;185;185;48;2;143;146;143m▀[38;2;50;56;48;48;2;75;79;72m▀[38;2;45;52;47;48;2;49;52;48m▀[38;2;162;170;172;48;2;123;133;133m▀[38;2;212;218;222;48;2;215;222;227m▀[38;2;206;211;213;48;2;207;211;216m▀[38;2;123;126;112;48;2;121;123;114m▀[38;2;64;65;44;48;2;43;47;38m▀[38;2;52;58;50;48;2;57;61;56m▀[38;2;104;107;103;48;2;146;148;148m▀[38;2;45;51;44;48;2;42;43;40m▀[38;2;43;47;40;48;2;30;34;33m▀[38;2;57;63;51;48;2;60;67;54m▀[38;2;55;63;42;48;2;67;71;41m▀[38;2;85;88;70;48;2;56;61;38m▀[0m
[38;2;95;94;95;48;2;98;101;103m▀[38;2;105;109;113;48;2;90;96;99m▀[38;2;66;68;70;48;2;63;68;63m▀[38;2;50;53;48;48;2;48;51;46m▀[38;2;51;54;50;48;2;52;55;49m▀[38;2;104;99;96;48;2;115;112;110m▀[38;2;152;145;143;48;2;157;151;149m▀[38;2;163;156;152;48;2;167;159;157m▀[38;2;158;151;148;48;2;160;155;152m▀[38;2;155;150;147;48;2;164;159;156m▀[38;2;135;135;131;48;2;141;137;135m▀[38;2;72;75;68;48;2;112;113;102m▀[38;2;85;75;72;48;2;120;109;102m▀[38;2;85;70;64;48;2;107;99;95m▀[38;2;143;113;94;48;2;69;73;76m▀[38;2;160;153;148;48;2;68;74;77m▀[38;2;138;144;139;48;2;47;53;50m▀[38;2;107;103;101;48;2;67;66;60m▀[38;2;115;113;119;48;2;96;94;99m▀[38;2;114;116;117;48;2;112;110;110m▀[38;2;102;101;91;48;2;122;122;112m▀[38;2;141;139;124;48;2;127;130;123m▀[38;2;158;158;149;48;2;154;157;151m▀[38;2;85;89;84;48;2;74;82;81m▀[38;2;114;114;109;48;2;80;86;82m▀[38;2;102;102;95;48;2;94;98;94m▀[38;2;69;73;68;48;2;89;95;91m▀[38;2;70;73;68;48;2;118;118;111m▀[38;2;108;107;96;48;2;102;102;97m▀[38;2;75;75;68;48;2;92;94;88m▀[38;2;55;58;53;48;2;114;101;90m▀[38;2;97;92;86;48;2;103;105;98m▀[38;2;149;120;105;48;2;111;88;79m▀[38;2;117;116;111;48;2;89;91;91m▀[38;2;117;112;108;48;2;77;81;82m▀[38;2;114;110;108;48;2;100;104;101m▀[38;2;117;116;112;48;2;130;130;122m▀[38;2;117;115;113;48;2;139;137;127m▀[38;2;120;118;114;48;2;154;153;143m▀[38;2;128;127;118;48;2;148;147;141m▀[38;2;135;133;122;48;2;124;121;116m▀[38;2;142;142;132;48;2;74;72;64m▀[38;2;127;125;113;48;2;109;106;101m▀[38;2;117;115;108;48;2;140;138;127m▀[38;2;93;91;82;48;2;118;116;106m▀[38;2;106;78;64;48;2;77;83;79m▀[38;2;102;112;109;48;2;75;82;76m▀[38;2;209;215;219;48;2;181;195;203m▀[38;2;216;223;227;48;2;196;211;226m▀[38;2;195;201;205;48;2;196;210;228m▀[38;2;151;158;160;48;2;192;207;226m▀[38;2;192;201;208;48;2;193;208;225m▀[38;2;158;162;160;48;2;159;166;170m▀[38;2;38;40;35;48;2;73;79;76m▀[38;2;109;115;115;48;2;190;202;211m▀[38;2;100;103;98;48;2;164;173;179m▀[38;2;40;45;39;48;2;49;54;43m▀[38;2;47;54;42;48;2;40;46;35m▀[0m
[38;2;85;89;94;48;2;57;57;75m▀[38;2;58;59;69;48;2;48;48;65m▀[38;2;59;61;57;48;2;61;57;49m▀[38;2;39;44;38;48;2;43;49;42m▀[38;2;43;47;38;48;2;40;44;39m▀[38;2;111;111;107;48;2;84;82;81m▀[38;2;151;147;144;48;2;137;134;132m▀[38;2;158;153;150;48;2;144;139;135m▀[38;2;162;157;153;48;2;147;145;137m▀[38;2;158;156;154;48;2;142;139;135m▀[38;2;142;136;131;48;2;100;102;102m▀[38;2;106;108;98;48;2;106;76;61m▀[38;2;128;122;112;48;2;130;111;97m▀[38;2;70;71;70;48;2;66;68;88m▀[38;2;79;85;87;48;2;67;73;77m▀[38;2;92;100;108;48;2;75;78;81m▀[38;2;75;80;79;48;2;106;109;105m▀[38;2;96;96;89;48;2;72;86;82m▀[38;2;69;68;73;48;2;87;84;90m▀[38;2;73;79;79;48;2;112;115;119m▀[38;2;175;175;175;48;2;85;87;88m▀[38;2;208;208;213;48;2;205;205;207m▀[38;2;85;100;101;48;2;170;170;173m▀[38;2;66;83;82;48;2;69;74;77m▀[38;2;91;99;99;48;2;106;117;120m▀[38;2;108;112;113;48;2;117;122;122m▀[38;2;82;84;84;48;2;87;89;86m▀[38;2;140;142;137;48;2;157;159;154m▀[38;2;151;149;142;48;2;145;147;142m▀[38;2;148;144;136;48;2;143;146;142m▀[38;2;144;117;103;48;2;129;129;124m▀[38;2;128;131;128;48;2;115;114;101m▀[38;2;121;123;118;48;2;111;108;89m▀[38;2;107;107;97;48;2;142;138;121m▀[38;2;109;106;92;48;2;144;139;127m▀[38;2;154;149;137;48;2;125;124;114m▀[38;2;158;157;148;48;2;91;91;85m▀[38;2;143;143;138;48;2;65;69;70m▀[38;2;111;111;106;48;2;83;87;88m▀[38;2;128;127;121;48;2;88;90;88m▀[38;2;125;124;119;48;2;85;89;91m▀[38;2;123;97;85;48;2;80;82;83m▀[38;2;124;82;65;48;2;102;101;96m▀[38;2;111;107;101;48;2;90;90;86m▀[38;2;141;141;130;48;2;88;88;84m▀[38;2;121;120;109;48;2;130;129;122m▀[38;2;82;86;82;48;2;121;120;108m▀[38;2;144;149;152;48;2;112;117;112m▀[38;2;149;129;122;48;2;113;115;116m▀[38;2;187;205;224;48;2;193;208;221m▀[38;2;180;192;206;48;2;95;99;97m▀[38;2;163;172;179;48;2;115;126;126m▀[38;2;170;177;181;48;2;110;121;120m▀[38;2;140;146;148;48;2;120;127;128m▀[38;2;192;203;210;48;2;140;152;155m▀[38;2;113;118;114;48;2;86;91;82m▀[38;2;41;43;33;48;2;50;53;37m▀[38;2;36;38;32;48;2;58;65;42m▀[0m
[38;2;47;46;66;48;2;101;119;106m▀[38;2;60;58;57;48;2;74;82;76m▀[38;2;54;53;41;48;2;49;49;43m▀[38;2;32;35;28;48;2;49;49;47m▀[38;2;50;50;48;48;2;44;44;39m▀[38;2;83;96;81;48;2;93;111;90m▀[38;2;82;89;78;48;2;87;95;83m▀[38;2;139;128;121;48;2;156;147;140m▀[38;2;141;132;123;48;2;126;120;115m▀[38;2;115;115;111;48;2;110;108;107m▀[38;2;91;91;91;48;2;92;95;92m▀[38;2;76;65;61;48;2;78;78;80m▀[38;2;60;56;54;48;2;83;86;88m▀[38;2;66;67;85;48;2;76;78;80m▀[38;2;64;67;65;48;2;94;97;95m▀[38;2;56;54;53;48;2;97;95;93m▀[38;2;124;123;117;48;2;135;133;126m▀[38;2;146;133;124;48;2;136;131;118m▀[38;2;70;61;61;48;2;79;79;77m▀[38;2;73;73;76;48;2;68;68;71m▀[38;2;107;109;106;48;2;91;89;92m▀[38;2;147;145;144;48;2;122;121;116m▀[38;2;177;174;174;48;2;161;158;154m▀[38;2;139;139;134;48;2;111;108;103m▀[38;2;129;128;123;48;2;107;106;95m▀[38;2;147;146;139;48;2;116;114;104m▀[38;2;124;126;122;48;2;125;124;114m▀[38;2;148;151;145;48;2;131;129;119m▀[38;2;124;124;116;48;2;134;133;121m▀[38;2;104;104;91;48;2;149;146;132m▀[38;2;119;117;96;48;2;126;125;112m▀[38;2;143;139;121;48;2;83;81;70m▀[38;2;128;125;112;48;2;103;101;87m▀[38;2;91;88;74;48;2;138;134;116m▀[38;2;92;89;75;48;2;164;157;141m▀[38;2;92;89;77;48;2;146;141;129m▀[38;2;72;69;66;48;2;112;112;100m▀[38;2;62;65;59;48;2;94;96;88m▀[38;2;61;64;59;48;2;105;105;93m▀[38;2;58;58;54;48;2;97;96;84m▀[38;2;89;91;86;48;2;81;80;73m▀[38;2;127;129;123;48;2;67;67;61m▀[38;2;60;64;65;48;2;64;63;58m▀[38;2;81;86;87;48;2;59;59;52m▀[38;2;91;94;94;48;2;57;57;53m▀[38;2;79;81;81;48;2;47;49;47m▀[38;2;107;109;106;48;2;56;60;62m▀[38;2;120;119;110;48;2;70;73;71m▀[38;2;122;127;121;48;2;102;102;94m▀[38;2;193;209;218;48;2;112;119;116m▀[38;2;131;140;141;48;2;126;134;133m▀[38;2;108;116;112;48;2;73;80;72m▀[38;2;60;65;57;48;2;56;60;50m▀[38;2;73;82;78;48;2;55;61;57m▀[38;2;123;136;136;48;2;70;73;64m▀[38;2;69;72;54;48;2;61;67;51m▀[38;2;58;66;44;48;2;71;82;56m▀[38;2;55;63;43;48;2;59;63;33m▀[0m
[38;2;95;114;100;48;2;83;101;88m▀[38;2;53;61;56;48;2;82;99;90m▀[38;2;104;104;105;48;2;103;120;110m▀[38;2;129;139;134;48;2;101;125;112m▀[38;2;135;150;133;48;2;121;146;123m▀[38;2;118;138;116;48;2;130;155;129m▀[38;2;135;139;129;48;2;112;118;107m▀[38;2;163;158;155;48;2;156;153;149m▀[38;2;146;144;138;48;2;158;154;147m▀[38;2;149;145;138;48;2;155;150;142m▀[38;2;144;142;135;48;2;163;159;154m▀[38;2;149;151;144;48;2;170;167;163m▀[38;2;131;131;125;48;2;176;176;173m▀[38;2;126;128;122;48;2;172;176;172m▀[38;2;111;114;110;48;2;175;175;172m▀[38;2;120;120;110;48;2;83;82;75m▀[38;2;118;120;112;48;2;96;96;84m▀[38;2;61;60;48;48;2;73;74;60m▀[38;2;81;81;77;48;2;78;80;74m▀[38;2;85;85;88;48;2;102;104;106m▀[38;2;89;89;91;48;2;74;74;76m▀[38;2;140;138;136;48;2;148;148;146m▀[38;2;171;171;171;48;2;171;171;173m▀[38;2;120;119;110;48;2;88;91;86m▀[38;2;114;112;99;48;2;73;78;70m▀[38;2;115;112;100;48;2;74;77;70m▀[38;2;104;102;89;48;2;84;88;80m▀[38;2;92;90;76;48;2;95;95;87m▀[38;2;84;82;69;48;2;103;105;94m▀[38;2;82;79;66;48;2;110;109;98m▀[38;2;97;95;81;48;2;112;110;98m▀[38;2;102;97;86;48;2;107;105;92m▀[38;2;114;110;95;48;2;96;94;80m▀[38;2;139;133;117;48;2;101;99;88m▀[38;2;178;172;158;48;2;125;123;110m▀[38;2;161;156;146;48;2;146;142;127m▀[38;2;149;148;136;48;2;116;113;101m▀[38;2;150;148;138;48;2;84;81;76m▀[38;2;146;145;134;48;2;110;108;97m▀[38;2;140;139;128;48;2;141;139;127m▀[38;2;124;123;111;48;2;149;147;136m▀[38;2;113;113;102;48;2;141;141;132m▀[38;2;114;114;103;48;2;151;151;140m▀[38;2;97;96;83;48;2;144;143;130m▀[38;2;86;85;74;48;2;137;136;127m▀[38;2;63;63;57;48;2;125;125;114m▀[38;2;74;74;65;48;2;118;120;111m▀[38;2;56;59;55;48;2;47;53;46m▀[38;2;94;100;97;48;2;105;114;111m▀[38;2;56;61;57;48;2;116;124;124m▀[38;2;51;55;51;48;2;60;65;60m▀[38;2;54;57;54;48;2;100;108;108m▀[38;2;49;53;47;48;2;38;44;40m▀[38;2;61;72;66;48;2;70;78;73m▀[38;2;57;63;57;48;2;60;69;51m▀[38;2;66;73;65;48;2;80;87;74m▀[38;2;66;78;59;48;2;57;65;48m▀[38;2;63;69;49;48;2;65;70;50m▀[0m
[38;2;83;102;89;48;2;77;93;77m▀[38;2;78;96;84;48;2;82;94;82m▀[38;2;78;94;82;48;2;81;92;82m▀[38;2;103;125;108;48;2;81;99;77m▀[38;2;121;146;121;48;2;86;109;100m▀[38;2;121;144;120;48;2;87;108;86m▀[38;2;104;117;100;48;2;118;140;119m▀[38;2;101;113;99;48;2;132;154;131m▀[38;2;104;111;98;48;2;109;132;111m▀[38;2;102;94;89;48;2;93;106;100m▀[38;2;105;92;85;48;2;99;90;83m▀[38;2;105;85;78;48;2;122;120;106m▀[38;2;107;103;99;48;2;118;127;108m▀[38;2;107;107;96;48;2;113;99;89m▀[38;2;115;93;85;48;2;112;84;77m▀[38;2;108;83;72;48;2;114;86;74m▀[38;2;66;69;60;48;2;51;53;49m▀[38;2;60;65;57;48;2;77;82;74m▀[38;2;68;74;66;48;2;52;58;52m▀[38;2;83;83;87;48;2;51;55;56m▀[38;2;111;112;116;48;2;107;107;112m▀[38;2;149;149;151;48;2;110;111;115m▀[38;2;177;177;177;48;2;167;169;170m▀[38;2;66;68;62;48;2;65;62;59m▀[38;2;77;82;76;48;2;65;69;65m▀[38;2;89;95;88;48;2;95;104;96m▀[38;2;79;84;77;48;2;52;54;48m▀[38;2;59;62;58;48;2;41;41;36m▀[38;2;83;90;82;48;2;71;77;69m▀[38;2;75;80;73;48;2;87;93;84m▀[38;2;70;75;69;48;2;53;56;50m▀[38;2;61;65;60;48;2;45;45;42m▀[38;2;59;62;56;48;2;69;75;67m▀[38;2;37;37;35;48;2;39;41;39m▀[38;2;59;59;54;48;2;49;49;45m▀[38;2;184;181;169;48;2;192;189;178m▀[38;2;107;104;99;48;2;127;124;120m▀[38;2;37;35;33;48;2;53;51;49m▀[38;2;65;64;54;48;2;74;70;66m▀[38;2;147;145;131;48;2;172;171;159m▀[38;2;71;70;63;48;2;94;91;88m▀[38;2;52;49;46;48;2;50;47;47m▀[38;2;96;94;82;48;2;113;112;102m▀[38;2;128;123;113;48;2;132;128;120m▀[38;2;99;98;89;48;2;54;54;50m▀[38;2;114;113;103;48;2;89;88;78m▀[38;2;136;135;124;48;2;130;127;115m▀[38;2;107;106;97;48;2;86;85;74m▀[38;2;134;138;135;48;2;73;72;63m▀[38;2;118;122;119;48;2;77;76;70m▀[38;2;85;89;89;48;2;86;85;77m▀[38;2;102;109;101;48;2;103;104;84m▀[38;2;40;47;43;48;2;91;98;61m▀[38;2;66;73;59;48;2;88;96;57m▀[38;2;85;92;64;48;2;79;84;53m▀[38;2;76;85;42;48;2;78;84;42m▀[38;2;88;96;62;48;2;79;88;51m▀[38;2;72;78;51;48;2;84;91;66m▀[0m
[38;2;73;85;71;48;2;75;87;75m▀[38;2;72;77;70;48;2;72;81;72m▀[38;2;82;89;79;48;2;87;100;91m▀[38;2;89;110;84;48;2;97;117;100m▀[38;2;88;109;96;48;2;85;97;85m▀[38;2;79;96;87;48;2;78;92;83m▀[38;2;109;133;115;48;2;75;91;81m▀[38;2;89;108;92;48;2;83;94;81m▀[38;2;81;92;80;48;2;97;112;95m▀[38;2;100;107;101;48;2;116;133;116m▀[38;2;130;147;132;48;2;119;144;122m▀[38;2;137;156;132;48;2;126;151;131m▀[38;2;119;137;115;48;2;108;124;108m▀[38;2;103;82;75;48;2;106;106;101m▀[38;2;124;118;103;48;2;113;118;102m▀[38;2;132;140;116;48;2;126;150;126m▀[38;2;37;40;37;48;2;90;107;89m▀[38;2;71;75;67;48;2;105;124;110m▀[38;2;54;65;60;48;2;131;152;133m▀[38;2;35;44;44;48;2;57;70;68m▀[38;2;85;87;89;48;2;58;61;61m▀[38;2;120;120;125;48;2;102;103;107m▀[38;2;131;133;136;48;2;94;95;99m▀[38;2;76;76;70;48;2;78;76;83m▀[38;2;58;64;58;48;2;90;95;95m▀[38;2;86;96;89;48;2;80;91;87m▀[38;2;59;59;53;48;2;58;62;59m▀[38;2;62;69;65;48;2;63;82;81m▀[38;2;61;61;55;48;2;69;69;65m▀[38;2;92;99;90;48;2;83;90;82m▀[38;2;55;61;56;48;2;68;85;84m▀[38;2;45;44;38;48;2;77;79;72m▀[38;2;65;70;64;48;2;57;60;53m▀[38;2;49;53;49;48;2;62;75;72m▀[38;2;39;39;33;48;2;27;27;27m▀[38;2;190;185;176;48;2;181;178;166m▀[38;2;153;149;143;48;2;110;115;110m▀[38;2;52;52;48;48;2;42;42;38m▀[38;2;49;49;46;48;2;44;44;39m▀[38;2;173;170;158;48;2;128;131;124m▀[38;2;108;105;101;48;2;129;127;118m▀[38;2;37;39;37;48;2;47;49;47m▀[38;2;105;104;97;48;2;75;77;73m▀[38;2;158;156;147;48;2;146;144;134m▀[38;2;65;64;61;48;2;57;59;55m▀[38;2;87;87;81;48;2;82;81;72m▀[38;2;162;161;150;48;2;167;165;154m▀[38;2;67;70;65;48;2;59;60;56m▀[38;2;80;82;77;48;2;63;70;57m▀[38;2;87;90;80;48;2;84;92;55m▀[38;2;90;93;67;48;2;65;75;53m▀[38;2;95;101;61;48;2;79;85;64m▀[38;2;84;94;53;48;2;82;89;57m▀[38;2;83;85;38;48;2;76;78;44m▀[38;2;77;84;52;48;2;69;77;50m▀[38;2;68;68;44;48;2;64;73;48m▀[38;2;61;67;47;48;2;49;54;39m▀[38;2;46;52;35;48;2;38;45;32m▀[0m
[38;2;55;68;61;48;2;67;79;71m▀[38;2;117;132;114;48;2;92;89;75m▀[38;2;101;123;107;48;2;95;117;98m▀[38;2;78;93;77;48;2;71;88;71m▀[38;2;68;80;64;48;2;74;94;78m▀[38;2;81;95;84;48;2;92;118;97m▀[38;2;82;100;91;48;2;86;101;87m▀[38;2;72;85;75;48;2;67;82;66m▀[38;2;79;89;79;48;2;82;101;86m▀[38;2;88;104;94;48;2;78;100;84m▀[38;2;96;114;101;48;2;73;89;71m▀[38;2;102;118;103;48;2;92;105;90m▀[38;2;104;126;102;48;2;104;128;111m▀[38;2;126;138;120;48;2;115;139;117m▀[38;2;116;130;115;48;2;106;129;111m▀[38;2;108;133;115;48;2;92;116;92m▀[38;2;94;117;100;48;2;86;109;94m▀[38;2;112;140;127;48;2;97;121;102m▀[38;2;105;128;110;48;2;97;118;104m▀[38;2;64;84;75;48;2;54;66;61m▀[38;2;86;91;87;48;2;59;66;66m▀[38;2;98;100;101;48;2;71;77;76m▀[38;2;91;91;94;48;2;82;85;87m▀[38;2;83;83;90;48;2;79;79;83m▀[38;2;65;60;90;48;2;65;68;71m▀[38;2;77;88;83;48;2;66;80;75m▀[38;2;47;57;56;48;2;65;74;68m▀[38;2;58;79;78;48;2;56;69;67m▀[38;2;63;68;65;48;2;64;71;65m▀[38;2;80;89;82;48;2;78;86;80m▀[38;2;62;85;83;48;2;64;77;72m▀[38;2;62;70;66;48;2;62;67;64m▀[38;2;68;70;65;48;2;65;68;64m▀[38;2;65;82;81;48;2;58;72;66m▀[38;2;49;54;50;48;2;64;68;63m▀[38;2;171;169;157;48;2;160;158;147m▀[38;2;78;91;87;48;2;99;106;100m▀[38;2;48;51;48;48;2;63;70;63m▀[38;2;45;47;42;48;2;58;64;58m▀[38;2;66;78;76;48;2;63;75;71m▀[38;2;140;136;128;48;2;126;125;115m▀[38;2;53;58;56;48;2;65;60;51m▀[38;2;56;67;67;48;2;67;81;80m▀[38;2;47;47;45;48;2;92;96;98m▀[38;2;56;64;63;48;2;48;57;56m▀[38;2;65;69;62;48;2;56;62;58m▀[38;2;161;159;147;48;2;141;139;127m▀[38;2;41;48;48;48;2;49;61;60m▀[38;2;55;60;54;48;2;51;53;49m▀[38;2;63;70;58;48;2;53;65;61m▀[38;2;62;69;52;48;2;50;62;46m▀[38;2;75;83;70;48;2;50;60;47m▀[38;2;61;69;42;48;2;56;65;48m▀[38;2;65;76;54;48;2;44;51;37m▀[38;2;50;62;49;48;2;31;40;36m▀[38;2;54;58;35;48;2;43;48;35m▀[38;2;35;41;35;48;2;34;45;42m▀[38;2;35;39;30;48;2;33;35;25m▀[0m
[38;2;68;77;71;48;2;76;97;89m▀[38;2;83;101;85;48;2;87;94;84m▀[38;2;71;90;71;48;2;78;93;79m▀[38;2;75;94;80;48;2;72;87;76m▀[38;2;71;90;72;48;2;77;99;84m▀[38;2;62;81;65;48;2;77;98;82m▀[38;2;74;82;64;48;2;77;92;83m▀[38;2;97;116;95;48;2;90;111;97m▀[38;2;109;138;115;48;2;111;134;115m▀[38;2;102;127;105;48;2;100;123;109m▀[38;2;91;110;91;48;2;89;109;97m▀[38;2;83;80;71;48;2;104;121;105m▀[38;2;81;90;76;48;2;65;74;64m▀[38;2;80;97;82;48;2;80;90;69m▀[38;2;98;113;98;48;2;72;78;67m▀[38;2;109;125;103;48;2;71;70;59m▀[38;2;90;99;83;48;2;74;87;68m▀[38;2;85;102;84;48;2;83;95;87m▀[38;2;101;119;106;48;2;73;87;79m▀[38;2;50;55;49;48;2;46;52;49m▀[38;2;116;116;114;48;2;109;111;110m▀[38;2;173;175;175;48;2;145;147;147m▀[38;2;96;99;99;48;2;83;91;90m▀[38;2;57;59;59;48;2;41;49;44m▀[38;2;71;74;67;48;2;46;51;48m▀[38;2;57;68;64;48;2;45;57;55m▀[38;2;58;64;59;48;2;45;48;46m▀[38;2;44;54;52;48;2;46;57;56m▀[38;2;79;82;76;48;2;80;83;81m▀[38;2;61;65;63;48;2;139;146;147m▀[38;2;51;62;60;48;2;103;111;111m▀[38;2;46;54;49;48;2;50;57;52m▀[38;2;71;76;70;48;2;72;69;66m▀[38;2;52;62;58;48;2;46;51;49m▀[38;2;59;57;52;48;2;54;57;54m▀[38;2;113;113;104;48;2;138;137;126m▀[38;2;104;107;102;48;2;141;141;131m▀[38;2;65;72;66;48;2;72;77;70m▀[38;2;60;65;61;48;2;60;65;60m▀[38;2;60;67;62;48;2;70;75;69m▀[38;2;115;115;108;48;2;159;156;146m▀[38;2;54;51;49;48;2;40;38;36m▀[38;2;63;74;73;48;2;43;47;43m▀[38;2;79;85;85;48;2;58;51;47m▀[38;2;42;48;44;48;2;60;58;52m▀[38;2;54;62;59;48;2;45;52;48m▀[38;2;104;104;92;48;2;110;110;98m▀[38;2;71;79;66;48;2;78;82;74m▀[38;2;54;59;48;48;2;59;64;51m▀[38;2;57;65;63;48;2;70;78;64m▀[38;2;74;81;63;48;2;56;60;44m▀[38;2;59;65;42;48;2;48;51;39m▀[38;2;46;55;46;48;2;42;49;39m▀[38;2;56;62;38;48;2;63;68;42m▀[38;2;32;41;36;48;2;46;54;47m▀[38;2;37;43;33;48;2;48;55;43m▀[38;2;36;45;41;48;2;42;50;40m▀[38;2;31;35;28;48;2;33;38;32m▀[0m
[38;2;79;101;86;48;2;70;91;80m▀[38;2;73;87;81;48;2;50;66;57m▀[38;2;72;84;78;48;2;66;70;62m▀[38;2;69;82;80;48;2;69;86;78m▀[38;2;72;92;82;48;2;62;78;69m▀[38;2;63;80;68;48;2;70;85;72m▀[38;2;71;86;75;48;2;64;80;69m▀[38;2;75;94;84;48;2;68;81;69m▀[38;2;78;90;78;48;2;76;78;72m▀[38;2;78;91;79;48;2;76;92;80m▀[38;2;79;94;81;48;2;81;101;89m▀[38;2;69;83;72;48;2;107;130;112m▀[38;2;83;95;83;48;2;90;113;95m▀[38;2;90;80;67;48;2;92;99;86m▀[38;2;108;80;70;48;2;97;95;84m▀[38;2;90;86;74;48;2;104;121;105m▀[38;2;48;54;48;48;2;64;80;68m▀[38;2;57;63;59;48;2;38;48;45m▀[38;2;48;60;58;48;2;63;70;64m▀[38;2;44;51;48;48;2;95;98;90m▀[38;2;79;84;83;48;2;120;123;121m▀[38;2;92;95;96;48;2;73;81;80m▀[38;2;66;73;72;48;2;89;95;92m▀[38;2;66;70;66;48;2;138;137;129m▀[38;2;55;62;58;48;2;108;110;104m▀[38;2;46;57;54;48;2;80;87;82m▀[38;2;61;68;63;48;2;145;145;137m▀[38;2;47;56;56;48;2;84;88;83m▀[38;2;63;68;64;48;2;136;134;128m▀[38;2;81;83;77;48;2;98;101;86m▀[38;2;58;64;60;48;2;64;64;60m▀[38;2;65;69;61;48;2;50;58;50m▀[38;2;73;75;69;48;2;112;111;105m▀[38;2;54;60;55;48;2;92;94;87m▀[38;2;49;55;53;48;2;92;94;85m▀[38;2;101;103;96;48;2;148;142;131m▀[38;2;108;86;81;48;2;112;68;65m▀[38;2;88;78;73;48;2;81;61;55m▀[38;2;75;73;67;48;2;129;94;75m▀[38;2;59;64;60;48;2;120;119;108m▀[38;2;118;118;109;48;2;134;134;125m▀[38;2;56;58;56;48;2;91;91;88m▀[38;2;39;46;46;48;2;52;57;58m▀[38;2;54;58;58;48;2;96;96;99m▀[38;2;67;70;65;48;2;124;115;117m▀[38;2;43;50;46;48;2;62;66;62m▀[38;2;91;93;84;48;2;109;108;98m▀[38;2;84;87;79;48;2;109;108;99m▀[38;2;44;52;40;48;2;44;48;44m▀[38;2;43;53;35;48;2;57;60;55m▀[38;2;43;50;42;48;2;35;39;37m▀[38;2;48;54;34;48;2;47;49;35m▀[38;2;37;44;35;48;2;31;35;30m▀[38;2;63;63;41;48;2;37;40;31m▀[38;2;50;57;48;48;2;33;37;31m▀[38;2;45;53;38;48;2;38;45;36m▀[38;2;57;64;47;48;2;34;38;28m▀[38;2;45;44;34;48;2;37;43;35m▀[0m
[38;2;60;73;62;48;2;53;66;55m▀[38;2;64;80;70;48;2;52;64;57m▀[38;2;56;63;54;48;2;57;72;64m▀[38;2;55;67;47;48;2;54;60;52m▀[38;2;57;68;57;48;2;62;72;62m▀[38;2;61;75;69;48;2;68;79;69m▀[38;2;59;71;60;48;2;60;69;59m▀[38;2;66;70;61;48;2;57;64;55m▀[38;2;71;79;71;48;2;60;74;62m▀[38;2;73;94;86;48;2;65;78;68m▀[38;2;96;121;107;48;2;59;71;63m▀[38;2;99;125;109;48;2;49;59;49m▀[38;2;76;96;82;48;2;69;82;69m▀[38;2;77;92;78;48;2;67;76;64m▀[38;2;76;92;79;48;2;76;65;59m▀[38;2;77;87;74;48;2;71;66;56m▀[38;2;48;55;48;48;2;44;49;40m▀[38;2;55;60;50;48;2;43;51;43m▀[38;2;56;63;56;48;2;62;64;49m▀[38;2;49;59;58;48;2;39;48;44m▀[38;2;80;83;78;48;2;103;105;103m▀[38;2;77;83;83;48;2;65;74;70m▀[38;2;49;58;57;48;2;38;49;46m▀[38;2;71;72;68;48;2;97;102;102m▀[38;2;69;72;66;48;2;59;65;59m▀[38;2;51;58;54;48;2;40;50;45m▀[38;2;91;92;86;48;2;78;84;77m▀[38;2;62;68;62;48;2;55;62;56m▀[38;2;89;94;81;48;2;55;58;46m▀[38;2;42;38;37;48;2;25;25;22m▀[38;2;31;32;32;48;2;38;41;40m▀[38;2;71;76;70;48;2;50;56;50m▀[38;2;103;103;95;48;2;61;65;59m▀[38;2;87;86;80;48;2;56;60;55m▀[38;2;65;61;58;48;2;71;67;63m▀[38;2;107;75;69;48;2;71;43;39m▀[38;2;116;74;67;48;2;153;145;135m▀[38;2;48;37;30;48;2;64;55;50m▀[38;2;53;32;26;48;2;53;26;26m▀[38;2;74;46;41;48;2;51;45;43m▀[38;2;115;117;110;48;2;100;103;96m▀[38;2;86;83;79;48;2;97;93;88m▀[38;2;32;34;36;48;2;23;27;27m▀[38;2;33;35;35;48;2;61;61;52m▀[38;2;71;67;65;48;2;110;109;99m▀[38;2;52;56;52;48;2;39;43;41m▀[38;2;107;105;96;48;2;61;61;55m▀[38;2;121;117;108;48;2;126;121;112m▀[38;2;82;84;80;48;2;45;51;48m▀[38;2;102;102;96;48;2;60;65;61m▀[38;2;69;72;67;48;2;49;54;51m▀[38;2;89;91;85;48;2;67;69;64m▀[38;2;61;64;59;48;2;55;58;54m▀[38;2;40;44;38;48;2;33;35;34m▀[38;2;30;33;25;48;2;26;30;25m▀[38;2;35;42;34;48;2;22;29;26m▀[38;2;47;57;39;48;2;33;41;27m▀[38;2;30;37;30;48;2;25;30;26m▀[0m
