[38;2;5;7;7;48;2;58;54;51m▀[38;2;6;9;6;48;2;62;58;55m▀[38;2;4;9;5;48;2;9;13;9m▀[38;2;6;14;9;48;2;7;12;9m▀[38;2;11;18;18;48;2;10;17;15m▀[38;2;9;18;14;48;2;5;15;9m▀[38;2;2;15;9;48;2;5;17;9m▀[38;2;11;34;18;48;2;9;25;13m▀[38;2;14;38;22;48;2;7;25;15m▀[38;2;24;54;33;48;2;11;30;15m▀[38;2;18;40;24;48;2;19;35;24m▀[38;2;105;110;108;48;2;148;151;154m▀[38;2;58;73;60;48;2;82;96;85m▀[38;2;17;38;21;48;2;29;68;33m▀[38;2;12;26;15;48;2;33;67;35m▀[38;2;26;44;34;48;2;28;66;39m▀[38;2;13;23;16;48;2;22;61;30m▀[38;2;11;20;16;48;2;63;65;61m▀[38;2;35;45;38;48;2;99;92;89m▀[38;2;82;84;81;48;2;92;80;74m▀[38;2;85;77;72;48;2;91;76;70m▀[38;2;86;77;71;48;2;74;64;58m▀[38;2;76;70;67;48;2;99;92;88m▀[38;2;86;77;70;48;2;119;111;108m▀[38;2;75;65;62;48;2;152;144;141m▀[38;2;83;72;68;48;2;143;132;129m▀[38;2;94;85;81;48;2;133;126;122m▀[38;2;103;93;91;48;2;129;122;117m▀[38;2;104;93;91;48;2;129;122;117m▀[38;2;88;76;72;48;2;121;112;109m▀[38;2;75;65;62;48;2;144;135;134m▀[38;2;71;60;56;48;2;141;131;129m▀[38;2;87;73;69;48;2;123;109;106m▀[38;2;91;81;74;48;2;100;86;81m▀[38;2;85;75;70;48;2;86;71;67m▀[38;2;81;74;72;48;2;98;89;86m▀[38;2;67;66;63;48;2;89;80;79m▀[38;2;23;32;26;48;2;79;73;72m▀[38;2;10;19;13;48;2;45;50;46m▀[38;2;4;9;9;48;2;48;51;51m▀[38;2;6;9;8;48;2;56;55;55m▀[38;2;6;9;6;48;2;61;59;59m▀[38;2;14;14;14;48;2;65;61;61m▀[38;2;60;60;59;48;2;69;64;63m▀[38;2;69;72;70;48;2;52;48;45m▀[38;2;40;46;46;48;2;45;40;37m▀[38;2;21;26;25;48;2;41;36;32m▀[38;2;24;27;25;48;2;28;28;23m▀[38;2;12;21;13;48;2;3;8;3m▀[38;2;2;11;4;48;2;0;4;2m▀[38;2;7;10;9;48;2;6;9;9m▀[38;2;0;2;0;48;2;3;5;5m▀[38;2;0;4;0;48;2;13;16;14m▀[38;2;0;4;0;48;2;3;6;4m▀[38;2;0;4;0;48;2;0;4;2m▀[38;2;2;4;2;48;2;2;6;2m▀[38;2;0;3;3;48;2;3;6;3m▀[38;2;0;4;0;48;2;0;2;0m▀[0m
[38;2;101;93;87;48;2;109;102;97m▀[38;2;87;80;74;48;2;86;79;74m▀[38;2;14;19;12;48;2;15;26;13m▀[38;2;9;15;11;48;2;9;19;11m▀[38;2;11;16;15;48;2;6;14;8m▀[38;2;5;11;7;48;2;6;10;6m▀[38;2;4;12;7;48;2;12;20;16m▀[38;2;9;23;15;48;2;21;45;26m▀[38;2;28;56;47;48;2;38;84;54m▀[38;2;43;89;69;48;2;49;103;78m▀[38;2;77;116;102;48;2;34;75;49m▀[38;2;135;138;138;48;2;98;101;96m▀[38;2;83;89;84;48;2;51;59;52m▀[38;2;27;49;32;48;2;34;65;46m▀[38;2;40;56;41;48;2;26;47;31m▀[38;2;25;40;29;48;2;73;84;75m▀[38;2;86;92;84;48;2;107;98;93m▀[38;2;98;90;85;48;2;107;92;86m▀[38;2;105;92;86;48;2;93;75;69m▀[38;2;90;73;68;48;2;135;121;116m▀[38;2;105;94;88;48;2;149;140;135m▀[38;2;142;134;130;48;2;121;111;105m▀[38;2;143;136;131;48;2;115;101;95m▀[38;2;115;108;102;48;2;133;120;115m▀[38;2;100;92;86;48;2;157;147;142m▀[38;2;108;97;92;48;2;146;135;130m▀[38;2;119;105;99;48;2;160;147;142m▀[38;2;120;107;101;48;2;151;140;135m▀[38;2;117;103;98;48;2;162;148;143m▀[38;2;112;101;97;48;2;162;148;143m▀[38;2;96;87;82;48;2;158;144;138m▀[38;2;103;92;88;48;2;146;132;126m▀[38;2;128;114;111;48;2;126;114;109m▀[38;2;144;130;124;48;2;108;95;91m▀[38;2;138;127;123;48;2;129;117;113m▀[38;2;100;87;85;48;2;148;138;133m▀[38;2;96;86;83;48;2;124;111;106m▀[38;2;93;84;82;48;2;82;71;67m▀[38;2;48;40;40;48;2;72;65;62m▀[38;2;58;50;46;48;2;73;63;57m▀[38;2;69;60;56;48;2;65;54;50m▀[38;2;69;61;56;48;2;65;55;52m▀[38;2;66;56;51;48;2;69;56;53m▀[38;2;62;53;48;48;2;67;57;52m▀[38;2;60;52;48;48;2;67;58;54m▀[38;2;53;45;41;48;2;66;57;52m▀[38;2;43;37;34;48;2;36;31;28m▀[38;2;13;13;10;48;2;8;9;8m▀[38;2;2;5;5;48;2;4;7;7m▀[38;2;0;4;4;48;2;0;4;4m▀[38;2;0;4;2;48;2;2;5;2m▀[38;2;17;19;20;48;2;8;13;10m▀[38;2;12;14;14;48;2;3;11;7m▀[38;2;0;6;3;48;2;3;13;7m▀[38;2;7;12;7;48;2;15;24;20m▀[38;2;0;7;2;48;2;2;10;4m▀[38;2;3;7;3;48;2;0;6;2m▀[38;2;0;4;0;48;2;0;6;2m▀[0m
[38;2;120;113;107;48;2;92;81;76m▀[38;2;96;85;77;48;2;80;68;63m▀[38;2;21;24;17;48;2;39;38;32m▀[38;2;9;21;12;48;2;18;39;26m▀[38;2;7;22;10;48;2;13;29;18m▀[38;2;10;20;13;48;2;8;19;13m▀[38;2;22;41;29;48;2;19;37;27m▀[38;2;33;59;40;48;2;32;49;40m▀[38;2;63;90;78;48;2;51;43;41m▀[38;2;76;103;91;48;2;54;45;42m▀[38;2;96;102;96;48;2;62;52;47m▀[38;2;132;128;127;48;2;77;67;63m▀[38;2;99;95;92;48;2;77;66;63m▀[38;2;84;81;77;48;2;82;69;63m▀[38;2;74;74;70;48;2;84;71;67m▀[38;2;94;87;84;48;2;88;75;71m▀[38;2;116;102;94;48;2;104;89;83m▀[38;2;104;88;80;48;2;159;143;138m▀[38;2;152;136;131;48;2;135;118;110m▀[38;2;142;128;122;48;2;129;111;103m▀[38;2;117;103;97;48;2;170;153;147m▀[38;2;144;128;119;48;2;175;159;150m▀[38;2;167;152;142;48;2;176;162;155m▀[38;2;161;149;144;48;2;162;152;146m▀[38;2;154;142;137;48;2;177;167;161m▀[38;2;150;135;131;48;2;165;153;147m▀[38;2;160;148;144;48;2;178;168;163m▀[38;2;145;134;131;48;2;170;159;156m▀[38;2;159;149;145;48;2;163;153;150m▀[38;2;159;148;143;48;2;169;159;153m▀[38;2;169;159;154;48;2;177;166;162m▀[38;2;168;154;150;48;2;173;162;156m▀[38;2;164;153;148;48;2;169;158;153m▀[38;2;157;145;139;48;2;167;155;150m▀[38;2;131;117;111;48;2;163;151;146m▀[38;2;118;102;99;48;2;144;132;125m▀[38;2;144;135;132;48;2;115;101;96m▀[38;2;124;113;109;48;2;119;108;105m▀[38;2;117;107;106;48;2;124;113;111m▀[38;2;129;119;115;48;2;113;98;94m▀[38;2;131;123;119;48;2;96;82;78m▀[38;2;132;124;122;48;2;89;79;74m▀[38;2;132;123;119;48;2;124;114;110m▀[38;2;129;119;117;48;2;137;127;124m▀[38;2;124;115;113;48;2;130;122;118m▀[38;2;115;105;100;48;2;122;112;107m▀[38;2;59;52;50;48;2;67;60;56m▀[38;2;4;7;7;48;2;4;7;7m▀[38;2;4;9;4;48;2;4;14;9m▀[38;2;4;11;4;48;2;6;17;10m▀[38;2;4;14;8;48;2;13;35;15m▀[38;2;5;19;8;48;2;4;19;8m▀[38;2;3;16;7;48;2;2;13;4m▀[38;2;3;13;6;48;2;3;10;4m▀[38;2;2;9;4;48;2;0;6;2m▀[38;2;3;8;4;48;2;0;6;2m▀[38;2;2;8;3;48;2;2;8;4m▀[38;2;0;6;0;48;2;0;6;2m▀[0m
[38;2;99;84;77;48;2;127;113;102m▀[38;2;77;67;60;48;2;99;90;82m▀[38;2;13;20;13;48;2;14;18;13m▀[38;2;11;25;14;48;2;17;31;23m▀[38;2;13;21;16;48;2;25;44;35m▀[38;2;8;21;14;48;2;22;43;31m▀[38;2;20;40;27;48;2;23;54;31m▀[38;2;34;64;52;48;2;25;59;39m▀[38;2;43;61;46;48;2;25;56;38m▀[38;2;68;55;50;48;2;96;86;80m▀[38;2;74;60;55;48;2;141;121;113m▀[38;2;79;64;60;48;2;147;130;119m▀[38;2;84;69;64;48;2;142;125;116m▀[38;2;90;75;69;48;2;128;110;101m▀[38;2;103;89;83;48;2;134;117;108m▀[38;2;109;95;90;48;2;129;113;108m▀[38;2;142;126;120;48;2;118;103;96m▀[38;2;139;125;120;48;2;138;122;113m▀[38;2;135;118;110;48;2;166;152;145m▀[38;2;173;157;150;48;2;173;159;154m▀[38;2;178;163;157;48;2;173;159;154m▀[38;2;178;163;157;48;2;178;165;158m▀[38;2;180;169;163;48;2;176;165;159m▀[38;2;181;172;166;48;2;171;160;156m▀[38;2;175;165;159;48;2;156;144;140m▀[38;2;174;162;158;48;2;183;172;167m▀[38;2;173;162;158;48;2;175;164;160m▀[38;2;177;165;162;48;2;171;160;154m▀[38;2;169;158;153;48;2;169;154;148m▀[38;2;168;158;153;48;2;184;170;166m▀[38;2;177;167;164;48;2;171;160;157m▀[38;2;175;164;158;48;2;170;159;154m▀[38;2;164;150;146;48;2;168;154;149m▀[38;2;159;144;138;48;2;162;147;142m▀[38;2;156;141;137;48;2;161;145;139m▀[38;2;146;135;129;48;2;155;140;135m▀[38;2;151;137;130;48;2;167;153;147m▀[38;2;123;109;103;48;2;163;149;143m▀[38;2;121;109;105;48;2;159;148;143m▀[38;2;130;115;110;48;2;160;146;141m▀[38;2;130;113;106;48;2;151;134;126m▀[38;2;125;108;101;48;2;135;117;109m▀[38;2;135;123;118;48;2;142;127;122m▀[38;2;145;135;131;48;2;150;136;131m▀[38;2;141;131;127;48;2;147;137;133m▀[38;2;134;123;119;48;2;143;129;125m▀[38;2;79;70;67;48;2;92;83;78m▀[38;2;5;9;9;48;2;5;9;9m▀[38;2;2;7;5;48;2;4;7;7m▀[38;2;2;5;4;48;2;0;5;5m▀[38;2;0;4;2;48;2;0;5;5m▀[38;2;0;4;0;48;2;4;14;9m▀[38;2;0;7;2;48;2;2;12;6m▀[38;2;0;8;3;48;2;2;8;4m▀[38;2;2;8;3;48;2;0;7;2m▀[38;2;0;5;0;48;2;0;5;0m▀[38;2;2;6;2;48;2;0;4;0m▀[38;2;0;5;0;48;2;0;5;0m▀[0m
[38;2;130;115;105;48;2;126;112;103m▀[38;2;102;92;84;48;2;109;101;92m▀[38;2;19;21;16;48;2;25;27;22m▀[38;2;24;50;38;48;2;13;23;16m▀[38;2;33;67;45;48;2;19;48;34m▀[38;2;49;90;68;48;2;16;34;16m▀[38;2;36;70;52;48;2;23;46;27m▀[38;2;31;67;45;48;2;17;40;20m▀[38;2;19;44;26;48;2;24;47;33m▀[38;2;123;107;99;48;2;132;116;106m▀[38;2;159;140;129;48;2;169;151;142m▀[38;2;167;150;141;48;2;175;160;155m▀[38;2;151;133;125;48;2;164;148;139m▀[38;2;109;91;82;48;2;152;132;120m▀[38;2;125;107;97;48;2;173;154;142m▀[38;2;135;119;111;48;2;177;162;156m▀[38;2;148;131;121;48;2;177;161;148m▀[38;2;177;163;154;48;2;187;172;162m▀[38;2;165;150;144;48;2;190;176;171m▀[38;2;174;160;155;48;2;191;179;173m▀[38;2;175;160;156;48;2;193;179;174m▀[38;2;181;167;162;48;2;196;184;178m▀[38;2;176;161;157;48;2;198;186;181m▀[38;2;180;167;163;48;2;193;182;176m▀[38;2;176;165;160;48;2;199;187;180m▀[38;2;183;169;163;48;2;200;186;176m▀[38;2;181;167;162;48;2;200;184;174m▀[38;2;185;170;164;48;2;197;181;171m▀[38;2;181;166;159;48;2;198;183;173m▀[38;2;181;166;160;48;2;187;171;162m▀[38;2;187;176;170;48;2;198;183;180m▀[38;2;189;177;172;48;2;194;181;177m▀[38;2;188;176;170;48;2;192;180;174m▀[38;2;184;168;161;48;2;194;179;174m▀[38;2;179;163;156;48;2;192;178;171m▀[38;2;177;161;155;48;2;189;173;168m▀[38;2;166;150;140;48;2;184;172;167m▀[38;2;155;140;133;48;2;159;148;143m▀[38;2;154;139;135;48;2;167;157;153m▀[38;2;159;144;138;48;2;171;161;157m▀[38;2;159;143;137;48;2;170;160;157m▀[38;2;153;137;131;48;2;165;155;150m▀[38;2;155;141;135;48;2;157;142;137m▀[38;2;156;143;137;48;2;149;135;130m▀[38;2;154;143;137;48;2;134;123;117m▀[38;2;149;133;129;48;2;118;106;100m▀[38;2;99;89;84;48;2;95;85;80m▀[38;2;7;12;7;48;2;53;48;46m▀[38;2;2;7;4;48;2;5;10;5m▀[38;2;4;9;5;48;2;4;10;5m▀[38;2;5;10;6;48;2;4;10;5m▀[38;2;2;10;4;48;2;2;9;4m▀[38;2;0;7;2;48;2;0;5;0m▀[38;2;0;5;0;48;2;0;7;2m▀[38;2;0;5;0;48;2;2;7;2m▀[38;2;0;4;0;48;2;0;3;0m▀[38;2;0;7;2;48;2;0;3;0m▀[38;2;0;5;0;48;2;0;4;0m▀[0m
[38;2;81;72;68;48;2;78;68;64m▀[38;2;74;66;62;48;2;70;63;60m▀[38;2;22;22;17;48;2;19;16;14m▀[38;2;10;14;11;48;2;10;14;14m▀[38;2;10;24;17;48;2;11;22;16m▀[38;2;20;45;33;48;2;27;54;38m▀[38;2;18;43;29;48;2;39;80;57m▀[38;2;27;56;43;48;2;43;88;65m▀[38;2;46;87;67;48;2;34;66;47m▀[38;2;141;128;118;48;2;150;138;129m▀[38;2;176;160;152;48;2;182;169;162m▀[38;2;182;169;163;48;2;185;173;168m▀[38;2;169;153;146;48;2;187;171;166m▀[38;2;171;155;145;48;2;188;173;168m▀[38;2;179;164;158;48;2;185;174;170m▀[38;2;182;170;165;48;2;191;181;178m▀[38;2;178;163;154;48;2;182;172;167m▀[38;2;190;179;170;48;2;180;170;164m▀[38;2;198;188;184;48;2;176;166;163m▀[38;2;199;191;187;48;2;171;161;159m▀[38;2;201;192;188;48;2;165;154;151m▀[38;2;203;194;193;48;2;161;152;150m▀[38;2;203;194;190;48;2;158;148;144m▀[38;2;195;183;175;48;2;155;143;137m▀[38;2;205;194;188;48;2;152;139;132m▀[38;2;203;191;186;48;2;152;137;132m▀[38;2;203;192;185;48;2;146;131;125m▀[38;2;201;189;182;48;2;147;132;126m▀[38;2;199;186;180;48;2;143;126;120m▀[38;2;185;170;165;48;2;134;117;111m▀[38;2;185;174;171;48;2;135;117;112m▀[38;2;174;164;159;48;2;139;121;116m▀[38;2;165;153;148;48;2;142;126;120m▀[38;2;160;145;140;48;2;144;126;118m▀[38;2;148;131;127;48;2;144;123;118m▀[38;2;142;128;123;48;2;146;129;123m▀[38;2;136;124;120;48;2;144;128;122m▀[38;2;130;119;114;48;2;146;130;124m▀[38;2;126;115;111;48;2;142;127;121m▀[38;2;128;118;113;48;2;143;127;120m▀[38;2;122;108;105;48;2;139;119;114m▀[38;2;118;104;102;48;2;141;123;116m▀[38;2;110;96;94;48;2;149;131;125m▀[38;2;105;95;92;48;2;142;126;121m▀[38;2;108;97;94;48;2;140;124;119m▀[38;2;109;100;96;48;2;144;126;121m▀[38;2;100;90;85;48;2;137;123;118m▀[38;2;48;44;41;48;2;47;50;46m▀[38;2;7;18;11;48;2;4;16;8m▀[38;2;7;16;9;48;2;7;19;9m▀[38;2;2;9;4;48;2;2;10;4m▀[38;2;2;9;4;48;2;2;9;4m▀[38;2;2;9;4;48;2;2;7;2m▀[38;2;0;5;0;48;2;2;10;4m▀[38;2;0;5;0;48;2;4;10;5m▀[38;2;0;5;0;48;2;2;7;2m▀[38;2;0;3;3;48;2;0;4;0m▀[38;2;0;4;0;48;2;0;1;0m▀[0m
[38;2;109;91;85;48;2;124;107;97m▀[38;2;83;73;69;48;2;87;78;72m▀[38;2;21;21;19;48;2;46;46;46m▀[38;2;16;16;16;48;2;62;63;64m▀[38;2;22;28;24;48;2;74;77;78m▀[38;2;36;63;48;48;2;78;90;86m▀[38;2;38;79;53;48;2;76;86;82m▀[38;2;31;66;41;48;2;62;68;62m▀[38;2;85;88;79;48;2;82;77;73m▀[38;2;122;111;106;48;2;131;115;109m▀[38;2;124;114;110;48;2;137;121;114m▀[38;2;127;114;109;48;2;141;124;118m▀[38;2;122;104;101;48;2;150;132;126m▀[38;2;122;107;102;48;2;161;145;140m▀[38;2;119;107;104;48;2;168;152;147m▀[38;2;120;105;102;48;2;172;153;149m▀[38;2;128;112;107;48;2;176;157;150m▀[38;2;140;124;117;48;2;183;165;161m▀[38;2;145;128;122;48;2;184;166;163m▀[38;2;153;134;130;48;2;190;173;167m▀[38;2;157;141;134;48;2;183;166;157m▀[38;2;159;145;141;48;2;189;173;169m▀[38;2;164;147;142;48;2;184;169;163m▀[38;2;166;148;142;48;2;186;171;165m▀[38;2;163;144;134;48;2;182;163;156m▀[38;2;164;145;134;48;2;183;165;157m▀[38;2;165;146;138;48;2;175;155;147m▀[38;2;167;146;141;48;2;164;145;135m▀[38;2;168;148;139;48;2;160;142;135m▀[38;2;176;156;146;48;2;154;134;127m▀[38;2;180;160;149;48;2;149;130;122m▀[38;2;183;163;154;48;2;145;126;119m▀[38;2;181;162;153;48;2;137;118;110m▀[38;2;177;156;145;48;2;135;112;105m▀[38;2;176;155;147;48;2;135;115;110m▀[38;2;171;150;142;48;2;132;112;107m▀[38;2;170;153;146;48;2;135;117;112m▀[38;2;170;152;146;48;2;133;113;107m▀[38;2;173;155;149;48;2;126;106;102m▀[38;2;170;153;147;48;2;126;107;103m▀[38;2;162;143;138;48;2;128;110;106m▀[38;2;158;140;134;48;2;132;114;109m▀[38;2;143;126;120;48;2;132;115;109m▀[38;2;128;110;105;48;2;144;128;122m▀[38;2;124;108;102;48;2;141;122;117m▀[38;2;116;101;96;48;2;145;128;125m▀[38;2;106;94;91;48;2;127;113;110m▀[38;2;34;37;33;48;2;9;19;12m▀[38;2;4;13;7;48;2;7;13;9m▀[38;2;4;13;5;48;2;0;6;5m▀[38;2;0;7;0;48;2;4;16;7m▀[38;2;0;6;0;48;2;4;15;7m▀[38;2;2;7;2;48;2;0;7;0m▀[38;2;4;12;6;48;2;2;9;4m▀[38;2;2;14;6;48;2;2;10;4m▀[38;2;2;10;5;48;2;2;10;4m▀[38;2;0;5;0;48;2;2;9;4m▀[38;2;0;3;0;48;2;0;8;2m▀[0m
[38;2;127;111;100;48;2;128;112;100m▀[38;2;93;85;79;48;2;97;88;83m▀[38;2;66;64;64;48;2;68;61;64m▀[38;2;99;97;100;48;2;81;73;77m▀[38;2;119;120;121;48;2;86;76;80m▀[38;2;124;126;126;48;2;81;70;76m▀[38;2;120;120;121;48;2;84;72;75m▀[38;2;99;96;95;48;2;74;64;65m▀[38;2;100;92;88;48;2;66;51;54m▀[38;2;149;132;126;48;2;103;85;80m▀[38;2;150;133;128;48;2;131;114;108m▀[38;2;144;128;123;48;2;139;121;115m▀[38;2;142;127;123;48;2;150;134;129m▀[38;2;139;123;118;48;2;166;150;147m▀[38;2;134;116;112;48;2;169;153;149m▀[38;2;133;115;110;48;2;174;162;158m▀[38;2;136;119;115;48;2;179;166;165m▀[38;2;138;122;118;48;2;189;176;175m▀[38;2;136;119;114;48;2;184;168;163m▀[38;2;135;115;111;48;2;186;171;167m▀[38;2;132;114;110;48;2;192;176;173m▀[38;2;131;114;110;48;2;193;177;174m▀[38;2;134;115;111;48;2;196;181;176m▀[38;2;133;113;108;48;2;200;184;180m▀[38;2;129;108;102;48;2;188;169;160m▀[38;2;136;113;108;48;2;186;164;153m▀[38;2;148;127;121;48;2;199;181;175m▀[38;2;158;135;128;48;2;195;176;168m▀[38;2;162;141;131;48;2;196;178;172m▀[38;2;172;150;140;48;2;203;190;187m▀[38;2;171;146;136;48;2;199;183;177m▀[38;2;178;157;146;48;2;200;181;176m▀[38;2;183;162;155;48;2;196;179;174m▀[38;2;170;147;138;48;2;184;164;156m▀[38;2;171;150;140;48;2;189;170;163m▀[38;2;179;158;149;48;2;193;175;168m▀[38;2;181;160;154;48;2;195;177;174m▀[38;2;182;163;157;48;2;189;171;167m▀[38;2;180;161;156;48;2;187;174;170m▀[38;2;179;163;158;48;2;188;179;176m▀[38;2;180;168;163;48;2;188;179;175m▀[38;2;181;167;163;48;2;184;172;166m▀[38;2;173;159;154;48;2;181;165;158m▀[38;2;175;161;155;48;2;182;168;163m▀[38;2;171;156;152;48;2;179;167;165m▀[38;2;168;156;151;48;2;173;162;161m▀[38;2;151;141;139;48;2;159;148;144m▀[38;2;10;19;12;48;2;12;23;16m▀[38;2;4;17;10;48;2;8;23;15m▀[38;2;5;17;9;48;2;6;23;15m▀[38;2;6;22;9;48;2;4;19;9m▀[38;2;8;24;11;48;2;6;24;12m▀[38;2;2;12;5;48;2;6;22;12m▀[38;2;2;9;4;48;2;5;16;8m▀[38;2;0;12;5;48;2;5;16;9m▀[38;2;2;12;6;48;2;2;10;4m▀[38;2;2;9;4;48;2;0;5;2m▀[38;2;2;13;8;48;2;2;12;4m▀[0m
[38;2;127;111;98;48;2;125;109;96m▀[38;2;94;83;79;48;2;95;84;78m▀[38;2;70;62;67;48;2;77;68;73m▀[38;2;96;84;90;48;2;92;81;87m▀[38;2;108;93;100;48;2;105;93;98m▀[38;2;111;99;106;48;2;103;91;98m▀[38;2;110;99;104;48;2;108;97;101m▀[38;2;109;99;103;48;2;104;94;99m▀[38;2;102;88;92;48;2;100;87;90m▀[38;2;147;125;119;48;2;154;134;126m▀[38;2;182;164;159;48;2;182;165;156m▀[38;2;178;161;156;48;2;179;162;158m▀[38;2;187;172;167;48;2;187;175;169m▀[38;2;193;178;174;48;2;180;168;163m▀[38;2;193;181;178;48;2;166;154;149m▀[38;2;194;183;181;48;2;163;151;147m▀[38;2;192;181;179;48;2;157;145;140m▀[38;2;199;189;189;48;2;151;139;137m▀[38;2;200;189;188;48;2;145;134;134m▀[38;2;197;185;183;48;2;139;128;127m▀[38;2;203;188;186;48;2;134;122;121m▀[38;2;202;187;184;48;2;125;112;110m▀[38;2;200;190;188;48;2;117;108;107m▀[38;2;205;195;193;48;2;114;104;103m▀[38;2;201;183;177;48;2;111;99;97m▀[38;2;195;176;169;48;2;106;90;87m▀[38;2;205;192;187;48;2;105;93;88m▀[38;2;203;186;180;48;2;101;88;85m▀[38;2;203;186;181;48;2;98;86;83m▀[38;2;208;198;197;48;2;95;83;82m▀[38;2;207;194;192;48;2;90;80;81m▀[38;2;196;179;174;48;2;90;79;78m▀[38;2;186;169;163;48;2;94;81;78m▀[38;2;174;156;147;48;2;97;84;81m▀[38;2;176;161;156;48;2;104;94;92m▀[38;2;169;153;148;48;2;107;97;95m▀[38;2;160;144;141;48;2;110;100;97m▀[38;2;149;132;128;48;2;115;106;103m▀[38;2;141;130;127;48;2;114;103;100m▀[38;2;133;124;123;48;2;110;97;94m▀[38;2;124;115;114;48;2;98;85;83m▀[38;2;152;142;138;48;2;84;75;73m▀[38;2;149;138;134;48;2;99;89;86m▀[38;2;148;137;136;48;2;91;80;77m▀[38;2;142;132;130;48;2;87;78;75m▀[38;2;131;122;121;48;2;77;68;66m▀[38;2;122;113;112;48;2;71;63;62m▀[38;2;103;98;97;48;2;57;51;50m▀[38;2;52;57;54;48;2;23;37;40m▀[38;2;9;26;19;48;2;6;22;14m▀[38;2;10;29;21;48;2;20;40;40m▀[38;2;8;26;15;48;2;4;21;14m▀[38;2;11;33;24;48;2;17;40;37m▀[38;2;6;22;12;48;2;7;19;14m▀[38;2;7;23;17;48;2;17;35;34m▀[38;2;5;16;11;48;2;13;30;29m▀[38;2;4;10;6;48;2;13;25;21m▀[38;2;9;19;16;48;2;16;32;32m▀[0m
[38;2;125;109;97;48;2;123;107;96m▀[38;2;96;85;79;48;2;92;78;73m▀[38;2;75;65;70;48;2;73;62;67m▀[38;2;96;82;89;48;2;94;81;87m▀[38;2;113;97;102;48;2;116;99;102m▀[38;2;119;104;111;48;2;115;100;103m▀[38;2;119;103;108;48;2;111;93;96m▀[38;2;113;99;100;48;2;105;88;93m▀[38;2;110;100;99;48;2;89;77;78m▀[38;2;114;102;100;48;2;76;62;57m▀[38;2;115;103;101;48;2;85;71;66m▀[38;2;117;106;103;48;2;93;78;73m▀[38;2;112;100;99;48;2;90;77;74m▀[38;2;82;71;69;48;2;75;61;56m▀[38;2;78;64;61;48;2;148;130;125m▀[38;2;104;89;85;48;2;150;133;127m▀[38;2;110;99;94;48;2;149;134;130m▀[38;2;123;111;108;48;2;157;144;139m▀[38;2;133;121;119;48;2;158;146;144m▀[38;2;139;128;125;48;2;161;150;148m▀[38;2;150;134;131;48;2;162;149;147m▀[38;2;157;142;138;48;2;163;148;144m▀[38;2;163;152;150;48;2;163;151;148m▀[38;2;169;159;159;48;2;165;153;149m▀[38;2;171;160;159;48;2;163;150;147m▀[38;2;171;156;152;48;2;162;150;147m▀[38;2;181;171;169;48;2;166;154;150m▀[38;2;181;172;170;48;2;167;156;152m▀[38;2;184;174;174;48;2;166;156;155m▀[38;2;187;179;179;48;2;166;155;155m▀[38;2;187;179;179;48;2;168;156;156m▀[38;2;187;176;176;48;2;165;152;149m▀[38;2;182;170;166;48;2;165;150;148m▀[38;2;179;166;161;48;2;157;141;138m▀[38;2;176;165;161;48;2;162;147;143m▀[38;2;168;157;152;48;2;161;147;141m▀[38;2;161;148;144;48;2;162;149;146m▀[38;2;155;143;138;48;2;156;141;135m▀[38;2;147;130;127;48;2;152;136;133m▀[38;2;137;119;114;48;2;163;149;143m▀[38;2;134;120;115;48;2;156;139;132m▀[38;2;81;70;69;48;2;143;128;121m▀[38;2;76;68;65;48;2;110;98;94m▀[38;2;129;118;115;48;2;143;131;129m▀[38;2;128;116;111;48;2;144;134;130m▀[38;2;127;115;112;48;2;138;129;124m▀[38;2;131;123;119;48;2;129;119;116m▀[38;2;42;47;48;48;2;40;47;44m▀[38;2;22;38;41;48;2;18;39;43m▀[38;2;11;26;21;48;2;7;15;11m▀[38;2;20;37;36;48;2;14;31;31m▀[38;2;12;23;21;48;2;9;22;12m▀[38;2;21;32;33;48;2;15;31;29m▀[38;2;12;23;20;48;2;3;18;12m▀[38;2;9;19;19;48;2;7;20;17m▀[38;2;6;16;15;48;2;11;20;18m▀[38;2;0;14;8;48;2;4;15;9m▀[38;2;12;25;25;48;2;12;29;27m▀[0m
[38;2;119;102;92;48;2;118;101;91m▀[38;2;89;74;72;48;2;93;78;75m▀[38;2;75;65;70;48;2;85;74;80m▀[38;2;95;83;88;48;2;107;93;97m▀[38;2;121;101;105;48;2;122;104;107m▀[38;2;122;101;104;48;2;125;105;107m▀[38;2;122;102;104;48;2;117;97;99m▀[38;2;108;89;92;48;2;115;93;97m▀[38;2;96;79;79;48;2;106;89;90m▀[38;2;119;102;98;48;2;133;115;111m▀[38;2;138;121;115;48;2;160;142;137m▀[38;2;143;127;120;48;2;166;150;144m▀[38;2;129;113;108;48;2;148;132;127m▀[38;2;116;99;93;48;2;141;122;112m▀[38;2;168;153;146;48;2;174;158;152m▀[38;2;166;150;144;48;2;171;155;150m▀[38;2;146;134;131;48;2;167;155;150m▀[38;2;150;139;136;48;2;169;157;155m▀[38;2;145;133;130;48;2;168;156;151m▀[38;2;150;139;138;48;2;177;164;162m▀[38;2;150;135;133;48;2;185;173;169m▀[38;2;154;137;134;48;2;171;155;150m▀[38;2;155;142;140;48;2;174;159;156m▀[38;2;152;139;136;48;2;165;150;147m▀[38;2;152;137;133;48;2;173;161;158m▀[38;2;149;134;128;48;2;174;158;153m▀[38;2;150;135;128;48;2;172;155;150m▀[38;2;148;132;127;48;2;177;160;154m▀[38;2;146;130;124;48;2;177;159;153m▀[38;2;151;136;133;48;2;171;153;149m▀[38;2;147;131;126;48;2;170;153;148m▀[38;2;150;133;129;48;2;164;147;142m▀[38;2;151;136;134;48;2;162;149;147m▀[38;2;145;127;120;48;2;168;149;145m▀[38;2;147;128;122;48;2;152;134;128m▀[38;2;155;138;133;48;2;152;135;130m▀[38;2;168;149;145;48;2;151;135;132m▀[38;2;171;151;146;48;2;152;135;131m▀[38;2;158;140;134;48;2;164;146;139m▀[38;2;160;147;141;48;2;168;154;148m▀[38;2;159;142;133;48;2;162;145;136m▀[38;2;151;133;125;48;2;158;141;134m▀[38;2;131;119;113;48;2;136;123;118m▀[38;2;164;155;152;48;2;165;156;154m▀[38;2;167;158;154;48;2;169;160;155m▀[38;2;163;154;153;48;2;166;156;155m▀[38;2;151;141;137;48;2;154;145;142m▀[38;2;43;47;47;48;2;53;63;58m▀[38;2;17;33;36;48;2;21;42;40m▀[38;2;7;19;12;48;2;7;20;14m▀[38;2;15;31;31;48;2;17;32;31m▀[38;2;3;18;9;48;2;11;22;15m▀[38;2;15;30;27;48;2;24;35;31m▀[38;2;4;21;14;48;2;9;22;17m▀[38;2;4;16;12;48;2;0;9;7m▀[38;2;13;24;23;48;2;16;30;29m▀[38;2;4;14;8;48;2;3;17;11m▀[38;2;13;30;27;48;2;13;28;27m▀[0m
[38;2;115;99;90;48;2;114;98;89m▀[38;2;92;78;74;48;2;90;75;73m▀[38;2;84;70;74;48;2;86;71;77m▀[38;2;105;87;93;48;2;109;90;96m▀[38;2;122;101;103;48;2;125;109;114m▀[38;2;122;103;105;48;2;128;110;112m▀[38;2;128;107;110;48;2;132;111;113m▀[38;2;125;101;105;48;2;117;96;99m▀[38;2;100;79;82;48;2;103;82;86m▀[38;2;136;118;114;48;2;135;119;116m▀[38;2;164;148;141;48;2;162;148;142m▀[38;2;169;155;151;48;2;168;158;154m▀[38;2;153;138;132;48;2;153;140;136m▀[38;2;149;130;119;48;2;149;130;119m▀[38;2;176;162;153;48;2;174;159;154m▀[38;2;168;155;149;48;2;165;154;147m▀[38;2;169;157;152;48;2;166;153;148m▀[38;2;167;157;154;48;2;182;173;171m▀[38;2;161;150;148;48;2;187;177;177m▀[38;2;170;161;158;48;2;186;177;177m▀[38;2;175;165;162;48;2;178;168;168m▀[38;2;168;155;151;48;2;169;159;158m▀[38;2;160;147;143;48;2;166;153;151m▀[38;2;171;159;155;48;2;177;167;163m▀[38;2;181;172;170;48;2;174;166;166m▀[38;2;173;160;156;48;2;166;156;153m▀[38;2;171;154;148;48;2;179;166;160m▀[38;2;174;157;150;48;2;176;161;156m▀[38;2;170;152;146;48;2;166;153;149m▀[38;2;173;160;155;48;2;173;161;159m▀[38;2;180;165;161;48;2;184;174;171m▀[38;2;170;153;149;48;2;182;170;166m▀[38;2;170;158;156;48;2;159;147;146m▀[38;2;164;148;142;48;2;152;140;137m▀[38;2;176;159;153;48;2;155;142;140m▀[38;2;181;169;164;48;2;186;177;175m▀[38;2;184;170;167;48;2;187;175;173m▀[38;2;178;162;157;48;2;184;169;165m▀[38;2;176;164;158;48;2;181;170;166m▀[38;2;166;153;149;48;2;167;156;153m▀[38;2;163;148;143;48;2;166;154;148m▀[38;2;168;154;147;48;2;172;157;153m▀[38;2;141;126;120;48;2;139;127;121m▀[38;2;164;155;151;48;2;163;155;151m▀[38;2;166;157;153;48;2;165;156;155m▀[38;2;168;159;157;48;2;167;159;156m▀[38;2;157;148;145;48;2;156;149;147m▀[38;2;61;67;63;48;2;70;76;76m▀[38;2;21;44;48;48;2;23;41;40m▀[38;2;11;27;18;48;2;20;36;29m▀[38;2;20;38;33;48;2;24;48;39m▀[38;2;18;37;25;48;2;26;51;43m▀[38;2;24;48;34;48;2;28;49;47m▀[38;2;10;27;21;48;2;19;33;31m▀[38;2;6;21;14;48;2;11;26;25m▀[38;2;13;28;28;48;2;20;33;37m▀[38;2;1;15;6;48;2;15;26;26m▀[38;2;13;29;28;48;2;16;34;31m▀[0m
[38;2;114;98;89;48;2;113;98;90m▀[38;2;87;73;70;48;2;85;72;70m▀[38;2;77;63;68;48;2;93;78;81m▀[38;2;113;101;106;48;2;115;97;102m▀[38;2;132;120;125;48;2;126;106;109m▀[38;2;132;115;118;48;2;129;103;106m▀[38;2;122;99;100;48;2;129;106;108m▀[38;2;118;97;99;48;2;124;106;108m▀[38;2;120;102;103;48;2;117;99;99m▀[38;2;137;122;119;48;2;134;122;119m▀[38;2;162;150;147;48;2;157;146;144m▀[38;2;166;156;154;48;2;165;157;155m▀[38;2;148;138;135;48;2;146;136;135m▀[38;2;154;136;128;48;2;152;135;129m▀[38;2;172;157;151;48;2;171;160;153m▀[38;2;165;150;144;48;2;162;150;144m▀[38;2;166;155;149;48;2;159;148;144m▀[38;2;178;169;168;48;2;156;148;147m▀[38;2;173;164;163;48;2;153;145;145m▀[38;2;181;171;171;48;2;172;164;164m▀[38;2;168;159;160;48;2;153;146;147m▀[38;2;153;143;144;48;2;150;143;143m▀[38;2;160;150;150;48;2;154;144;145m▀[38;2;161;150;150;48;2;152;142;143m▀[38;2;164;156;155;48;2;158;148;149m▀[38;2;173;164;163;48;2;158;148;148m▀[38;2;178;166;161;48;2;171;161;159m▀[38;2;177;166;163;48;2;176;166;164m▀[38;2;173;163;161;48;2;180;172;170m▀[38;2;171;161;161;48;2;179;171;170m▀[38;2;187;178;178;48;2;186;177;177m▀[38;2;184;174;173;48;2;184;176;175m▀[38;2;158;148;147;48;2;160;149;150m▀[38;2;149;137;136;48;2;151;141;142m▀[38;2;158;146;146;48;2;150;140;138m▀[38;2;183;171;170;48;2;181;171;170m▀[38;2;177;165;165;48;2;167;156;155m▀[38;2;166;155;153;48;2;171;162;161m▀[38;2;177;167;165;48;2;166;154;152m▀[38;2;167;156;155;48;2;161;152;150m▀[38;2;166;156;151;48;2;165;153;148m▀[38;2;172;162;157;48;2;172;161;158m▀[38;2;139;124;120;48;2;137;125;121m▀[38;2;160;151;150;48;2;159;152;152m▀[38;2;163;155;152;48;2;163;155;154m▀[38;2;163;155;152;48;2;163;156;155m▀[38;2;158;150;148;48;2;155;148;148m▀[38;2;87;84;81;48;2;107;99;99m▀[38;2;50;47;46;48;2;84;74;71m▀[38;2;55;54;48;48;2;87;76;74m▀[38;2;54;57;48;48;2;87;76;75m▀[38;2;56;58;50;48;2;86;75;74m▀[38;2;57;60;55;48;2;88;80;79m▀[38;2;55;54;52;48;2;83;73;74m▀[38;2;56;51;50;48;2;78;70;72m▀[38;2;60;55;55;48;2;82;73;73m▀[38;2;55;50;49;48;2;82;74;73m▀[38;2;55;52;49;48;2;79;70;69m▀[0m
[38;2;111;98;93;48;2;106;96;91m▀[38;2;83;71;69;48;2;80;67;67m▀[38;2;89;73;79;48;2;85;70;75m▀[38;2;103;84;87;48;2;110;89;93m▀[38;2;118;98;101;48;2;124;104;107m▀[38;2;131;112;117;48;2;124;104;107m▀[38;2;129;108;112;48;2;120;97;101m▀[38;2;120;99;101;48;2;109;85;87m▀[38;2;108;90;92;48;2;107;93;94m▀[38;2;130;119;118;48;2;132;122;122m▀[38;2;155;146;145;48;2;153;145;145m▀[38;2;163;156;156;48;2;158;150;151m▀[38;2;142;135;135;48;2;138;129;129m▀[38;2;149;133;127;48;2;147;136;129m▀[38;2;166;155;151;48;2;164;154;151m▀[38;2;159;149;143;48;2;156;147;141m▀[38;2;159;150;145;48;2;153;143;141m▀[38;2;156;147;146;48;2;160;149;149m▀[38;2;161;152;153;48;2;151;142;141m▀[38;2;169;160;160;48;2;165;155;154m▀[38;2;152;145;146;48;2;153;144;144m▀[38;2;149;141;141;48;2;157;147;149m▀[38;2;151;142;142;48;2;157;147;148m▀[38;2;158;148;149;48;2;149;139;139m▀[38;2;163;156;157;48;2;167;158;159m▀[38;2;159;150;149;48;2;165;157;157m▀[38;2;160;150;149;48;2;166;156;156m▀[38;2;170;162;163;48;2;175;167;167m▀[38;2;182;175;175;48;2;178;171;171m▀[38;2;183;175;175;48;2;179;171;171m▀[38;2;184;176;176;48;2;180;172;172m▀[38;2;184;175;175;48;2;179;170;170m▀[38;2;157;147;147;48;2;151;141;141m▀[38;2;149;139;140;48;2;144;135;135m▀[38;2;147;138;138;48;2;153;144;144m▀[38;2;179;170;170;48;2;176;167;167m▀[38;2;175;165;164;48;2;161;152;152m▀[38;2;160;150;150;48;2;168;158;158m▀[38;2;167;155;154;48;2;174;163;163m▀[38;2;160;151;148;48;2;161;151;149m▀[38;2;161;149;146;48;2;161;150;149m▀[38;2;170;158;155;48;2;166;156;153m▀[38;2;135;123;118;48;2;135;123;120m▀[38;2;155;149;150;48;2;153;146;149m▀[38;2;161;156;155;48;2;158;153;153m▀[38;2;162;155;155;48;2;153;149;148m▀[38;2;153;147;147;48;2;151;147;146m▀[38;2;101;94;95;48;2;106;100;101m▀[38;2;64;55;55;48;2;68;55;56m▀[38;2;64;54;54;48;2;69;55;56m▀[38;2;67;56;57;48;2;70;57;59m▀[38;2;67;55;56;48;2;66;53;54m▀[38;2;69;58;57;48;2;65;53;54m▀[38;2;70;56;55;48;2;70;57;58m▀[38;2;70;60;59;48;2;74;59;60m▀[38;2;69;58;57;48;2;71;56;58m▀[38;2;70;59;59;48;2;69;59;58m▀[38;2;67;58;58;48;2;68;56;58m▀[0m
[38;2;107;97;93;48;2;103;94;91m▀[38;2;76;66;66;48;2;76;67;67m▀[38;2;81;66;69;48;2;86;73;77m▀[38;2;98;80;85;48;2;94;78;81m▀[38;2;124;108;114;48;2;113;94;97m▀[38;2;129;111;117;48;2;121;106;112m▀[38;2;120;103;106;48;2;124;105;109m▀[38;2;107;87;89;48;2;120;99;102m▀[38;2;102;80;85;48;2;108;89;93m▀[38;2;128;118;120;48;2;124;115;119m▀[38;2;148;142;142;48;2;145;138;140m▀[38;2;150;145;147;48;2;147;142;146m▀[38;2;132;125;125;48;2;128;122;124m▀[38;2;147;138;134;48;2;146;136;134m▀[38;2;160;151;150;48;2;152;143;143m▀[38;2;149;140;136;48;2;146;137;136m▀[38;2;149;140;137;48;2;144;134;133m▀[38;2;141;130;129;48;2;141;131;130m▀[38;2;134;125;124;48;2;143;134;134m▀[38;2;159;149;148;48;2;153;142;142m▀[38;2;145;137;137;48;2;137;129;129m▀[38;2;142;133;133;48;2;145;139;140m▀[38;2;148;140;140;48;2;150;142;142m▀[38;2;144;134;135;48;2;143;133;134m▀[38;2;148;140;141;48;2;154;145;145m▀[38;2;165;156;156;48;2;153;144;147m▀[38;2;171;163;163;48;2;166;157;157m▀[38;2;176;171;173;48;2;173;167;170m▀[38;2;172;166;166;48;2;166;159;160m▀[38;2;172;164;164;48;2;165;155;155m▀[38;2;174;166;166;48;2;168;160;160m▀[38;2;174;165;165;48;2;169;162;162m▀[38;2;152;143;143;48;2;146;137;138m▀[38;2;146;137;138;48;2;134;127;128m▀[38;2;141;131;131;48;2;139;129;129m▀[38;2;170;160;160;48;2;163;154;154m▀[38;2;156;146;146;48;2;164;154;153m▀[38;2;154;145;145;48;2;151;141;142m▀[38;2;153;145;144;48;2;162;152;152m▀[38;2;159;149;149;48;2;153;144;143m▀[38;2;156;146;146;48;2;155;146;146m▀[38;2;163;154;151;48;2;160;153;150m▀[38;2;133;122;120;48;2;131;120;118m▀[38;2;150;142;143;48;2;143;136;139m▀[38;2;153;150;150;48;2;147;142;145m▀[38;2;150;146;146;48;2;146;140;143m▀[38;2;147;144;144;48;2;142;138;141m▀[38;2;109;104;106;48;2;108;104;107m▀[38;2;70;55;56;48;2;71;57;56m▀[38;2;68;54;54;48;2;73;58;58m▀[38;2;65;53;53;48;2;74;61;59m▀[38;2;64;53;54;48;2;68;55;56m▀[38;2;68;57;61;48;2;74;59;60m▀[38;2;71;56;59;48;2;81;65;64m▀[38;2;72;59;61;48;2;83;67;68m▀[38;2;70;57;57;48;2;83;65;63m▀[38;2;67;57;57;48;2;83;66;63m▀[38;2;69;57;57;48;2;84;67;63m▀[0m
[38;2;99;90;87;48;2;95;87;84m▀[38;2;71;64;63;48;2;69;62;61m▀[38;2;82;66;71;48;2;84;70;75m▀[38;2;96;80;83;48;2;103;87;89m▀[38;2;116;106;111;48;2;114;96;101m▀[38;2;124;114;120;48;2;122;107;112m▀[38;2;119;103;109;48;2;115;97;103m▀[38;2;109;88;94;48;2;104;86;92m▀[38;2;100;85;87;48;2;95;80;82m▀[38;2;120;110;115;48;2;119;110;114m▀[38;2;141;134;137;48;2;137;131;132m▀[38;2;144;138;143;48;2;138;132;136m▀[38;2;127;122;126;48;2;122;118;122m▀[38;2;142;133;131;48;2;138;131;129m▀[38;2;147;137;137;48;2;143;134;134m▀[38;2;141;133;132;48;2;137;128;128m▀[38;2;140;130;130;48;2;136;126;124m▀[38;2;143;133;132;48;2;140;131;132m▀[38;2;147;138;136;48;2;142;132;133m▀[38;2;150;141;141;48;2;140;131;132m▀[38;2;139;132;133;48;2;133;126;127m▀[38;2;147;142;145;48;2;137;130;133m▀[38;2;147;138;141;48;2;141;132;132m▀[38;2;145;138;139;48;2;151;143;143m▀[38;2;146;139;139;48;2;142;135;135m▀[38;2;153;144;146;48;2;145;138;139m▀[38;2;152;143;147;48;2;148;141;144m▀[38;2;168;163;166;48;2;155;150;152m▀[38;2;161;155;155;48;2;140;132;133m▀[38;2;159;150;150;48;2;140;129;130m▀[38;2;161;152;152;48;2;134;124;126m▀[38;2;163;154;155;48;2;145;136;137m▀[38;2;158;151;151;48;2;139;130;130m▀[38;2;156;148;148;48;2;140;131;133m▀[38;2;153;143;143;48;2;154;146;147m▀[38;2;160;151;151;48;2;160;153;154m▀[38;2;161;152;153;48;2;157;150;150m▀[38;2;155;148;148;48;2;153;145;145m▀[38;2;158;149;150;48;2;152;143;143m▀[38;2;150;141;141;48;2;145;138;138m▀[38;2;152;145;145;48;2;149;142;142m▀[38;2;159;151;150;48;2;157;151;152m▀[38;2;130;120;117;48;2;132;123;122m▀[38;2;140;133;136;48;2;134;130;132m▀[38;2;144;138;140;48;2;141;135;136m▀[38;2;142;136;139;48;2;140;133;133m▀[38;2;135;132;135;48;2;132;128;131m▀[38;2;106;102;106;48;2;110;106;109m▀[38;2;76;59;59;48;2;79;63;62m▀[38;2;80;67;66;48;2;83;65;63m▀[38;2;80;64;64;48;2;84;66;63m▀[38;2;81;65;64;48;2;78;61;59m▀[38;2;86;70;69;48;2;79;60;59m▀[38;2;83;65;64;48;2;83;67;65m▀[38;2;84;66;65;48;2;87;68;68m▀[38;2;85;67;64;48;2;89;70;68m▀[38;2;84;63;61;48;2;88;71;69m▀[38;2;85;66;65;48;2;88;70;68m▀[0m
[38;2;93;85;82;48;2;90;83;81m▀[38;2;70;62;62;48;2;69;61;62m▀[38;2;83;70;73;48;2;85;76;80m▀[38;2;94;79;81;48;2;96;86;91m▀[38;2;106;89;91;48;2;101;85;87m▀[38;2;113;99;104;48;2;106;88;90m▀[38;2;115;96;98;48;2;112;96;100m▀[38;2;99;81;84;48;2;110;96;101m▀[38;2;88;72;74;48;2;101;87;90m▀[38;2;117;109;113;48;2;117;111;114m▀[38;2;134;129;129;48;2;129;125;127m▀[38;2;133;128;131;48;2;130;125;127m▀[38;2;120;116;119;48;2;119;112;116m▀[38;2;135;127;127;48;2;132;122;121m▀[38;2;139;132;132;48;2;133;125;126m▀[38;2;136;129;129;48;2;134;125;126m▀[38;2;135;125;125;48;2;135;127;127m▀[38;2;137;129;129;48;2;135;127;127m▀[38;2;141;131;131;48;2;136;127;126m▀[38;2;142;134;134;48;2;132;124;124m▀[38;2;141;134;134;48;2;125;119;120m▀[38;2;140;135;138;48;2;135;129;131m▀[38;2;133;127;130;48;2;135;131;133m▀[38;2;135;129;130;48;2;141;138;141m▀[38;2;148;142;142;48;2;142;137;139m▀[38;2;143;137;138;48;2;139;132;135m▀[38;2;144;137;140;48;2;142;137;139m▀[38;2;152;150;151;48;2;150;145;149m▀[38;2;143;137;140;48;2;137;129;132m▀[38;2;135;126;126;48;2;133;125;126m▀[38;2;130;121;122;48;2;138;129;130m▀[38;2;144;135;138;48;2;136;127;130m▀[38;2;146;138;139;48;2;139;132;132m▀[38;2;139;129;133;48;2;134;127;127m▀[38;2;141;134;138;48;2;137;132;135m▀[38;2;142;136;140;48;2;144;139;144m▀[38;2;153;145;148;48;2;149;141;144m▀[38;2;148;139;140;48;2;144;136;136m▀[38;2;149;142;142;48;2;143;136;139m▀[38;2;138;131;131;48;2;136;129;130m▀[38;2;147;141;142;48;2;140;134;137m▀[38;2;154;150;154;48;2;149;147;152m▀[38;2;130;122;121;48;2;128;120;120m▀[38;2;128;123;127;48;2;123;120;123m▀[38;2;140;136;140;48;2;137;135;138m▀[38;2;135;132;134;48;2;133;131;134m▀[38;2;132;129;132;48;2;130;127;130m▀[38;2;106;103;108;48;2;108;106;110m▀[38;2;70;54;53;48;2;73;59;55m▀[38;2;82;64;62;48;2;80;62;58m▀[38;2;84;67;58;48;2;83;66;62m▀[38;2;87;69;62;48;2;79;61;59m▀[38;2;89;73;69;48;2;78;58;56m▀[38;2;85;67;65;48;2;82;64;62m▀[38;2;84;67;65;48;2;84;66;66m▀[38;2;83;66;64;48;2;82;64;62m▀[38;2;78;59;57;48;2;83;67;63m▀[38;2;76;58;55;48;2;81;62;62m▀[0m
[38;2;87;80;77;48;2;86;79;77m▀[38;2;64;57;58;48;2;60;53;54m▀[38;2;77;67;71;48;2;71;58;61m▀[38;2;91;77;81;48;2;86;72;74m▀[38;2;102;86;89;48;2;105;96;100m▀[38;2;106;92;96;48;2;111;102;106m▀[38;2;103;86;88;48;2;108;95;100m▀[38;2;100;83;85;48;2;101;84;88m▀[38;2;92;77;79;48;2;82;67;71m▀[38;2;112;105;108;48;2;112;104;107m▀[38;2;125;121;123;48;2;124;119;121m▀[38;2;126;121;124;48;2;124;119;121m▀[38;2;113;107;111;48;2;109;103;104m▀[38;2;126;117;117;48;2;118;108;107m▀[38;2;129;120;120;48;2;124;115;113m▀[38;2;129;121;120;48;2;126;119;118m▀[38;2;131;122;123;48;2;131;124;126m▀[38;2;131;123;124;48;2;131;128;131m▀[38;2;132;123;124;48;2;131;126;130m▀[38;2;124;118;119;48;2;126;121;123m▀[38;2;116;110;110;48;2;131;125;128m▀[38;2;132;127;130;48;2;136;131;136m▀[38;2;125;121;124;48;2;134;130;134m▀[38;2;133;129;133;48;2;136;134;138m▀[38;2;142;137;140;48;2;139;135;139m▀[38;2;137;131;134;48;2;137;133;136m▀[38;2;137;132;135;48;2;140;135;138m▀[38;2;143;138;142;48;2;143;137;141m▀[38;2;134;127;129;48;2;139;133;136m▀[38;2;137;128;128;48;2;136;129;129m▀[38;2;129;121;122;48;2;128;121;122m▀[38;2;137;127;128;48;2;135;128;129m▀[38;2;132;124;124;48;2;134;128;131m▀[38;2;131;124;125;48;2;135;130;133m▀[38;2;139;135;138;48;2;140;136;141m▀[38;2;127;122;125;48;2;132;128;132m▀[38;2;144;138;140;48;2;138;132;135m▀[38;2;137;128;133;48;2;132;124;127m▀[38;2;138;130;134;48;2;134;127;128m▀[38;2;134;127;130;48;2;129;122;122m▀[38;2;137;133;134;48;2;131;126;129m▀[38;2;144;141;145;48;2;139;139;142m▀[38;2;127;119;119;48;2;122;115;114m▀[38;2;119;115;119;48;2;116;113;117m▀[38;2;134;131;135;48;2;131;129;133m▀[38;2;132;131;134;48;2;128;126;128m▀[38;2;128;126;131;48;2;122;121;126m▀[38;2;111;109;114;48;2;110;108;113m▀[38;2;67;53;52;48;2;64;49;49m▀[38;2;71;56;55;48;2;65;51;51m▀[38;2;74;57;57;48;2;67;51;51m▀[38;2;78;61;60;48;2;71;56;55m▀[38;2;81;65;65;48;2;71;56;55m▀[38;2;79;62;61;48;2;76;61;59m▀[38;2;80;63;61;48;2;68;54;53m▀[38;2;83;67;63;48;2;73;55;55m▀[38;2;83;64;57;48;2;76;60;60m▀[38;2;81;65;58;48;2;74;58;56m▀[0m
[38;2;83;77;75;48;2;79;73;72m▀[38;2;55;50;51;48;2;51;44;44m▀[38;2;75;63;69;48;2;67;57;62m▀[38;2;83;66;71;48;2;84;71;75m▀[38;2;92;76;80;48;2;93;80;83m▀[38;2;103;91;96;48;2;100;88;89m▀[38;2;97;84;86;48;2;103;87;91m▀[38;2;93;75;77;48;2;89;76;79m▀[38;2;78;62;65;48;2;75;65;68m▀[38;2;107;101;103;48;2;107;103;103m▀[38;2;119;115;116;48;2;120;115;117m▀[38;2;118;114;116;48;2;117;114;116m▀[38;2;105;98;100;48;2;107;102;104m▀[38;2;115;102;100;48;2;110;99;96m▀[38;2;118;110;108;48;2;114;107;104m▀[38;2;120;115;115;48;2;113;103;107m▀[38;2;124;119;122;48;2;119;113;114m▀[38;2;121;116;119;48;2;118;112;115m▀[38;2;125;120;124;48;2;125;119;122m▀[38;2;123;117;120;48;2;125;118;120m▀[38;2;127;122;127;48;2;125;118;120m▀[38;2;129;124;130;48;2;130;125;126m▀[38;2;132;127;132;48;2;124;116;117m▀[38;2;133;130;133;48;2;119;110;110m▀[38;2;133;129;133;48;2;116;107;108m▀[38;2;133;129;133;48;2;123;115;118m▀[38;2;131;126;130;48;2;124;117;118m▀[38;2;132;126;130;48;2;130;124;127m▀[38;2;134;130;132;48;2;128;121;124m▀[38;2;134;130;133;48;2;125;117;118m▀[38;2;133;129;132;48;2;123;114;118m▀[38;2;137;132;135;48;2;124;116;119m▀[38;2;136;132;136;48;2;129;125;127m▀[38;2;136;133;137;48;2;129;122;125m▀[38;2;139;136;140;48;2;130;124;127m▀[38;2;136;134;137;48;2;128;122;125m▀[38;2;132;129;133;48;2;126;120;124m▀[38;2;132;130;134;48;2;124;119;123m▀[38;2;136;130;134;48;2;128;123;127m▀[38;2;127;121;125;48;2;127;123;127m▀[38;2;125;119;120;48;2;122;115;117m▀[38;2;139;133;137;48;2;133;129;131m▀[38;2;122;114;114;48;2;122;113;113m▀[38;2;113;109;112;48;2;108;104;107m▀[38;2;127;125;128;48;2;123;121;124m▀[38;2;124;122;127;48;2;122;120;124m▀[38;2;123;121;125;48;2;120;118;121m▀[38;2;112;110;114;48;2;111;106;110m▀[38;2;59;49;49;48;2;59;46;44m▀[38;2;71;56;55;48;2;66;52;52m▀[38;2;71;55;53;48;2;69;54;53m▀[38;2;74;57;55;48;2;75;60;58m▀[38;2;76;60;58;48;2;74;59;56m▀[38;2;77;61;59;48;2;73;58;55m▀[38;2;74;57;57;48;2;73;58;56m▀[38;2;74;59;58;48;2;72;55;54m▀[38;2;74;58;58;48;2;72;58;58m▀[38;2;72;57;57;48;2;62;49;49m▀[0m
[38;2;67;62;63;48;2;44;40;42m▀[38;2;51;48;51;48;2;44;39;39m▀[38;2;59;52;56;48;2;52;44;47m▀[38;2;82;70;74;48;2;72;59;63m▀[38;2;80;66;70;48;2;78;66;71m▀[38;2;84;70;72;48;2;92;83;88m▀[38;2;85;72;76;48;2;94;83;87m▀[38;2;88;75;78;48;2;82;74;77m▀[38;2;92;86;93;48;2;71;66;69m▀[38;2;106;105;110;48;2;72;66;68m▀[38;2;112;109;115;48;2;75;71;74m▀[38;2;110;109;115;48;2;76;73;76m▀[38;2;108;107;115;48;2;79;76;81m▀[38;2;90;84;87;48;2;76;69;70m▀[38;2;113;105;103;48;2;107;97;96m▀[38;2;115;108;109;48;2;115;109;110m▀[38;2;118;113;113;48;2;117;113;116m▀[38;2;118;113;116;48;2;116;109;113m▀[38;2;123;117;121;48;2;120;116;118m▀[38;2;119;113;116;48;2;117;111;114m▀[38;2;123;114;114;48;2;119;112;114m▀[38;2;125;117;117;48;2;121;114;117m▀[38;2;123;114;115;48;2;121;114;115m▀[38;2;122;113;114;48;2;122;114;115m▀[38;2;118;109;109;48;2;120;113;114m▀[38;2;122;114;115;48;2;117;110;112m▀[38;2;122;114;115;48;2;121;113;116m▀[38;2;130;123;127;48;2;125;117;121m▀[38;2;124;117;118;48;2;122;115;116m▀[38;2;124;116;116;48;2;122;113;115m▀[38;2;121;111;111;48;2;121;112;113m▀[38;2;124;116;116;48;2;124;116;116m▀[38;2;128;124;126;48;2;125;120;123m▀[38;2;127;122;123;48;2;125;121;121m▀[38;2;128;121;123;48;2;125;120;122m▀[38;2;127;119;120;48;2;123;115;119m▀[38;2;127;118;118;48;2;124;118;121m▀[38;2;125;118;119;48;2;120;114;117m▀[38;2;123;116;116;48;2;120;115;120m▀[38;2;122;115;116;48;2;125;123;127m▀[38;2;124;118;121;48;2;124;121;124m▀[38;2;131;124;127;48;2;125;120;121m▀[38;2;119;110;111;48;2;102;97;102m▀[38;2;106;102;105;48;2;120;121;127m▀[38;2;121;120;122;48;2;123;123;127m▀[38;2;118;115;119;48;2;122;119;124m▀[38;2;114;110;112;48;2;115;113;116m▀[38;2;107;105;106;48;2;109;107;110m▀[38;2;59;50;50;48;2;78;75;79m▀[38;2;63;47;47;48;2;64;49;48m▀[38;2;63;48;48;48;2;65;51;49m▀[38;2;71;57;56;48;2;70;53;52m▀[38;2;70;55;55;48;2;69;54;54m▀[38;2;66;51;48;48;2;69;53;52m▀[38;2;65;50;50;48;2;69;53;52m▀[38;2;67;53;52;48;2;66;51;50m▀[38;2;70;54;53;48;2;68;53;51m▀[38;2;70;56;55;48;2;63;49;49m▀[0m
