[38;2;139;141;153;48;2;71;74;78m▀[38;2;143;145;155;48;2;78;80;86m▀[38;2;146;149;159;48;2;82;85;92m▀[38;2;151;153;165;48;2;90;92;99m▀[38;2;154;156;166;48;2;102;106;113m▀[38;2;158;161;171;48;2;112;115;124m▀[38;2;158;160;171;48;2;121;125;133m▀[38;2;161;163;174;48;2;131;135;145m▀[38;2;166;168;179;48;2;140;145;154m▀[38;2;168;170;181;48;2;148;153;161m▀[38;2;168;172;181;48;2;155;159;168m▀[38;2;170;171;181;48;2;163;168;177m▀[38;2;173;175;185;48;2;171;175;185m▀[38;2;137;142;150;48;2;119;124;133m▀[38;2;79;79;88;48;2;79;79;86m▀[38;2;97;95;107;48;2;81;81;87m▀[38;2;122;122;133;48;2;77;77;81m▀[38;2;125;126;135;48;2;68;65;67m▀[38;2;124;126;137;48;2;70;69;72m▀[38;2;80;81;89;48;2;67;68;74m▀[38;2;45;45;48;48;2;34;37;38m▀[38;2;27;25;28;48;2;27;27;29m▀[38;2;26;23;27;48;2;26;24;28m▀[38;2;25;21;25;48;2;24;24;25m▀[38;2;24;21;24;48;2;22;22;25m▀[38;2;24;21;24;48;2;25;21;23m▀[38;2;22;21;21;48;2;25;22;22m▀[38;2;22;21;21;48;2;23;21;23m▀[38;2;22;20;22;48;2;23;21;23m▀[38;2;22;20;22;48;2;26;21;23m▀[38;2;22;22;22;48;2;25;21;23m▀[38;2;22;21;21;48;2;25;21;21m▀[38;2;22;20;22;48;2;25;21;21m▀[38;2;22;20;22;48;2;23;21;23m▀[38;2;21;21;21;48;2;23;23;23m▀[38;2;21;21;21;48;2;24;21;23m▀[38;2;20;20;20;48;2;24;22;22m▀[38;2;20;20;20;48;2;23;21;21m▀[38;2;19;19;20;48;2;22;22;22m▀[38;2;29;28;27;48;2;21;20;22m▀[38;2;78;72;70;48;2;44;43;40m▀[38;2;105;103;104;48;2;101;97;99m▀[38;2;139;139;145;48;2;132;131;135m▀[38;2;140;142;151;48;2;140;140;150m▀[38;2;132;130;138;48;2;138;139;147m▀[38;2;97;92;97;48;2;124;121;129m▀[38;2;66;63;66;48;2;82;79;84m▀[38;2;116;117;126;48;2;105;105;110m▀[38;2;145;143;152;48;2;149;150;159m▀[38;2;142;140;148;48;2;151;149;155m▀[38;2;124;121;130;48;2;148;146;152m▀[38;2;141;144;147;48;2;143;141;147m▀[38;2;141;147;147;48;2;143;143;148m▀[38;2;145;150;151;48;2;139;138;142m▀[38;2;126;135;122;48;2;137;138;143m▀[38;2;146;156;152;48;2;136;139;142m▀[38;2;138;148;149;48;2;126;130;134m▀[38;2;139;149;148;48;2;130;134;132m▀[0m
[38;2;40;42;49;48;2;44;45;54m▀[38;2;39;40;48;48;2;42;43;51m▀[38;2;39;39;47;48;2;42;42;51m▀[38;2;39;40;49;48;2;42;42;51m▀[38;2;41;42;52;48;2;44;45;56m▀[38;2;45;45;56;48;2;47;47;58m▀[38;2;46;46;58;48;2;49;50;60m▀[38;2;48;48;59;48;2;49;50;60m▀[38;2;49;49;58;48;2;49;50;60m▀[38;2;44;48;56;48;2;48;49;59m▀[38;2;42;44;54;48;2;47;48;59m▀[38;2;41;42;53;48;2;44;45;55m▀[38;2;42;43;52;48;2;43;43;53m▀[38;2;62;63;71;48;2;44;44;50m▀[38;2;85;84;90;48;2;81;79;83m▀[38;2;44;44;47;48;2;43;43;47m▀[38;2;45;45;45;48;2;40;40;42m▀[38;2;39;37;40;48;2;40;40;42m▀[38;2;37;35;38;48;2;35;34;38m▀[38;2;47;47;51;48;2;33;30;34m▀[38;2;30;28;30;48;2;30;29;30m▀[38;2;29;26;29;48;2;29;26;30m▀[38;2;27;24;27;48;2;27;24;27m▀[38;2;26;24;26;48;2;26;23;26m▀[38;2;25;21;23;48;2;26;22;24m▀[38;2;26;21;21;48;2;27;22;23m▀[38;2;26;22;23;48;2;27;22;23m▀[38;2;23;21;22;48;2;26;21;24m▀[38;2;23;21;22;48;2;26;22;24m▀[38;2;26;22;22;48;2;27;22;22m▀[38;2;27;22;22;48;2;27;22;21m▀[38;2;25;22;21;48;2;26;21;21m▀[38;2;26;21;23;48;2;26;21;21m▀[38;2;25;21;21;48;2;27;22;22m▀[38;2;23;21;21;48;2;26;22;22m▀[38;2;23;20;22;48;2;26;22;22m▀[38;2;25;21;23;48;2;25;22;23m▀[38;2;25;21;23;48;2;26;22;22m▀[38;2;23;23;23;48;2;27;25;25m▀[38;2;24;24;24;48;2;35;29;27m▀[38;2;24;24;24;48;2;38;33;29m▀[38;2;87;85;85;48;2;64;63;58m▀[38;2;122;122;127;48;2;86;85;86m▀[38;2;124;122;126;48;2;49;48;45m▀[38;2;120;121;125;48;2;70;68;67m▀[38;2;132;132;136;48;2;92;90;90m▀[38;2;97;93;98;48;2;89;86;89m▀[38;2;106;103;106;48;2;112;107;110m▀[38;2;145;147;154;48;2;135;136;143m▀[38;2;160;161;166;48;2;161;162;168m▀[38;2;156;154;159;48;2;156;155;161m▀[38;2;151;149;154;48;2;156;154;161m▀[38;2;150;149;153;48;2;149;149;155m▀[38;2;148;148;152;48;2;146;146;151m▀[38;2;145;145;150;48;2;147;148;153m▀[38;2;146;146;150;48;2;142;143;147m▀[38;2;136;136;142;48;2;140;143;146m▀[38;2;134;134;139;48;2;136;137;143m▀[0m
[38;2;48;49;59;48;2;56;58;68m▀[38;2;47;48;58;48;2;52;54;65m▀[38;2;43;45;55;48;2;49;52;63m▀[38;2;44;45;56;48;2;48;49;60m▀[38;2;47;48;59;48;2;48;51;63m▀[38;2;48;48;60;48;2;51;52;64m▀[38;2;50;51;62;48;2;51;52;63m▀[38;2;50;51;62;48;2;52;53;63m▀[38;2;49;50;61;48;2;49;51;62m▀[38;2;50;50;60;48;2;50;50;61m▀[38;2;47;51;58;48;2;47;47;58m▀[38;2;49;47;57;48;2;49;50;59m▀[38;2;47;47;56;48;2;48;48;59m▀[38;2;43;44;53;48;2;49;47;56m▀[38;2;63;61;67;48;2;46;47;55m▀[38;2;57;55;58;48;2;67;64;68m▀[38;2;40;40;44;48;2;44;44;48m▀[38;2;36;36;39;48;2;39;39;42m▀[38;2;32;32;35;48;2;36;34;37m▀[38;2;32;30;33;48;2;30;30;32m▀[38;2;29;26;30;48;2;30;27;30m▀[38;2;27;26;27;48;2;30;26;28m▀[38;2;27;26;26;48;2;28;25;27m▀[38;2;27;23;26;48;2;26;22;24m▀▀[38;2;28;22;22;48;2;26;22;23m▀[38;2;27;22;21;48;2;26;21;22m▀[38;2;27;21;24;48;2;26;22;22m▀[38;2;27;21;24;48;2;31;26;25m▀[38;2;37;27;27;48;2;126;103;88m▀[38;2;35;25;23;48;2;114;82;58m▀[38;2;28;21;21;48;2;28;22;22m▀[38;2;27;21;21;48;2;27;22;21m▀[38;2;29;21;22;48;2;30;22;22m▀[38;2;30;23;22;48;2;30;22;22m▀[38;2;29;25;25;48;2;28;23;23m▀[38;2;26;23;23;48;2;30;25;23m▀[38;2;26;25;25;48;2;29;26;25m▀[38;2;33;29;26;48;2;38;33;29m▀[38;2;45;38;33;48;2;53;42;38m▀[38;2;50;44;38;48;2;65;52;46m▀[38;2;56;50;46;48;2;70;59;54m▀[38;2;48;46;45;48;2;64;59;55m▀[38;2;39;37;37;48;2;53;50;50m▀[38;2;38;35;35;48;2;38;35;39m▀[38;2;38;35;35;48;2;42;39;39m▀[38;2;73;71;73;48;2;100;94;94m▀[38;2;117;112;115;48;2;94;89;90m▀[38;2;77;78;82;48;2;24;26;27m▀[38;2;70;71;71;48;2;24;24;26m▀[38;2;81;81;84;48;2;27;24;27m▀[38;2;86;86;88;48;2;28;26;27m▀[38;2;94;94;95;48;2;29;26;29m▀[38;2;102;104;107;48;2;28;25;27m▀[38;2;106;108;112;48;2;26;23;26m▀[38;2;114;115;118;48;2;25;22;25m▀[38;2;116;117;121;48;2;26;23;26m▀[38;2;124;127;131;48;2;25;24;25m▀[0m
[38;2;66;72;85;48;2;147;153;157m▀[38;2;59;63;78;48;2;69;80;92m▀[38;2;56;58;70;48;2;61;68;84m▀[38;2;51;57;70;48;2;59;65;80m▀[38;2;51;54;69;48;2;56;61;75m▀[38;2;52;55;66;48;2;55;58;71m▀[38;2;54;55;65;48;2;54;56;68m▀[38;2;52;52;63;48;2;54;54;65m▀[38;2;51;51;62;48;2;54;55;65m▀[38;2;53;51;61;48;2;54;54;65m▀[38;2;49;48;59;48;2;54;53;64m▀[38;2;49;49;58;48;2;50;52;61m▀[38;2;50;51;60;48;2;50;52;60m▀[38;2;47;47;57;48;2;49;50;59m▀[38;2;44;45;51;48;2;47;47;54m▀[38;2;60;61;66;48;2;48;50;56m▀[38;2;46;47;51;48;2;53;53;56m▀[38;2;39;40;44;48;2;39;42;44m▀[38;2;34;35;41;48;2;35;37;41m▀[38;2;31;31;35;48;2;29;32;36m▀[38;2;29;29;31;48;2;27;27;31m▀[38;2;28;28;28;48;2;32;35;39m▀[38;2;30;27;31;48;2;44;50;56m▀[38;2;26;23;26;48;2;55;60;64m▀[38;2;25;23;23;48;2;59;62;73m▀[38;2;25;22;24;48;2;55;56;65m▀[38;2;33;29;29;48;2;95;84;89m▀[38;2;72;66;69;48;2;161;141;127m▀[38;2;36;31;30;48;2;82;75;79m▀[38;2;159;137;121;48;2;169;153;143m▀[38;2;124;103;88;48;2;138;125;116m▀[38;2;27;24;22;48;2;77;66;62m▀[38;2;41;37;41;48;2;163;145;132m▀[38;2;27;22;21;48;2;46;40;40m▀[38;2;28;23;22;48;2;33;30;32m▀[38;2;31;24;23;48;2;29;24;24m▀[38;2;30;25;23;48;2;33;29;28m▀[38;2;32;26;26;48;2;47;44;47m▀[38;2;43;35;31;48;2;50;41;37m▀[38;2;58;46;40;48;2;64;51;42m▀[38;2;70;57;50;48;2;78;64;54m▀[38;2;78;67;64;48;2;83;71;64m▀[38;2;76;69;65;48;2;83;75;70m▀[38;2;67;63;62;48;2;82;77;75m▀[38;2;53;53;53;48;2;95;87;84m▀[38;2;86;80;78;48;2;113;107;106m▀[38;2;101;96;97;48;2;51;47;49m▀[38;2;36;33;35;48;2;33;29;31m▀[38;2;32;29;30;48;2;33;30;33m▀[38;2;32;28;30;48;2;33;30;32m▀[38;2;32;28;30;48;2;33;29;32m▀[38;2;33;30;30;48;2;32;28;30m▀[38;2;31;28;29;48;2;32;29;31m▀[38;2;30;27;29;48;2;32;28;31m▀[38;2;28;26;28;48;2;30;27;29m▀[38;2;28;25;27;48;2;30;27;28m▀[38;2;28;25;27;48;2;30;27;30m▀[38;2;27;25;26;48;2;30;26;29m▀[0m
[38;2;201;201;201;48;2;204;204;204m▀[38;2;152;157;161;48;2;206;206;206m▀[38;2;73;84;99;48;2;160;166;169m▀[38;2;66;76;92;48;2;81;91;105m▀[38;2;64;68;84;48;2;70;77;93m▀[38;2;61;65;79;48;2;66;71;87m▀[38;2;56;61;73;48;2;63;65;78m▀[38;2;56;57;70;48;2;61;62;75m▀[38;2;55;58;69;48;2;57;59;72m▀[38;2;56;56;67;48;2;56;58;71m▀[38;2;55;55;66;48;2;56;58;69m▀[38;2;52;53;64;48;2;53;55;66m▀[38;2;50;54;61;48;2;50;51;61m▀[38;2;49;49;59;48;2;50;50;59m▀[38;2;48;49;54;48;2;48;48;55m▀[38;2;43;46;50;48;2;47;47;51m▀[38;2;51;53;55;48;2;50;48;53m▀[38;2;41;43;45;48;2;47;45;47m▀[38;2;34;35;39;48;2;36;34;38m▀[38;2;28;31;33;48;2;31;31;33m▀[38;2;30;30;31;48;2;31;28;32m▀[38;2;35;41;46;48;2;37;42;50m▀[38;2;58;69;79;48;2;56;67;77m▀[38;2;89;103;116;48;2;92;107;120m▀[38;2;97;110;119;48;2;99;113;127m▀[38;2;93;107;117;48;2;115;129;145m▀[38;2;116;130;144;48;2;107;120;136m▀[38;2;123;136;144;48;2;127;142;156m▀[38;2;117;119;127;48;2;95;100;104m▀[38;2;187;166;150;48;2;145;137;132m▀[38;2;147;135;124;48;2;107;123;137m▀[38;2;108;104;107;48;2;105;105;111m▀[38;2;160;158;157;48;2;107;123;138m▀[38;2;107;116;133;48;2;115;130;145m▀[38;2;91;103;117;48;2;89;105;118m▀[38;2;75;86;100;48;2;77;92;106m▀[38;2;74;88;99;48;2;77;95;108m▀[38;2;61;70;80;48;2;60;73;85m▀[38;2;59;59;59;48;2;60;63;68m▀[38;2;69;55;48;48;2;74;59;49m▀[38;2;81;66;58;48;2;85;70;60m▀[38;2;92;77;70;48;2;95;80;71m▀[38;2;95;83;77;48;2;112;99;92m▀[38;2;100;92;88;48;2;119;107;103m▀[38;2;118;108;106;48;2;90;85;83m▀[38;2;73;69;69;48;2;34;30;34m▀[38;2;34;30;32;48;2;36;33;35m▀[38;2;34;31;33;48;2;36;34;35m▀[38;2;34;30;34;48;2;34;31;33m▀[38;2;34;30;33;48;2;35;32;32m▀[38;2;34;31;31;48;2;35;33;33m▀[38;2;35;31;33;48;2;35;32;34m▀[38;2;34;32;33;48;2;34;32;32m▀[38;2;33;31;31;48;2;35;32;33m▀[38;2;33;30;32;48;2;35;32;34m▀[38;2;32;30;31;48;2;33;31;33m▀[38;2;32;28;30;48;2;33;30;32m▀[38;2;30;27;30;48;2;36;32;32m▀[0m
[38;2;206;206;206;48;2;208;208;208m▀[38;2;209;209;209;48;2;211;211;211m▀[38;2;211;211;211;48;2;214;214;214m▀[38;2;170;176;179;48;2;216;216;216m▀[38;2;85;95;108;48;2;183;187;190m▀[38;2;70;78;92;48;2;94;103;113m▀[38;2;65;71;85;48;2;71;81;94m▀[38;2;64;67;80;48;2;66;73;88m▀[38;2;59;65;77;48;2;63;70;81m▀[38;2;60;64;75;48;2;63;69;80m▀[38;2;58;61;73;48;2;62;69;79m▀[38;2;57;59;71;48;2;57;63;74m▀[38;2;50;56;63;48;2;54;60;69m▀[38;2;49;49;58;48;2;49;55;62m▀[38;2;49;50;56;48;2;47;51;59m▀[38;2;47;48;52;48;2;47;49;52m▀[38;2;47;45;49;48;2;47;47;51m▀[38;2;49;47;49;48;2;45;45;49m▀[38;2;36;36;38;48;2;37;37;40m▀[38;2;33;31;33;48;2;31;31;33m▀[38;2;29;26;29;48;2;25;27;31m▀[38;2;27;31;37;48;2;27;29;32m▀[38;2;66;79;93;48;2;46;51;55m▀[38;2;99;117;134;48;2;97;110;122m▀[38;2;109;128;146;48;2;108;129;143m▀[38;2;93;107;120;48;2;105;127;143m▀[38;2;108;122;136;48;2;106;127;144m▀[38;2;119;135;151;48;2;94;113;128m▀[38;2;117;123;131;48;2;83;97;107m▀[38;2;106;118;129;48;2;81;95;105m▀[38;2;64;79;89;48;2;63;79;89m▀[38;2;102;104;105;48;2;75;87;99m▀[38;2;117;136;153;48;2;102;123;144m▀[38;2;98;116;133;48;2;98;117;139m▀[38;2;84;103;118;48;2;116;136;155m▀[38;2;84;100;116;48;2;113;136;156m▀[38;2;90;106;123;48;2;110;130;147m▀[38;2;71;87;101;48;2;78;97;110m▀[38;2;61;59;59;48;2;60;52;48m▀[38;2;73;57;48;48;2;76;61;51m▀[38;2;82;70;60;48;2;78;68;60m▀[38;2;105;90;81;48;2;111;98;90m▀[38;2;127;111;103;48;2;124;112;105m▀[38;2;118;107;104;48;2;51;48;47m▀[38;2;37;37;37;48;2;31;31;31m▀[38;2;34;32;32;48;2;36;34;36m▀[38;2;38;35;35;48;2;35;32;34m▀[38;2;36;31;34;48;2;36;33;35m▀[38;2;35;31;34;48;2;37;34;33m▀[38;2;35;32;31;48;2;35;33;35m▀[38;2;34;32;32;48;2;37;34;36m▀[38;2;36;34;35;48;2;36;33;35m▀[38;2;35;32;34;48;2;35;33;34m▀[38;2;35;32;34;48;2;35;33;33m▀[38;2;34;32;34;48;2;35;33;34m▀[38;2;35;32;34;48;2;72;74;61m▀[38;2;45;46;37;48;2;115;126;86m▀[38;2;91;106;57;48;2;109;127;74m▀[0m
[38;2;210;210;210;48;2;212;212;212m▀[38;2;213;213;213;48;2;215;215;215m▀[38;2;216;216;216;48;2;217;217;217m▀[38;2;219;219;219;48;2;220;220;220m▀[38;2;220;220;220;48;2;223;223;223m▀[38;2;194;197;199;48;2;224;224;224m▀[38;2;96;108;118;48;2;201;204;205m▀[38;2;74;86;99;48;2;109;121;129m▀[38;2;67;77;91;48;2;79;91;101m▀[38;2;64;73;84;48;2;67;79;94m▀[38;2;60;71;83;48;2;58;71;82m▀[38;2;56;66;76;48;2;51;64;75m▀[38;2;51;62;71;48;2;46;61;71m▀[38;2;48;58;67;48;2;43;57;66m▀[38;2;45;51;60;48;2;39;52;61m▀[38;2;40;44;53;48;2;40;50;60m▀[38;2;38;39;47;48;2;45;50;60m▀[38;2;41;41;46;48;2;56;58;65m▀[38;2;42;43;47;48;2;42;43;47m▀[38;2;33;31;34;48;2;34;34;38m▀[38;2;27;30;33;48;2;27;30;35m▀[38;2;32;29;34;48;2;28;29;38m▀[38;2;38;36;38;48;2;43;43;46m▀[38;2;44;40;40;48;2;65;72;76m▀[38;2;65;77;86;48;2;49;49;55m▀[38;2;83;100;110;48;2;60;64;71m▀[38;2;85;103;117;48;2;59;66;76m▀[38;2;93;103;112;48;2;64;73;83m▀[38;2;104;115;131;48;2;127;146;162m▀[38;2;80;95;106;48;2;76;89;100m▀[38;2;69;80;91;48;2;50;61;68m▀[38;2;101;111;121;48;2;136;147;157m▀[38;2;93;109;126;48;2;98;110;122m▀[38;2;119;138;156;48;2;51;52;56m▀[38;2;118;138;157;48;2;83;86;88m▀[38;2;106;125;140;48;2;47;49;52m▀[38;2;90;96;102;48;2;53;51;51m▀[38;2;62;54;50;48;2;43;39;39m▀[38;2;61;50;43;48;2;50;46;43m▀[38;2;77;62;53;48;2;72;61;54m▀[38;2;73;67;62;48;2;71;67;64m▀[38;2;116;104;96;48;2;93;82;79m▀[38;2;71;66;63;48;2;33;31;33m▀[38;2;32;28;31;48;2;32;30;30m▀[38;2;33;30;30;48;2;34;32;32m▀[38;2;37;34;34;48;2;35;32;32m▀[38;2;37;35;35;48;2;36;32;35m▀[38;2;37;34;34;48;2;37;34;36m▀[38;2;36;33;35;48;2;37;34;34m▀[38;2;37;34;34;48;2;40;37;36m▀[38;2;39;34;36;48;2;43;39;39m▀[38;2;39;35;37;48;2;42;39;42m▀[38;2;38;35;36;48;2;66;69;63m▀[38;2;39;37;37;48;2;164;171;163m▀[38;2;105;111;92;48;2;182;192;192m▀[38;2;135;145;113;48;2;151;162;152m▀[38;2;120;134;103;48;2;120;135;113m▀[38;2;109;125;83;48;2;104;126;79m▀[0m
[38;2;213;213;213;48;2;214;214;214m▀[38;2;216;216;216;48;2;217;217;217m▀[38;2;219;219;219;48;2;220;220;220m▀[38;2;221;221;221;48;2;223;223;223m▀[38;2;224;224;224;48;2;225;225;225m▀[38;2;226;226;226;48;2;227;227;227m▀[38;2;228;228;228;48;2;230;230;230m▀[38;2;212;215;216;48;2;231;231;231m▀[38;2;122;135;142;48;2;220;223;223m▀[38;2;83;96;109;48;2;129;142;150m▀[38;2;61;79;93;48;2;90;105;118m▀[38;2;52;68;81;48;2;74;89;98m▀[38;2;46;63;73;48;2;63;79;89m▀[38;2;43;63;76;48;2;55;74;84m▀[38;2;45;64;75;48;2;73;86;93m▀[38;2;57;69;75;48;2;107;110;112m▀[38;2;79;81;85;48;2;136;131;130m▀[38;2;60;63;68;48;2;85;88;91m▀[38;2;38;43;51;48;2;46;53;63m▀[38;2;46;51;59;48;2;63;71;80m▀[38;2;28;33;39;48;2;36;38;45m▀[38;2;34;39;44;48;2;49;52;54m▀[38;2;86;71;57;48;2;78;73;69m▀[38;2;55;56;60;48;2;85;75;65m▀[38;2;43;38;38;48;2;78;70;63m▀[38;2;59;65;73;48;2;79;67;58m▀[38;2;79;73;67;48;2;117;103;84m▀[38;2;100;103;101;48;2;158;142;119m▀[38;2;116;141;162;48;2;60;64;68m▀[38;2;78;93;104;48;2;98;113;127m▀[38;2;70;83;98;48;2;138;159;178m▀[38;2;138;154;171;48;2;73;82;87m▀[38;2;111;124;136;48;2;149;134;115m▀[38;2;65;68;72;48;2;52;52;50m▀[38;2;66;66;64;48;2;79;71;59m▀[38;2;40;40;40;48;2;36;36;38m▀[38;2;40;44;47;48;2;45;48;51m▀[38;2;43;43;45;48;2;39;40;45m▀[38;2;52;50;49;48;2;47;49;49m▀[38;2;61;55;52;48;2;60;63;64m▀[38;2;64;61;58;48;2;68;71;75m▀[38;2;80;75;74;48;2;56;53;55m▀[38;2;66;62;62;48;2;97;91;92m▀[38;2;44;42;42;48;2;83;77;78m▀[38;2;30;30;32;48;2;39;39;42m▀[38;2;32;30;32;48;2;28;31;32m▀[38;2;32;32;32;48;2;27;31;31m▀[38;2;36;34;34;48;2;29;32;32m▀[38;2;40;37;37;48;2;40;40;40m▀[38;2;43;40;42;48;2;75;77;79m▀[38;2;48;48;48;48;2;182;185;185m▀[38;2;124;126;122;48;2;227;227;227m▀[38;2;203;208;196;48;2;227;227;227m▀[38;2;193;199;199;48;2;214;216;217m▀[38;2;176;187;186;48;2;181;189;192m▀[38;2;131;143;128;48;2;115;127;114m▀[38;2;95;111;84;48;2;100;115;96m▀[38;2;94;110;82;48;2;91;106;81m▀[0m
[38;2;215;215;215;48;2;215;215;215m▀[38;2;218;218;218;48;2;218;218;218m▀[38;2;221;221;221;48;2;221;221;221m▀[38;2;223;223;223;48;2;224;224;224m▀[38;2;226;226;226;48;2;227;227;227m▀[38;2;228;228;228;48;2;229;229;229m▀[38;2;231;231;231;48;2;231;231;231m▀[38;2;233;233;233;48;2;233;233;233m▀[38;2;233;235;233;48;2;235;235;235m▀[38;2;221;224;225;48;2;231;233;233m▀[38;2;147;153;162;48;2;169;173;176m▀[38;2;123;129;132;48;2;145;148;153m▀[38;2;119;122;125;48;2;138;138;141m▀[38;2;104;108;111;48;2;133;134;138m▀[38;2;133;135;137;48;2;161;161;165m▀[38;2;143;143;145;48;2;154;152;156m▀[38;2;157;154;152;48;2;160;160;163m▀[38;2;83;89;91;48;2;79;86;87m▀[38;2;69;80;88;48;2;91;105;116m▀[38;2;68;75;82;48;2;75;83;87m▀[38;2;54;59;63;48;2;67;72;74m▀[38;2;92;88;85;48;2;128;120;109m▀[38;2;124;111;100;48;2;131;117;102m▀[38;2;129;114;99;48;2;145;133;120m▀[38;2;129;114;102;48;2;144;124;106m▀[38;2;142;122;99;48;2;158;137;113m▀[38;2;147;125;101;48;2;167;141;111m▀[38;2;173;158;136;48;2;191;169;136m▀[38;2;71;67;66;48;2;86;72;58m▀[38;2;95;99;101;48;2;152;135;121m▀[38;2;81;94;102;48;2;92;103;106m▀[38;2;60;64;68;48;2;75;69;63m▀[38;2;173;159;133;48;2;204;186;153m▀[38;2;86;75;60;48;2;107;93;71m▀[38;2;180;159;125;48;2;197;184;157m▀[38;2;51;51;53;48;2;62;62;56m▀[38;2;71;59;52;48;2;82;70;62m▀[38;2;90;83;76;48;2;106;96;84m▀[38;2;57;59;57;48;2;53;57;60m▀[38;2;57;61;61;48;2;52;55;58m▀[38;2;77;84;96;48;2;91;102;113m▀[38;2;78;71;70;48;2;88;79;75m▀[38;2;121;115;114;48;2;124;119;116m▀[38;2;117;110;109;48;2;131;125;124m▀[38;2;77;74;77;48;2;113;108;113m▀[38;2;36;36;38;48;2;73;68;70m▀[38;2;36;38;38;48;2;76;69;64m▀[38;2;37;39;41;48;2;77;70;66m▀[38;2;97;102;100;48;2;171;175;171m▀[38;2;217;220;218;48;2;203;212;203m▀[38;2;226;228;228;48;2;199;209;199m▀[38;2;221;216;211;48;2;189;196;174m▀[38;2;218;215;212;48;2;167;179;143m▀[38;2;201;204;199;48;2;169;178;153m▀[38;2;149;161;149;48;2;166;174;162m▀[38;2;129;143;128;48;2;167;175;169m▀[38;2;97;110;89;48;2;116;131;116m▀[38;2;88;102;86;48;2;106;120;107m▀[0m
[38;2;185;204;208;48;2;141;189;194m▀[38;2;211;216;216;48;2;149;194;199m▀[38;2;221;221;221;48;2;173;205;209m▀[38;2;224;224;224;48;2;201;216;218m▀[38;2;225;225;227;48;2;222;225;225m▀[38;2;229;229;229;48;2;229;229;229m▀[38;2;232;232;232;48;2;231;231;231m▀[38;2;234;234;234;48;2;234;234;234m▀[38;2;236;236;236;48;2;226;228;228m▀[38;2;220;223;223;48;2;177;182;183m▀[38;2;171;172;176;48;2;136;142;146m▀[38;2;155;156;160;48;2;128;129;135m▀[38;2;142;143;146;48;2;120;125;133m▀[38;2;145;144;151;48;2;115;122;134m▀[38;2;152;153;158;48;2;106;118;132m▀[38;2;138;141;146;48;2;100;107;117m▀[38;2;146;147;152;48;2;102;108;117m▀[38;2;74;83;88;48;2;44;53;60m▀[38;2;96;112;125;48;2;43;54;61m▀[38;2;74;77;78;48;2;62;64;62m▀[38;2;86;85;80;48;2;110;105;94m▀[38;2;120;113;105;48;2;142;129;113m▀[38;2;113;102;89;48;2;137;120;98m▀[38;2;147;135;126;48;2;181;164;142m▀[38;2;156;131;109;48;2;151;123;102m▀[38;2;172;150;129;48;2;173;151;132m▀[38;2;173;146;115;48;2;167;138;110m▀[38;2;204;181;151;48;2;207;186;157m▀[38;2;107;88;70;48;2;111;100;84m▀[38;2;177;157;131;48;2;166;156;146m▀[38;2;100;102;99;48;2;102;98;94m▀[38;2;101;87;70;48;2;119;106;88m▀[38;2;215;197;166;48;2;211;193;162m▀[38;2;120;107;83;48;2;129;117;97m▀[38;2;200;187;162;48;2;198;184;159m▀[38;2;79;75;66;48;2;119;109;97m▀[38;2;95;87;83;48;2;125;106;88m▀[38;2;112;105;97;48;2;128;117;108m▀[38;2;65;69;72;48;2;76;76;76m▀[38;2;50;55;58;48;2;38;43;46m▀[38;2;94;104;114;48;2;72;82;91m▀[38;2;83;77;75;48;2;60;63;66m▀[38;2;119;116;116;48;2;90;92;94m▀[38;2;137;133;133;48;2;108;106;110m▀[38;2;124;121;126;48;2;100;98;102m▀[38;2;105;101;104;48;2;102;99;101m▀[38;2;103;91;84;48;2;112;100;93m▀[38;2;108;94;87;48;2;120;105;100m▀[38;2;141;141;127;48;2;119;115;104m▀[38;2;189;202;192;48;2;178;190;175m▀[38;2;147;168;124;48;2;124;145;97m▀[38;2;136;157;95;48;2;106;128;71m▀[38;2;116;133;85;48;2;91;103;65m▀[38;2;120;140;99;48;2;97;115;81m▀[38;2;156;172;152;48;2;97;120;82m▀[38;2;158;171;170;48;2;128;145;123m▀[38;2;117;135;120;48;2;93;114;81m▀[38;2;84;101;78;48;2;82;107;70m▀[0m
[38;2;107;147;157;48;2;62;113;124m▀[38;2;129;169;177;48;2;67;121;132m▀[38;2;144;189;198;48;2;78;124;136m▀[38;2;146;196;203;48;2;108;149;161m▀[38;2;160;204;209;48;2;132;173;183m▀[38;2;187;215;218;48;2;153;195;202m▀[38;2;214;225;226;48;2;156;203;206m▀[38;2;229;232;232;48;2;166;206;211m▀[38;2;230;231;230;48;2;189;219;223m▀[38;2;145;151;153;48;2;171;204;208m▀[38;2;100;108;115;48;2;102;105;108m▀[38;2;99;106;114;48;2;79;85;91m▀[38;2;98;106;115;48;2;116;116;126m▀[38;2;126;136;151;48;2;181;182;192m▀[38;2;151;158;170;48;2;170;174;182m▀[38;2;148;148;156;48;2;166;163;167m▀[38;2;109;113;118;48;2;108;108;108m▀[38;2;38;43;46;48;2;39;43;44m▀[38;2;34;40;44;48;2;27;33;38m▀[38;2;47;50;50;48;2;42;42;45m▀[38;2;128;115;99;48;2;145;129;106m▀[38;2;137;126;111;48;2;140;127;112m▀[38;2;134;118;98;48;2;146;129;105m▀[38;2;187;167;140;48;2;197;178;151m▀[38;2;167;138;112;48;2;174;146;118m▀[38;2;179;159;137;48;2;175;159;139m▀[38;2;167;139;111;48;2;166;159;149m▀[38;2;201;178;151;48;2;161;154;146m▀[38;2;117;110;100;48;2;98;124;119m▀[38;2;136;133;133;48;2;127;133;129m▀[38;2;112;112;114;48;2;111;120;119m▀[38;2;123;111;98;48;2;106;116;109m▀[38;2;198;176;146;48;2;176;169;161m▀[38;2;132;121;103;48;2;150;145;134m▀[38;2;202;186;158;48;2;196;178;151m▀[38;2;130;118;105;48;2;140;128;113m▀[38;2;128;107;90;48;2;136;114;92m▀[38;2;131;120;112;48;2;136;123;111m▀[38;2;87;82;80;48;2;102;93;88m▀[38;2;44;46;47;48;2;39;44;45m▀[38;2;48;50;50;48;2;39;44;45m▀[38;2;37;39;40;48;2;43;45;45m▀[38;2;67;70;72;48;2;78;74;72m▀[38;2;95;95;101;48;2;108;108;111m▀[38;2;96;97;102;48;2;121;119;123m▀[38;2;79;82;92;48;2;102;104;115m▀[38;2;83;81;81;48;2;60;62;64m▀[38;2;94;89;87;48;2;62;62;64m▀[38;2;91;86;85;48;2;67;74;74m▀[38;2;85;100;77;48;2;103;139;135m▀[38;2;91;115;68;48;2;100;149;133m▀[38;2;109;135;72;48;2;109;158;137m▀[38;2;101;124;69;48;2;106;155;134m▀[38;2;103;130;74;48;2;101;151;129m▀[38;2;82;104;60;48;2;100;148;127m▀[38;2;97;122;76;48;2;99;150;127m▀[38;2;95;121;81;48;2;85;132;119m▀[38;2;85;111;75;48;2;82;128;116m▀[0m
[38;2;63;117;126;48;2;54;99;107m▀[38;2;63;111;121;48;2;38;53;57m▀[38;2;64;118;128;48;2;52;83;93m▀[38;2;68;121;133;48;2;65;120;129m▀[38;2;70;125;136;48;2;62;107;116m▀[38;2;76;130;142;48;2;65;119;130m▀[38;2;107;149;163;48;2;71;134;144m▀[38;2;129;170;182;48;2;69;128;139m▀[38;2;157;196;207;48;2;86;158;169m▀[38;2;156;189;199;48;2;115;160;171m▀[38;2;160;155;161;48;2;171;167;173m▀[38;2;141;144;156;48;2;164;167;179m▀[38;2;153;154;163;48;2;155;161;172m▀[38;2;186;188;198;48;2;183;186;196m▀[38;2;164;170;178;48;2;162;167;175m▀[38;2;169;165;170;48;2;173;171;174m▀[38;2;99;97;96;48;2;92;86;83m▀[38;2;49;49;46;48;2;52;50;50m▀[38;2;32;35;39;48;2;39;40;46m▀[38;2;45;42;42;48;2;55;53;55m▀[38;2;173;155;127;48;2;181;161;130m▀[38;2;142;131;116;48;2;150;134;118m▀[38;2;157;135;107;48;2;155;132;108m▀[38;2;197;181;155;48;2;196;181;158m▀[38;2;165;141;117;48;2;170;162;159m▀[38;2;173;160;146;48;2;108;138;136m▀[38;2;160;147;138;48;2;96;112;109m▀[38;2;141;137;129;48;2;81;114;111m▀[38;2;47;84;81;48;2;53;84;84m▀[38;2;78;102;103;48;2;87;120;115m▀[38;2;67;102;102;48;2;56;91;90m▀[38;2;57;83;82;48;2;52;82;85m▀[38;2;149;143;141;48;2;78;100;98m▀[38;2;156;149;140;48;2;70;103;99m▀[38;2;172;161;145;48;2;154;162;162m▀[38;2;142;131;120;48;2;160;153;145m▀[38;2;130;108;90;48;2;115;98;84m▀[38;2;147;134;119;48;2;148;134;119m▀[38;2;122;107;100;48;2;125;110;104m▀[38;2;39;40;45;48;2;52;54;55m▀[38;2;39;43;43;48;2;53;55;55m▀[38;2;60;55;54;48;2;78;72;69m▀[38;2;79;74;73;48;2;82;77;76m▀[38;2;132;126;129;48;2;129;122;122m▀[38;2;141;133;137;48;2;150;141;144m▀[38;2;133;130;138;48;2;136;131;136m▀[38;2;91;89;93;48;2;113;110;116m▀[38;2;76;76;76;48;2;113;104;105m▀[38;2;103;145;149;48;2;106;126;130m▀[38;2;121;188;197;48;2;80;144;154m▀[38;2;118;186;194;48;2;76;141;151m▀[38;2;113;181;192;48;2;78;138;149m▀[38;2;107;178;187;48;2;78;138;148m▀[38;2;101;175;183;48;2;74;134;142m▀[38;2;97;171;179;48;2;73;133;143m▀[38;2;95;167;175;48;2;71;128;136m▀[38;2;93;164;172;48;2;69;124;131m▀[38;2;93;161;169;48;2;67;125;131m▀[0m
[38;2;42;53;61;48;2;43;50;52m▀[38;2;44;52;56;48;2;39;46;49m▀[38;2;46;72;80;48;2;41;47;53m▀[38;2;55;96;103;48;2;41;49;53m▀[38;2;47;65;68;48;2;41;48;52m▀[38;2;54;82;90;48;2;43;56;62m▀[38;2;64;121;130;48;2;47;70;76m▀[38;2;55;110;117;48;2;45;76;82m▀[38;2;70;137;148;48;2;50;93;100m▀[38;2;124;154;165;48;2;126;139;150m▀[38;2;173;170;175;48;2;166;166;172m▀[38;2;164;169;177;48;2;157;160;172m▀[38;2;173;176;186;48;2;176;177;186m▀[38;2;178;182;193;48;2;170;175;186m▀[38;2;162;163;173;48;2;168;168;177m▀[38;2;170;167;171;48;2;159;155;158m▀[38;2;77;73;69;48;2;69;64;62m▀[38;2;49;49;51;48;2;50;50;53m▀[38;2;52;53;60;48;2;62;63;70m▀[38;2;74;72;75;48;2;85;85;88m▀[38;2;173;154;127;48;2;163;144;119m▀[38;2;141;127;111;48;2;130;116;102m▀[38;2;141;121;104;48;2;139;129;119m▀[38;2;178;168;156;48;2;125;143;137m▀[38;2;139;137;139;48;2;80;102;103m▀[38;2;100;121;119;48;2;56;90;90m▀[38;2;94;141;141;48;2;84;91;91m▀[38;2;62;82;82;48;2;106;106;103m▀[38;2;56;60;60;48;2;74;73;69m▀[38;2;145;138;130;48;2;172;151;129m▀[38;2;75;75;79;48;2;96;84;80m▀[38;2;56;63;63;48;2;83;81;81m▀[38;2;77;116;112;48;2;100;105;105m▀[38;2;69;123;120;48;2;45;65;65m▀[38;2;138;142;142;48;2;80;103;102m▀[38;2;159;152;148;48;2;71;97;95m▀[38;2;112;102;92;48;2;107;107;104m▀[38;2;144;130;116;48;2;131;120;109m▀[38;2;128;112;104;48;2;142;123;108m▀[38;2;68;70;71;48;2;85;85;88m▀[38;2;63;65;65;48;2;73;71;75m▀[38;2;91;86;83;48;2;88;84;84m▀[38;2;86;81;80;48;2;88;85;83m▀[38;2;126;120;120;48;2;117;114;113m▀[38;2;154;145;146;48;2;154;148;149m▀[38;2;139;131;137;48;2;144;137;142m▀[38;2;132;128;132;48;2;135;131;135m▀[38;2;120;113;116;48;2;119;115;119m▀[38;2;110;122;125;48;2;119;115;119m▀[38;2;60;133;139;48;2;52;115;122m▀[38;2;51;109;117;48;2;27;50;58m▀[38;2;57;126;131;48;2;41;92;96m▀[38;2;54;116;125;48;2;41;87;95m▀[38;2;53;113;120;48;2;32;57;53m▀[38;2;55;118;124;48;2;51;106;113m▀[38;2;50;99;103;48;2;32;36;39m▀[38;2;54;113;117;48;2;45;92;96m▀[38;2;47;98;103;48;2;26;46;53m▀[0m
[38;2;129;131;128;48;2;209;209;209m▀[38;2;75;81;78;48;2;145;148;143m▀[38;2;72;77;74;48;2;205;203;205m▀[38;2;61;67;66;48;2;140;145;138m▀[38;2;49;56;57;48;2;173;173;173m▀[38;2;42;50;53;48;2;99;105;101m▀[38;2;35;42;46;48;2;48;56;58m▀[38;2;38;46;48;48;2;70;79;71m▀[38;2;30;38;44;48;2;40;49;56m▀[38;2;137;136;148;48;2;151;148;157m▀[38;2;161;161;167;48;2;160;160;171m▀[38;2;154;158;171;48;2;153;158;169m▀[38;2;176;176;186;48;2;170;172;183m▀[38;2;169;171;184;48;2;162;168;177m▀[38;2;173;173;180;48;2;181;179;185m▀[38;2;198;197;189;48;2;225;225;209m▀[38;2;172;167;157;48;2;221;217;198m▀[38;2;108;106;94;48;2;116;111;92m▀[38;2;73;71;78;48;2;75;76;82m▀[38;2;106;104;107;48;2;110;110;114m▀[38;2;152;133;112;48;2;133;120;103m▀[38;2;121;108;98;48;2;103;102;91m▀[38;2;153;143;139;48;2;92;109;109m▀[38;2;125;123;122;48;2;75;100;100m▀[38;2;69;111;110;48;2;91;115;113m▀[38;2;88;97;89;48;2;141;131;116m▀[38;2;105;99;91;48;2;121;108;93m▀[38;2;144;126;111;48;2;162;142;118m▀[38;2;107;105;96;48;2;165;161;145m▀[38;2;179;159;135;48;2;142;142;129m▀[38;2;113;97;81;48;2;116;122;117m▀[38;2;109;105;102;48;2;157;155;145m▀[38;2;135;118;107;48;2;120;107;99m▀[38;2;96;93;88;48;2;102;94;87m▀[38;2;93;117;113;48;2;112;112;107m▀[38;2;90;113;113;48;2;50;90;86m▀[38;2;146;146;148;48;2;94;98;101m▀[38;2;118;109;102;48;2;79;78;74m▀[38;2;142;126;109;48;2;137;122;108m▀[38;2;95;93;97;48;2;95;93;98m▀[38;2;79;79;82;48;2;82;79;84m▀[38;2;86;84;84;48;2;83;80;82m▀[38;2;99;95;94;48;2;119;116;112m▀[38;2;148;148;144;48;2;214;214;201m▀[38;2;179;177;175;48;2;216;216;202m▀[38;2;152;146;150;48;2;167;165;165m▀[38;2;137;133;138;48;2;138;134;139m▀[38;2;116;112;118;48;2;115;113;120m▀[38;2;133;123;123;48;2;131;120;121m▀[38;2;29;36;42;48;2;53;59;60m▀[38;2;13;24;27;48;2;22;35;31m▀[38;2;13;24;26;48;2;27;43;36m▀[38;2;47;55;45;48;2;61;83;59m▀[38;2;29;34;35;48;2;48;46;46m▀[38;2;22;26;30;48;2;30;30;32m▀[38;2;21;28;30;48;2;22;25;28m▀[38;2;28;38;46;48;2;38;46;56m▀[38;2;16;21;29;48;2;20;23;28m▀[0m
[38;2;205;207;204;48;2;193;193;188m▀[38;2;211;211;211;48;2;198;198;189m▀[38;2;213;213;212;48;2;194;192;186m▀[38;2;214;216;214;48;2;190;187;184m▀[38;2;208;210;206;48;2;168;167;162m▀[38;2;136;142;134;48;2;115;118;114m▀[38;2;96;106;96;48;2;85;91;86m▀[38;2;121;133;103;48;2;112;152;122m▀[38;2;106;119;96;48;2;104;165;152m▀[38;2;150;147;157;48;2;152;152;162m▀[38;2;156;158;169;48;2;154;156;167m▀[38;2;148;150;162;48;2;149;153;166m▀[38;2;163;165;176;48;2;164;165;175m▀[38;2;154;156;166;48;2;148;148;160m▀[38;2;187;188;193;48;2;163;167;181m▀[38;2;213;217;209;48;2;126;136;148m▀[38;2;201;205;198;48;2;102;111;128m▀[38;2;87;87;81;48;2;78;83;88m▀[38;2;75;77;84;48;2;75;75;81m▀[38;2;112;110;114;48;2;107;105;110m▀[38;2;121;108;97;48;2;106;99;90m▀[38;2;112;104;89;48;2;125;110;93m▀[38;2;86;110;107;48;2;136;126;112m▀[38;2;79;103;101;48;2;114;117;110m▀[38;2;145;138;133;48;2;136;130;124m▀[38;2;146;130;109;48;2;144;133;121m▀[38;2;108;100;90;48;2;108;107;98m▀[38;2;158;158;143;48;2;138;131;119m▀[38;2;128;124;119;48;2;126;126;116m▀[38;2;116;122;118;48;2;92;95;91m▀[38;2;131;129;118;48;2;82;82;75m▀[38;2;115;109;106;48;2;116;119;113m▀[38;2;124;123;118;48;2;122;118;111m▀[38;2;99;97;96;48;2;99;105;102m▀[38;2;98;92;91;48;2;123;129;125m▀[38;2;134;147;149;48;2;124;126;126m▀[38;2;68;97;97;48;2;88;100;102m▀[38;2;90;86;78;48;2;99;92;85m▀[38;2;130;117;106;48;2;120;108;100m▀[38;2;94;95;99;48;2;94;94;98m▀[38;2;84;82;87;48;2;83;84;92m▀[38;2;75;73;73;48;2;72;74;75m▀[38;2;97;97;99;48;2;92;93;97m▀[38;2;197;202;192;48;2;140;152;162m▀[38;2;209;214;206;48;2;137;149;164m▀[38;2;174;174;174;48;2;147;155;169m▀[38;2;138;134;140;48;2;135;131;136m▀[38;2;118;115;122;48;2;124;121;127m▀[38;2;124;116;120;48;2;116;110;114m▀[38;2;88;99;87;48;2;101;101;97m▀[38;2;64;87;57;48;2;83;102;67m▀[38;2;64;91;59;48;2;61;82;60m▀[38;2;54;76;56;48;2;53;76;54m▀[38;2;66;62;58;48;2;73;70;61m▀[38;2;41;39;40;48;2;64;56;54m▀[38;2;26;24;27;48;2;34;30;32m▀[38;2;41;49;57;48;2;53;55;60m▀[38;2;24;24;29;48;2;54;57;62m▀[0m
[38;2;129;132;144;48;2;61;60;65m▀[38;2;157;154;153;48;2;102;97;97m▀[38;2;184;180;164;48;2;170;167;138m▀[38;2;132;115;109;48;2;137;118;118m▀[38;2;70;65;63;48;2;55;52;52m▀[38;2;57;54;53;48;2;64;57;60m▀[38;2;58;62;65;48;2;47;51;53m▀[38;2;79;135;127;48;2;164;145;146m▀[38;2;92;138;138;48;2;152;156;169m▀[38;2;151;149;159;48;2;147;157;176m▀[38;2;140;143;155;48;2;143;155;176m▀[38;2;160;161;173;48;2;145;156;178m▀[38;2;157;159;168;48;2;143;155;176m▀[38;2;134;133;146;48;2;137;149;170m▀[38;2;135;135;146;48;2;141;154;178m▀[38;2;95;103;114;48;2;140;153;175m▀[38;2;68;71;74;48;2;133;146;167m▀[38;2;51;54;58;48;2;95;102;112m▀[38;2;72;74;80;48;2;82;84;97m▀[38;2;102;100;104;48;2;91;94;104m▀[38;2;87;83;83;48;2;70;73;77m▀[38;2;123;111;97;48;2;116;107;97m▀[38;2;126;119;114;48;2;80;80;84m▀[38;2;101;96;90;48;2;83;89;90m▀[38;2;90;90;86;48;2;129;114;103m▀[38;2;115;111;111;48;2;64;64;71m▀[38;2;87;85;84;48;2;77;81;83m▀[38;2;100;100;94;48;2;126;121;110m▀[38;2;141;137;128;48;2;134;127;118m▀[38;2;105;111;108;48;2;92;98;98m▀[38;2;112;117;115;48;2;96;102;101m▀[38;2;122;125;123;48;2;119;119;115m▀[38;2;81;86;86;48;2;101;105;102m▀[38;2;85;90;85;48;2;82;94;95m▀[38;2;131;143;141;48;2;79;82;82m▀[38;2;83;85;82;48;2;120;112;104m▀[38;2;108;103;98;48;2;71;68;67m▀[38;2;89;82;81;48;2;70;68;67m▀[38;2;109;102;91;48;2;91;83;79m▀[38;2;87;88;94;48;2;88;94;103m▀[38;2;75;76;85;48;2;93;101;110m▀[38;2;67;69;72;48;2;88;97;106m▀[38;2;77;75;78;48;2;93;101;109m▀[38;2;73;76;79;48;2;101;106;117m▀[38;2;78;90;99;48;2;108;116;131m▀[38;2;133;134;143;48;2;111;122;139m▀[38;2;134;129;134;48;2;113;122;139m▀[38;2;125;122;131;48;2;111;121;139m▀[38;2;112;108;113;48;2;109;120;137m▀[38;2;115;111;111;48;2;111;122;143m▀[38;2;89;101;84;48;2;110;122;143m▀[38;2;70;88;72;48;2;106;118;135m▀[38;2;53;71;57;48;2;82;94;100m▀[38;2;69;69;60;48;2;65;72;68m▀[38;2;79;64;61;48;2;84;67;63m▀[38;2;66;54;53;48;2;79;65;60m▀[38;2;90;84;83;48;2;73;65;61m▀[38;2;91;86;85;48;2;93;84;82m▀[0m
[38;2;73;91;107;48;2;73;96;115m▀[38;2;55;45;44;48;2;53;57;61m▀[38;2;112;103;101;48;2;97;87;92m▀[38;2;106;90;92;48;2;65;61;65m▀[38;2;43;44;50;48;2;42;51;67m▀[38;2;61;62;73;48;2;41;51;68m▀[38;2;92;90;102;48;2;60;70;85m▀[38;2;118;126;144;48;2;83;93;106m▀[38;2;115;124;146;48;2;79;88;103m▀[38;2;117;127;150;48;2;79;90;105m▀[38;2;121;132;154;48;2;78;89;104m▀[38;2;122;133;156;48;2;76;88;103m▀[38;2;123;135;159;48;2;74;87;103m▀[38;2;118;132;156;48;2;78;89;107m▀[38;2;123;135;159;48;2;82;93;109m▀[38;2;125;137;161;48;2;83;95;112m▀[38;2;128;140;165;48;2;87;99;115m▀[38;2;121;131;150;48;2;67;76;88m▀[38;2;70;73;82;48;2;53;57;62m▀[38;2;79;82;95;48;2;57;62;67m▀[38;2;62;66;71;48;2;48;50;57m▀[38;2;90;84;77;48;2;71;79;82m▀[38;2;116;119;117;48;2;115;117;113m▀[38;2;98;104;105;48;2;84;88;89m▀[38;2;109;103;93;48;2;93;88;82m▀[38;2;119;119;115;48;2;116;108;101m▀[38;2;98;100;100;48;2;80;77;74m▀[38;2;112;104;97;48;2;108;97;88m▀[38;2;134;122;112;48;2;122;111;101m▀[38;2;88;91;88;48;2;77;77;75m▀[38;2;101;98;93;48;2;93;91;82m▀[38;2;118;115;112;48;2;122;121;116m▀[38;2;102;104;98;48;2;98;98;93m▀[38;2;84;97;98;48;2;75;78;76m▀[38;2;124;137;138;48;2;118;115;111m▀[38;2;112;104;94;48;2;91;88;87m▀[38;2;103;97;90;48;2;89;92;93m▀[38;2;82;82;82;48;2;88;91;95m▀[38;2;57;52;52;48;2;41;43;46m▀[38;2;84;95;106;48;2;73;80;90m▀[38;2;88;100;113;48;2;76;88;96m▀[38;2;88;97;111;48;2;75;85;95m▀[38;2;88;92;101;48;2;75;82;91m▀[38;2;84;85;95;48;2;75;79;89m▀[38;2;93;97;114;48;2;86;94;104m▀[38;2;90;96;112;48;2;89;98;113m▀[38;2;87;92;107;48;2;90;98;114m▀[38;2;81;86;101;48;2;88;98;114m▀[38;2;78;87;100;48;2;90;100;117m▀[38;2;72;81;95;48;2;89;99;116m▀[38;2;72;81;94;48;2;88;98;114m▀[38;2;72;79;92;48;2;84;94;110m▀[38;2;67;73;86;48;2;83;91;107m▀[38;2;60;66;73;48;2;81;90;103m▀[38;2;61;57;57;48;2;63;63;67m▀[38;2;93;94;88;48;2;115;119;108m▀[38;2;158;153;149;48;2;147;136;131m▀[38;2;147;136;139;48;2;133;118;122m▀[0m
[38;2;71;83;101;48;2;34;34;42m▀[38;2;42;46;53;48;2;25;31;44m▀[38;2;61;62;71;48;2;33;39;50m▀[38;2;36;41;54;48;2;26;31;42m▀[38;2;29;35;47;48;2;22;27;37m▀[38;2;35;44;61;48;2;27;32;45m▀[38;2;83;87;108;48;2;31;37;50m▀[38;2;85;93;112;48;2;44;44;54m▀[38;2;88;94;116;48;2;42;43;49m▀[38;2;91;99;119;48;2;40;43;46m▀[38;2;90;97;119;48;2;42;42;48m▀[38;2;93;102;124;48;2;40;43;47m▀[38;2;96;106;127;48;2;42;43;52m▀[38;2;97;104;126;48;2;46;50;56m▀[38;2;96;104;125;48;2;48;52;59m▀[38;2;97;106;127;48;2;51;52;60m▀[38;2;99;109;131;48;2;51;52;60m▀[38;2;93;99;114;48;2;40;43;47m▀[38;2;54;56;65;48;2;36;39;42m▀[38;2;46;47;54;48;2;29;30;34m▀[38;2;27;30;35;48;2;21;22;27m▀[38;2;44;59;69;48;2;36;43;47m▀[38;2;73;78;79;48;2;85;82;80m▀[38;2;87;90;95;48;2;78;76;76m▀[38;2;88;95;98;48;2;67;71;72m▀[38;2;109;103;101;48;2;70;76;79m▀[38;2;93;99;101;48;2;68;73;77m▀[38;2;96;102;104;48;2;90;106;114m▀[38;2;94;107;110;48;2;57;68;73m▀[38;2;100;113;114;48;2;60;71;75m▀[38;2;96;107;111;48;2;58;64;66m▀[38;2;91;106;113;48;2;95;95;91m▀[38;2;87;99;102;48;2;83;105;117m▀[38;2;80;92;94;48;2;58;77;86m▀[38;2;90;100;101;48;2;66;74;77m▀[38;2;105;109;105;48;2;66;70;70m▀[38;2;75;82;90;48;2;75;78;80m▀[38;2;49;54;59;48;2;68;68;73m▀[38;2;31;34;38;48;2;33;36;41m▀[38;2;31;35;37;48;2;25;29;31m▀[38;2;42;46;51;48;2;42;45;50m▀[38;2;49;54;59;48;2;53;58;65m▀[38;2;54;57;65;48;2;54;57;65m▀[38;2;58;59;70;48;2;52;52;60m▀[38;2;65;68;77;48;2;48;51;55m▀[38;2;70;72;84;48;2;45;47;48m▀[38;2;65;68;78;48;2;43;45;46m▀[38;2;59;62;72;48;2;46;47;52m▀[38;2;55;57;66;48;2;50;54;56m▀[38;2;53;56;65;48;2;50;52;55m▀[38;2;50;52;60;48;2;48;51;53m▀[38;2;46;49;53;48;2;49;52;57m▀[38;2;42;43;48;48;2;53;57;60m▀[38;2;45;48;52;48;2;62;59;59m▀[38;2;49;49;51;48;2;56;50;49m▀[38;2;96;97;89;48;2;62;59;57m▀[38;2;136;126;120;48;2;112;101;96m▀[38;2;107;93;98;48;2;130;111;114m▀[0m
[38;2;21;28;39;48;2;15;21;39m▀[38;2;20;28;43;48;2;54;48;60m▀[38;2;103;88;87;48;2;101;86;82m▀[38;2;46;45;48;48;2;29;32;39m▀[38;2;26;32;45;48;2;25;31;44m▀[38;2;25;34;47;48;2;26;32;45m▀[38;2;27;34;50;48;2;23;29;41m▀[38;2;73;78;91;48;2;59;58;66m▀[38;2;69;74;89;48;2;51;52;58m▀[38;2;68;73;87;48;2;44;48;54m▀[38;2;69;77;91;48;2;49;51;58m▀[38;2;71;79;94;48;2;50;50;59m▀[38;2;73;82;97;48;2;49;51;59m▀[38;2;78;88;105;48;2;50;53;62m▀[38;2;78;86;101;48;2;51;55;63m▀[38;2;80;89;103;48;2;49;52;61m▀[38;2;69;76;85;48;2;36;36;43m▀[38;2;41;46;48;48;2;41;39;44m▀[38;2;37;41;42;48;2;41;43;48m▀[38;2;22;27;29;48;2;39;44;52m▀[38;2;26;33;40;48;2;46;48;60m▀[38;2;33;41;46;48;2;47;56;66m▀[38;2;72;71;67;48;2;67;72;79m▀[38;2;89;83;76;48;2;75;79;87m▀[38;2;89;86;83;48;2;78;79;87m▀[38;2;92;94;92;48;2;74;87;98m▀[38;2;87;91;89;48;2;82;91;98m▀[38;2;95;99;96;48;2;93;105;115m▀[38;2;89;96;96;48;2;88;97;109m▀[38;2;85;92;95;48;2;78;90;99m▀[38;2;91;97;98;48;2;90;100;107m▀[38;2;112;110;98;48;2;98;107;113m▀[38;2;91;96;93;48;2;98;102;102m▀[38;2;80;86;86;48;2;81;86;92m▀[38;2;93;99;99;48;2;86;93;100m▀[38;2;108;116;112;48;2;91;102;112m▀[38;2;83;85;85;48;2;72;79;89m▀[38;2;63;61;65;48;2;65;71;78m▀[38;2;43;44;49;48;2;62;64;74m▀[38;2;35;41;45;48;2;56;62;73m▀[38;2;37;40;45;48;2;59;65;77m▀[38;2;47;48;53;48;2;66;71;81m▀[38;2;43;45;49;48;2;65;67;73m▀[38;2;44;45;51;48;2;62;63;68m▀[38;2;50;53;58;48;2;55;59;62m▀[38;2;61;62;69;48;2;45;47;52m▀[38;2;59;60;68;48;2;51;56;63m▀[38;2;60;61;68;48;2;56;60;68m▀[38;2;60;62;71;48;2;61;65;72m▀[38;2;56;59;68;48;2;62;66;73m▀[38;2;51;53;61;48;2;61;65;74m▀[38;2;50;50;59;48;2;57;61;70m▀[38;2;50;50;56;48;2;58;55;61m▀[38;2;62;49;51;48;2;60;47;47m▀[38;2;53;42;42;48;2;53;41;44m▀[38;2;54;42;42;48;2;53;40;42m▀[38;2;79;64;64;48;2;58;52;51m▀[38;2;116;97;99;48;2;74;55;56m▀[0m
[38;2;16;20;38;48;2;20;22;30m▀[38;2;83;68;69;48;2;88;71;70m▀[38;2;59;51;51;48;2;32;33;39m▀[38;2;24;29;38;48;2;22;28;39m▀[38;2;24;29;40;48;2;18;23;32m▀[38;2;19;25;35;48;2;18;24;31m▀[38;2;19;22;32;48;2;38;35;43m▀[38;2;86;83;89;48;2;93;91;97m▀[38;2;76;79;91;48;2;77;77;88m▀[38;2;82;86;100;48;2;84;84;94m▀[38;2;87;89;103;48;2;88;89;103m▀[38;2;88;90;104;48;2;86;88;102m▀[38;2;90;92;107;48;2;89;91;107m▀[38;2;90;91;108;48;2;91;92;109m▀[38;2;89;91;106;48;2;88;88;100m▀[38;2;78;80;94;48;2;69;71;82m▀[38;2;45;43;47;48;2;52;49;54m▀[38;2;51;49;54;48;2;50;51;60m▀[38;2;51;56;66;48;2;59;65;81m▀[38;2;56;64;74;48;2;69;78;94m▀[38;2;66;73;87;48;2;84;93;115m▀[38;2;75;85;99;48;2;93;104;127m▀[38;2;87;94;109;48;2;98;110;133m▀[38;2;93;103;117;48;2;103;113;137m▀[38;2;98;107;120;48;2;106;114;139m▀[38;2;99;110;125;48;2;107;115;139m▀[38;2;103;114;129;48;2;109;117;141m▀[38;2;110;119;136;48;2;107;115;140m▀[38;2;110;119;135;48;2;108;115;139m▀[38;2;109;118;134;48;2;108;114;136m▀[38;2;112;121;138;48;2;106;114;135m▀[38;2;114;122;138;48;2;103;110;131m▀[38;2;113;122;137;48;2;101;109;128m▀[38;2;108;118;134;48;2;103;106;126m▀[38;2;111;118;135;48;2;96;100;119m▀[38;2;109;120;136;48;2;94;99;117m▀[38;2;105;113;130;48;2;91;95;114m▀[38;2;102;110;127;48;2;87;92;110m▀[38;2;98;107;123;48;2;85;89;108m▀[38;2;93;103;118;48;2;81;86;102m▀[38;2;90;96;111;48;2;79;83;98m▀[38;2;87;91;106;48;2;73;80;94m▀[38;2;89;95;107;48;2;67;70;84m▀[38;2;74;79;87;48;2;66;70;79m▀[38;2;72;74;82;48;2;72;74;83m▀[38;2;60;61;67;48;2;69;70;77m▀[38;2;72;78;87;48;2;70;75;85m▀[38;2;82;83;92;48;2;85;88;98m▀[38;2;81;83;93;48;2;78;78;88m▀[38;2;77;81;89;48;2;54;54;61m▀[38;2;78;79;87;48;2;65;65;74m▀[38;2;73;74;83;48;2;76;77;85m▀[38;2;61;60;69;48;2;69;69;76m▀[38;2;51;41;44;48;2;52;44;44m▀[38;2;54;41;43;48;2;53;43;44m▀[38;2;49;40;41;48;2;47;41;43m▀[38;2;61;56;53;48;2;31;29;35m▀[38;2;89;31;32;48;2;68;57;72m▀[0m
