[38;2;5;5;12;48;2;11;12;15m▀[38;2;8;8;12;48;2;22;30;22m▀[38;2;22;31;22;48;2;41;51;36m▀[38;2;24;33;24;48;2;42;52;36m▀[38;2;20;27;19;48;2;25;34;20m▀[38;2;14;22;16;48;2;16;29;15m▀[38;2;14;22;18;48;2;14;29;18m▀[38;2;14;22;19;48;2;12;23;19m▀[38;2;14;23;19;48;2;6;20;18m▀[38;2;8;22;17;48;2;4;21;18m▀[38;2;4;19;17;48;2;3;19;17m▀[38;2;0;13;17;48;2;2;15;16m▀[38;2;3;14;19;48;2;15;28;32m▀[38;2;6;20;23;48;2;13;21;25m▀[38;2;7;23;23;48;2;3;13;21m▀[38;2;11;31;25;48;2;18;38;38m▀[38;2;33;60;60;48;2;34;59;69m▀[38;2;28;54;65;48;2;20;44;57m▀[38;2;23;36;30;48;2;15;31;31m▀[38;2;43;47;42;48;2;37;43;38m▀[38;2;45;47;45;48;2;42;45;45m▀[38;2;43;48;55;48;2;50;55;63m▀[38;2;78;62;65;48;2;103;83;86m▀[38;2;111;86;83;48;2;137;109;107m▀[38;2;114;89;88;48;2;138;111;110m▀[38;2;91;75;78;48;2;101;86;90m▀[38;2;33;41;53;48;2;37;52;58m▀[38;2;19;35;22;48;2;34;58;35m▀[38;2;32;58;24;48;2;36;64;28m▀[38;2;38;68;35;48;2;30;59;38m▀[38;2;26;51;48;48;2;26;54;56m▀[38;2;10;17;30;48;2;18;38;41m▀[38;2;19;19;24;48;2;28;43;41m▀[38;2;46;61;36;48;2;59;81;46m▀[38;2;73;98;61;48;2;114;144;69m▀[38;2;118;143;81;48;2;153;174;107m▀[38;2;134;161;88;48;2;151;174;106m▀[38;2;96;125;56;48;2;95;123;51m▀[38;2;50;74;50;48;2;50;74;38m▀[38;2;22;43;47;48;2;28;52;42m▀[38;2;22;39;48;48;2;35;50;47m▀[38;2;25;41;47;48;2;34;49;55m▀[38;2;25;41;54;48;2;22;40;58m▀[38;2;21;40;55;48;2;20;39;54m▀[38;2;23;37;46;48;2;24;39;48m▀[38;2;37;51;62;48;2;32;50;65m▀[38;2;42;57;67;48;2;29;48;62m▀[38;2;59;61;51;48;2;30;42;33m▀[38;2;60;59;43;48;2;43;53;32m▀[38;2;40;47;37;48;2;55;60;47m▀[38;2;79;73;65;48;2;85;78;70m▀[38;2;93;82;72;48;2;99;86;74m▀[38;2;92;83;79;48;2;95;85;82m▀[38;2;98;91;97;48;2;100;93;99m▀[38;2;94;89;93;48;2;95;89;93m▀[38;2;81;72;68;48;2;79;70;65m▀[38;2;67;55;42;48;2;68;57;44m▀[38;2;50;42;33;48;2;53;46;33m▀[0m
[38;2;30;36;30;48;2;31;39;31m▀[38;2;32;41;31;48;2;24;33;25m▀[38;2;41;52;36;48;2;28;39;26m▀[38;2;45;55;38;48;2;32;44;29m▀[38;2;33;45;27;48;2;25;40;25m▀[38;2;13;29;16;48;2;12;28;18m▀[38;2;6;24;17;48;2;2;15;15m▀[38;2;6;20;21;48;2;15;32;36m▀[38;2;2;16;17;48;2;8;23;24m▀[38;2;0;16;17;48;2;4;20;14m▀[38;2;0;13;16;48;2;9;21;16m▀[38;2;13;23;23;48;2;32;40;34m▀[38;2;34;44;50;48;2;35;48;54m▀[38;2;45;48;40;48;2;59;62;48m▀[38;2;10;18;20;48;2;24;35;24m▀[38;2;21;43;47;48;2;12;30;34m▀[38;2;29;53;67;48;2;26;54;68m▀[38;2;19;41;54;48;2;26;50;66m▀[38;2;18;37;47;48;2;26;44;49m▀[38;2;27;35;32;48;2;23;31;29m▀[38;2;33;45;45;48;2;25;33;35m▀[38;2;41;54;67;48;2;30;50;63m▀[38;2;99;82;88;48;2;67;62;68m▀[38;2;134;106;105;48;2;98;76;74m▀[38;2;125;100;98;48;2;89;74;72m▀[38;2;88;77;77;48;2;62;68;73m▀[38;2;45;68;66;48;2;45;74;72m▀[38;2;42;69;38;48;2;38;70;43m▀[38;2;30;58;26;48;2;32;60;29m▀[38;2;28;53;38;48;2;26;51;35m▀[38;2;24;54;37;48;2;13;36;35m▀[38;2;12;33;31;48;2;7;26;22m▀[38;2;19;36;36;48;2;23;44;23m▀[38;2;57;79;43;48;2;52;79;42m▀[38;2;113;142;71;48;2;83;110;60m▀[38;2;135;158;83;48;2;99;123;63m▀[38;2;118;144;67;48;2;76;102;46m▀[38;2;76;101;46;48;2;46;71;35m▀[38;2;42;65;46;48;2;36;59;49m▀[38;2;23;43;41;48;2;30;54;45m▀[38;2;32;48;53;48;2;37;58;56m▀[38;2;29;46;58;48;2;29;51;61m▀[38;2;21;41;61;48;2;25;46;64m▀[38;2;25;43;55;48;2;30;46;54m▀[38;2;30;48;59;48;2;34;53;65m▀[38;2;30;49;62;48;2;29;48;62m▀[38;2;21;39;55;48;2;21;40;56m▀[38;2;18;28;29;48;2;20;31;34m▀[38;2;43;52;34;48;2;35;51;36m▀[38;2;61;65;52;48;2;57;73;51m▀[38;2;93;86;80;48;2;97;90;82m▀[38;2;104;91;81;48;2;104;92;84m▀[38;2;98;88;83;48;2;103;93;92m▀[38;2;104;95;104;48;2;112;106;115m▀[38;2;101;94;102;48;2;105;99;108m▀[38;2;80;72;68;48;2;86;78;74m▀[38;2;69;57;44;48;2;71;59;45m▀[38;2;58;50;35;48;2;59;50;36m▀[0m
[38;2;17;24;20;48;2;14;21;17m▀[38;2;12;23;15;48;2;30;40;26m▀[38;2;19;32;29;48;2;28;42;43m▀[38;2;8;21;21;48;2;5;15;20m▀[38;2;7;17;16;48;2;2;7;12m▀[38;2;3;15;15;48;2;0;9;15m▀[38;2;4;17;19;48;2;12;23;23m▀[38;2;20;39;47;48;2;22;43;53m▀[38;2;27;47;33;48;2;31;54;36m▀[38;2;30;54;20;48;2;40;65;28m▀[38;2;27;48;17;48;2;36;61;24m▀[38;2;39;53;43;48;2;32;54;44m▀[38;2;32;53;60;48;2;27;52;66m▀[38;2;42;56;38;48;2;19;43;36m▀[38;2;20;40;19;48;2;16;36;15m▀[38;2;12;28;22;48;2;21;36;24m▀[38;2;35;64;74;48;2;40;64;74m▀[38;2;25;48;63;48;2;27;50;67m▀[38;2;27;36;32;48;2;25;38;44m▀[38;2;46;48;41;48;2;38;49;55m▀[38;2;42;47;48;48;2;30;41;51m▀[38;2;36;57;73;48;2;23;44;61m▀[38;2;33;43;56;48;2;12;28;43m▀[38;2;43;43;52;48;2;8;19;27m▀[38;2;38;46;52;48;2;4;17;23m▀[38;2;24;44;57;48;2;27;50;52m▀[38;2;35;65;55;48;2;44;75;57m▀[38;2;46;79;35;48;2;43;73;32m▀[38;2;31;60;25;48;2;31;60;21m▀[38;2;26;52;36;48;2;29;56;34m▀[38;2;23;50;39;48;2;19;40;43m▀[38;2;19;47;18;48;2;13;37;22m▀[38;2;32;60;30;48;2;36;64;32m▀[38;2;49;81;42;48;2;49;79;45m▀[38;2;56;86;51;48;2;51;81;52m▀[38;2;65;90;48;48;2;56;82;44m▀[38;2;53;80;36;48;2;54;81;37m▀[38;2;38;65;32;48;2;43;72;35m▀[38;2;38;65;48;48;2;42;70;47m▀[38;2;32;57;45;48;2;36;62;40m▀[38;2;39;63;51;48;2;33;59;38m▀[38;2;31;57;49;48;2;27;52;35m▀[38;2;28;50;58;48;2;24;45;41m▀[38;2;27;48;53;48;2;26;49;39m▀[38;2;34;55;60;48;2;31;57;40m▀[38;2;30;51;60;48;2;31;55;46m▀[38;2;25;45;59;48;2;38;65;55m▀[38;2;26;35;35;48;2;48;74;50m▀[38;2;42;61;41;48;2;50;76;49m▀[38;2;57;82;56;48;2;58;78;53m▀[38;2;93;89;76;48;2;96;89;77m▀[38;2;105;92;80;48;2;109;95;81m▀[38;2;106;96;94;48;2;111;100;96m▀[38;2;119;113;123;48;2;116;110;118m▀[38;2;108;102;109;48;2;107;99;109m▀[38;2;88;80;76;48;2;92;82;82m▀[38;2;73;61;48;48;2;75;62;49m▀[38;2;58;49;40;48;2;60;53;39m▀[0m
[38;2;60;68;55;48;2;76;82;72m▀[38;2;64;72;63;48;2;70;77;71m▀[38;2;34;47;54;48;2;33;46;57m▀[38;2;5;13;23;48;2;5;13;23m▀[38;2;10;19;14;48;2;28;38;23m▀[38;2;23;32;23;48;2;56;62;52m▀[38;2;26;38;40;48;2;55;63;55m▀[38;2;24;43;60;48;2;32;49;60m▀[38;2;25;46;40;48;2;19;39;42m▀[38;2;31;52;25;48;2;20;36;24m▀[38;2;28;50;25;48;2;21;38;30m▀[38;2;30;51;37;48;2;29;48;48m▀[38;2;31;58;71;48;2;31;52;69m▀[38;2;16;37;43;48;2;18;35;52m▀[38;2;20;36;31;48;2;19;32;49m▀[38;2;32;47;48;48;2;21;40;43m▀[38;2;31;54;68;48;2;21;40;52m▀[38;2;22;44;64;48;2;19;40;61m▀[38;2;33;53;65;48;2;25;47;58m▀[38;2;70;89;105;48;2;79;97;104m▀[38;2;47;62;73;48;2;63;81;96m▀[38;2;25;45;63;48;2;29;49;67m▀[38;2;8;20;38;48;2;9;13;33m▀[38;2;4;10;17;48;2;3;0;15m▀[38;2;15;22;23;48;2;22;25;25m▀[38;2;47;70;54;48;2;52;70;63m▀[38;2;44;75;45;48;2;50;80;53m▀[38;2;19;49;15;48;2;19;45;18m▀[38;2;25;53;18;48;2;25;52;18m▀[38;2;31;58;41;48;2;34;55;40m▀[38;2;29;51;53;48;2;59;76;66m▀[38;2;32;60;29;48;2;48;72;39m▀[38;2;44;74;33;48;2;41;71;32m▀[38;2;47;76;41;48;2;42;70;37m▀[38;2;52;80;52;48;2;53;81;54m▀[38;2;54;81;47;48;2;59;81;48m▀[38;2;62;90;50;48;2;88;108;80m▀[38;2;54;84;44;48;2;132;149;129m▀[38;2;46;75;42;48;2;107;125;106m▀[38;2;34;64;34;48;2;70;92;65m▀[38;2;33;61;31;48;2;41;68;30m▀[38;2;26;51;32;48;2;31;56;27m▀[38;2;24;43;32;48;2;23;49;27m▀[38;2;29;50;34;48;2;32;55;29m▀[38;2;36;61;32;48;2;39;65;33m▀[38;2;46;74;46;48;2;53;82;53m▀[38;2;56;88;61;48;2;58;91;56m▀[38;2;58;90;57;48;2;53;84;52m▀[38;2;52;82;51;48;2;48;76;49m▀[38;2;59;79;51;48;2;61;80;55m▀[38;2;99;92;76;48;2;102;92;77m▀[38;2;116;101;89;48;2;117;101;90m▀[38;2;119;109;106;48;2;111;101;97m▀[38;2;120;113;123;48;2;116;110;121m▀[38;2;109;100;110;48;2;109;99;106m▀[38;2;92;82;78;48;2;94;84;82m▀[38;2;78;65;52;48;2;77;63;50m▀[38;2;64;54;37;48;2;65;53;38m▀[0m
[38;2;66;72;61;48;2;42;45;33m▀[38;2;37;48;39;48;2;32;43;24m▀[38;2;22;39;54;48;2;36;53;62m▀[38;2;18;31;38;48;2;36;47;48m▀[38;2;36;47;31;48;2;37;47;39m▀[38;2;61;68;52;48;2;31;43;40m▀[38;2;59;68;57;48;2;31;46;49m▀[38;2;36;55;67;48;2;21;42;58m▀[38;2;22;41;49;48;2;12;27;41m▀[38;2;21;35;41;48;2;13;27;25m▀[38;2;20;35;44;48;2;17;29;23m▀[38;2;20;36;47;48;2;20;35;37m▀[38;2;19;37;58;48;2;21;41;62m▀[38;2;21;40;58;48;2;24;43;59m▀[38;2;13;27;44;48;2;13;30;30m▀[38;2;16;30;42;48;2;16;35;46m▀[38;2;25;43;58;48;2;29;50;71m▀[38;2;21;43;64;48;2;23;44;63m▀[38;2;29;48;55;48;2;41;58;64m▀[38;2;95;110;117;48;2;99;114;118m▀[38;2;88;103;115;48;2;98;108;119m▀[38;2;47;59;75;48;2;63;72;87m▀[38;2;19;19;35;48;2;36;38;49m▀[38;2;8;2;18;48;2;26;22;25m▀[38;2;16;13;21;48;2;23;17;27m▀[38;2;55;68;65;48;2;50;66;63m▀[38;2;62;89;57;48;2;58;89;47m▀[38;2;32;58;23;48;2;31;55;20m▀[38;2;30;52;21;48;2;38;49;26m▀[38;2;82;88;81;48;2;224;219;218m▀[38;2;105;111;111;48;2;231;232;236m▀[38;2;81;91;77;48;2;222;223;228m▀[38;2;76;88;67;48;2;234;235;239m▀[38;2;116;127;108;48;2;229;232;235m▀[38;2;186;192;184;48;2;233;234;238m▀[38;2;211;214;210;48;2;234;236;238m▀[38;2;222;222;224;48;2;234;234;237m▀[38;2;218;219;224;48;2;228;231;233m▀[38;2;208;212;219;48;2;178;178;192m▀[38;2;180;187;200;48;2;162;164;182m▀[38;2;173;183;187;48;2;160;167;187m▀[38;2;103;117;104;48;2;174;180;199m▀[38;2;33;53;27;48;2;139;147;149m▀[38;2;46;73;39;48;2;47;72;45m▀[38;2;47;79;46;48;2;45;76;47m▀[38;2;46;78;45;48;2;50;82;47m▀[38;2;53;81;49;48;2;49;77;42m▀[38;2;47;75;44;48;2;45;74;41m▀[38;2;49;79;49;48;2;51;76;38m▀[38;2;67;87;56;48;2;74;88;54m▀[38;2;105;94;79;48;2;108;94;76m▀[38;2;117;102;87;48;2;116;100;86m▀[38;2;112;99;91;48;2;117;104;98m▀[38;2;115;105;112;48;2;120;111;117m▀[38;2;110;99;106;48;2;115;104;113m▀[38;2;98;87;86;48;2;99;87;84m▀[38;2;79;64;50;48;2;78;62;47m▀[38;2;66;53;37;48;2;69;54;38m▀[0m
[38;2;31;28;23;48;2;23;31;35m▀[38;2;34;44;38;48;2;20;30;37m▀[38;2;29;47;59;48;2;13;27;47m▀[38;2;36;48;54;48;2;29;33;35m▀[38;2;28;39;41;48;2;41;46;32m▀[38;2;33;46;46;48;2;51;57;45m▀[38;2;28;39;43;48;2;45;54;49m▀[38;2;23;45;61;48;2;28;49;64m▀[38;2;17;35;40;48;2;24;44;43m▀[38;2;14;28;18;48;2;17;30;20m▀[38;2;13;30;17;48;2;8;24;13m▀[38;2;24;40;40;48;2;25;43;43m▀[38;2;25;44;64;48;2;29;48;67m▀[38;2;27;42;54;48;2;40;58;50m▀[38;2;41;57;49;48;2;50;72;72m▀[38;2;25;48;58;48;2;41;70;71m▀[38;2;30;54;73;48;2;35;60;75m▀[38;2;26;44;63;48;2;30;39;52m▀[38;2;38;50;51;48;2;25;29;39m▀[38;2;85;100;100;48;2;54;65;71m▀[38;2;104;115;117;48;2;121;131;130m▀[38;2;63;74;87;48;2;80;91;103m▀[38;2;47;53;70;48;2;51;60;78m▀[38;2;33;36;36;48;2;33;43;45m▀[38;2;22;24;25;48;2;30;43;28m▀[38;2;44;62;54;48;2;38;53;61m▀[38;2;43;66;40;48;2;29;46;48m▀[38;2;24;35;22;48;2;35;48;25m▀[38;2;37;43;27;48;2;44;56;29m▀[38;2;220;214;214;48;2;232;227;227m▀[38;2;242;242;242;48;2;244;244;244m▀[38;2;240;240;242;48;2;232;232;237m▀[38;2;231;234;238;48;2;216;216;227m▀[38;2;214;218;227;48;2;181;183;200m▀[38;2;209;211;222;48;2;167;169;191m▀[38;2;235;236;241;48;2;198;197;212m▀[38;2;229;232;236;48;2;206;209;220m▀[38;2;225;226;232;48;2;184;185;201m▀[38;2;195;198;210;48;2;215;220;227m▀[38;2;161;163;183;48;2;172;174;195m▀[38;2;156;158;179;48;2;158;160;182m▀[38;2;164;168;190;48;2;149;149;170m▀[38;2;189;195;209;48;2;162;162;180m▀[38;2;187;190;193;48;2;133;119;133m▀[38;2;124;140;124;48;2;202;204;212m▀[38;2;44;71;37;48;2;108;119;117m▀[38;2;48;76;43;48;2;49;73;39m▀[38;2;52;82;47;48;2;45;68;30m▀[38;2;50;76;35;48;2;52;75;38m▀[38;2;66;70;43;48;2;68;69;50m▀[38;2;109;93;74;48;2;107;89;69m▀[38;2;115;98;86;48;2;114;93;76m▀[38;2;119;106;103;48;2;120;105;100m▀[38;2;122;114;119;48;2;117;107;107m▀[38;2;114;104;110;48;2;108;98;98m▀[38;2;95;84;80;48;2;92;81;74m▀[38;2;76;61;47;48;2;75;61;45m▀[38;2;68;53;39;48;2;69;55;39m▀[0m
[38;2;73;80;65;48;2;81;91;67m▀[38;2;56;63;53;48;2;64;73;64m▀[38;2;20;34;51;48;2;30;44;59m▀[38;2;29;37;34;48;2;37;50;39m▀[38;2;51;54;34;48;2;72;76;53m▀[38;2;75;72;57;48;2;90;89;73m▀[38;2;74;75;72;48;2;90;88;87m▀[38;2;35;50;66;48;2;38;52;68m▀[38;2;30;49;42;48;2;39;56;49m▀[38;2;21;41;21;48;2;35;56;35m▀[38;2;9;22;12;48;2;22;36;22m▀[38;2;29;42;49;48;2;40;52;59m▀[38;2;35;57;75;48;2;38;57;76m▀[38;2;48;74;57;48;2;40;65;56m▀[38;2;50;78;78;48;2;47;73;81m▀[38;2;50;77;73;48;2;50;77;72m▀[38;2;42;66;81;48;2;42;66;76m▀[38;2;27;40;54;48;2;27;46;51m▀[38;2;26;33;46;48;2;36;53;42m▀[38;2;35;51;63;48;2;46;65;44m▀[38;2;76;88;96;48;2;61;80;72m▀[38;2;88;99;120;48;2;109;121;136m▀[38;2;65;73;92;48;2;123;131;148m▀[38;2;55;64;76;48;2;142;151;162m▀[38;2;53;71;59;48;2;143;163;169m▀[38;2;47;68;65;48;2;104;128;132m▀[38;2;37;61;45;48;2;56;77;61m▀[38;2;43;63;24;48;2;52;74;33m▀[38;2;48;63;29;48;2;63;88;46m▀[38;2;195;192;192;48;2;111;121;101m▀[38;2;218;218;224;48;2;195;196;202m▀[38;2;207;207;218;48;2;168;164;180m▀[38;2;167;162;181;48;2;151;147;164m▀[38;2;158;155;177;48;2;152;147;166m▀[38;2;160;160;182;48;2;150;146;164m▀[38;2;181;182;202;48;2;172;174;196m▀[38;2;192;197;210;48;2;157;154;177m▀[38;2;159;160;182;48;2;147;147;169m▀[38;2;168;165;185;48;2;148;143;162m▀[38;2;162;162;184;48;2;150;146;165m▀[38;2;157;159;181;48;2;162;165;188m▀[38;2;148;145;167;48;2;149;144;166m▀[38;2;136;129;149;48;2;130;121;142m▀[38;2;143;132;148;48;2;164;157;169m▀[38;2;206;208;217;48;2;192;187;196m▀[38;2;175;177;192;48;2;161;161;176m▀[38;2;86;97;90;48;2;119;127;136m▀[38;2;32;50;17;48;2;38;58;18m▀[38;2;48;63;33;48;2;47;69;31m▀[38;2;70;75;52;48;2;63;73;42m▀[38;2;107;89;68;48;2;107;87;67m▀[38;2;112;92;77;48;2;114;96;86m▀[38;2;120;105;102;48;2;124;112;116m▀[38;2;120;110;116;48;2;125;115;124m▀[38;2;110;98;100;48;2;114;102;106m▀[38;2;93;80;73;48;2;97;84;78m▀[38;2;75;59;43;48;2;77;60;42m▀[38;2;69;54;38;48;2;69;54;35m▀[0m
[38;2;74;88;59;48;2;69;84;55m▀[38;2;68;79;67;48;2;61;71;62m▀[38;2;27;40;56;48;2;32;45;57m▀[38;2;53;64;48;48;2;81;94;71m▀[38;2;90;101;72;48;2;117;124;97m▀[38;2;91;97;76;48;2;151;151;136m▀[38;2;77;80;77;48;2;171;171;163m▀[38;2;39;51;68;48;2;169;169;170m▀[38;2;41;52;48;48;2;134;130;120m▀[38;2;36;49;32;48;2;131;128;126m▀[38;2;26;36;25;48;2;35;30;23m▀[38;2;47;51;52;48;2;47;51;53m▀[38;2;41;51;63;48;2;36;50;62m▀[38;2;40;65;50;48;2;47;74;47m▀[38;2;41;69;69;48;2;48;75;50m▀[38;2;40;65;54;48;2;33;54;48m▀[38;2;40;62;62;48;2;30;45;57m▀[38;2;32;50;43;48;2;30;45;41m▀[38;2;53;67;41;48;2;52;70;36m▀[38;2;59;71;40;48;2;50;65;28m▀[38;2;67;80;73;48;2;69;82;72m▀[38;2;115;127;138;48;2;93;109;122m▀[38;2;148;156;169;48;2;113;120;138m▀[38;2;158;168;168;48;2;121;130;131m▀[38;2;152;166;158;48;2;136;146;132m▀[38;2;138;156;160;48;2;135;149;145m▀[38;2;105;125;129;48;2;106;125;136m▀[38;2;75;97;63;48;2;72;86;82m▀[38;2;70;95;43;48;2;53;74;39m▀[38;2;56;80;34;48;2;41;59;31m▀[38;2;88;101;75;48;2;52;66;45m▀[38;2;136;133;138;48;2;163;161;165m▀[38;2;127;121;134;48;2;114;108;112m▀[38;2;135;126;142;48;2;120;112;122m▀[38;2;152;147;163;48;2;129;118;125m▀[38;2;182;179;192;48;2;133;121;127m▀[38;2;229;229;234;48;2;182;172;178m▀[38;2;161;155;172;48;2;239;236;239m▀[38;2;145;141;161;48;2;164;157;170m▀[38;2;146;140;160;48;2;154;153;175m▀[38;2;159;158;180;48;2;164;163;184m▀[38;2;155;154;175;48;2;162;163;185m▀[38;2;135;129;148;48;2;132;125;145m▀[38;2;148;143;156;48;2;122;114;131m▀[38;2;129;116;132;48;2;90;79;104m▀[38;2;184;185;197;48;2;162;153;164m▀[38;2;119;125;136;48;2;133;137;150m▀[38;2;33;52;18;48;2;30;48;28m▀[38;2;38;57;22;48;2;45;65;31m▀[38;2;59;61;37;48;2;66;68;40m▀[38;2;112;92;74;48;2;115;94;75m▀[38;2;116;98;83;48;2;116;98;86m▀[38;2;126;115;116;48;2;120;108;103m▀[38;2;130;123;135;48;2;127;118;127m▀[38;2;119;115;124;48;2;120;115;121m▀[38;2;92;92;78;48;2;87;93;70m▀[38;2;72;83;47;48;2;70;95;46m▀[38;2;68;74;38;48;2;63;88;38m▀[0m
[38;2;66;83;49;48;2;101;122;62m▀[38;2;60;71;62;48;2;71;90;72m▀[38;2;38;52;61;48;2;40;52;64m▀[38;2;126;130;113;48;2;171;168;156m▀[38;2;209;207;201;48;2;221;220;217m▀[38;2;224;222;222;48;2;214;212;208m▀[38;2;224;224;222;48;2;200;197;195m▀[38;2;182;177;174;48;2;185;179;178m▀[38;2;194;186;179;48;2;155;144;139m▀[38;2;153;144;142;48;2;168;160;159m▀[38;2;68;63;51;48;2;105;106;90m▀[38;2;51;60;57;48;2;55;70;64m▀[38;2;34;45;60;48;2;31;42;60m▀[38;2;49;72;43;48;2;49;71;41m▀[38;2;62;87;42;48;2;71;100;51m▀[38;2;70;94;48;48;2;80;111;49m▀[38;2;52;71;52;48;2;71;95;47m▀[38;2;35;53;36;48;2;43;64;39m▀[38;2;51;78;31;48;2;50;79;27m▀[38;2;42;70;23;48;2;51;81;32m▀[38;2;61;86;61;48;2;63;95;53m▀[38;2;76;97;107;48;2;70;91;96m▀[38;2;85;100;117;48;2;82;100;117m▀[38;2;89;100;113;48;2;80;93;113m▀[38;2;115;122;122;48;2;80;88;107m▀[38;2;121;132;134;48;2;99;107;122m▀[38;2;103;118;127;48;2;110;119;132m▀[38;2;88;99;110;48;2;105;113;125m▀[38;2;51;63;58;48;2;63;73;80m▀[38;2;42;56;31;48;2;88;93;88m▀[38;2;150;155;153;48;2;179;184;193m▀[38;2;127;130;131;48;2;53;74;47m▀[38;2;52;70;43;48;2;37;65;30m▀[38;2;146;150;141;48;2;105;119;98m▀[38;2;130;119;120;48;2;173;168;174m▀[38;2;113;104;108;48;2;152;149;154m▀[38;2;123;110;123;48;2;136;129;138m▀[38;2;171;161;170;48;2;153;148;164m▀[38;2;234;234;237;48;2;209;205;212m▀[38;2;159;156;173;48;2;197;197;209m▀[38;2;166;167;190;48;2;164;164;186m▀[38;2;166;168;191;48;2;173;175;198m▀[38;2;140;134;156;48;2;148;145;163m▀[38;2;117;107;124;48;2;132;121;138m▀[38;2;94;87;115;48;2;149;142;161m▀[38;2;131;120;139;48;2;164;155;165m▀[38;2;158;159;167;48;2;171;171;174m▀[38;2;46;59;34;48;2;55;68;33m▀[38;2;41;63;25;48;2;42;65;21m▀[38;2;74;73;47;48;2;89;83;61m▀[38;2;111;88;68;48;2;111;89;70m▀[38;2;117;96;82;48;2;110;93;82m▀[38;2;124;108;105;48;2;107;107;87m▀[38;2;118;117;106;48;2;94;114;78m▀[38;2;98;111;84;48;2;85;110;68m▀[38;2;84;99;61;48;2;75;98;60m▀[38;2;69;89;47;48;2;68;90;54m▀[38;2;60;82;38;48;2;60;77;42m▀[0m
[38;2;81;99;43;48;2;51;67;23m▀[38;2;61;78;63;48;2;58;72;62m▀[38;2;48;59;66;48;2;52;61;66m▀[38;2;152;148;142;48;2;160;157;151m▀[38;2;201;203;201;48;2;214;216;214m▀[38;2;198;197;193;48;2;213;215;215m▀[38;2;211;209;208;48;2;185;181;175m▀[38;2;199;198;197;48;2;159;153;151m▀[38;2;188;185;183;48;2;132;121;115m▀[38;2;204;200;198;48;2;111;101;98m▀[38;2;183;180;178;48;2;104;92;92m▀[38;2;84;91;95;48;2;83;88;82m▀[38;2;35;50;60;48;2;54;80;51m▀[38;2;53;79;44;48;2;62;94;41m▀[38;2;69;98;46;48;2;62;92;41m▀[38;2;70;97;45;48;2;57;84;39m▀[38;2;56;77;42;48;2;50;74;47m▀[38;2;49;67;35;48;2;58;88;44m▀[38;2;52;75;30;48;2;60;90;40m▀[38;2;56;83;40;48;2;63;98;39m▀[38;2;55;84;42;48;2;64;99;37m▀[38;2;52;78;57;48;2;52;85;34m▀[38;2;68;84;97;48;2;53;76;58m▀[38;2;69;79;100;48;2;57;70;79m▀[38;2;57;64;87;48;2;53;64;83m▀[38;2;64;73;92;48;2;51;60;80m▀[38;2;94;100;122;48;2;60;67;90m▀[38;2;94;103;118;48;2;83;90;113m▀[38;2;73;82;92;48;2;89;97;113m▀[38;2;160;164;172;48;2;192;197;210m▀[38;2;112;119;122;48;2;75;87;79m▀[38;2;26;53;18;48;2;43;68;21m▀[38;2;29;56;23;48;2;77;102;44m▀[38;2;44;66;36;48;2;92;118;104m▀[38;2;153;156;147;48;2;77;91;76m▀[38;2;191;188;194;48;2;198;201;203m▀[38;2;150;147;159;48;2;164;161;176m▀[38;2;151;147;165;48;2;166;162;179m▀[38;2;170;163;182;48;2;157;151;174m▀[38;2;221;222;229;48;2;226;223;232m▀[38;2;167;168;188;48;2;168;168;186m▀[38;2;167;169;192;48;2;173;175;198m▀[38;2;146;145;162;48;2;157;160;182m▀[38;2;132;120;137;48;2;117;107;123m▀[38;2;142;131;147;48;2;100;87;98m▀[38;2;154;147;154;48;2;47;60;36m▀[38;2;107;105;95;48;2;27;44;8m▀[38;2;63;59;45;48;2;39;54;18m▀[38;2;55;62;41;48;2;62;74;52m▀[38;2;99;88;77;48;2;97;86;71m▀[38;2;109;93;89;48;2;112;96;95m▀[38;2;125;132;156;48;2;123;142;172m▀[38;2;97;113;96;48;2;95;121;104m▀[38;2;90;112;79;48;2;86;111;70m▀[38;2;89;107;73;48;2;100;111;81m▀[38;2;71;91;51;48;2;72;91;51m▀[38;2;61;84;42;48;2;65;87;47m▀[38;2;60;85;47;48;2;66;87;52m▀[0m
[38;2;38;50;21;48;2;41;55;23m▀[38;2;51;64;63;48;2;55;68;65m▀[38;2;56;63;70;48;2;31;44;50m▀[38;2;118;109;106;48;2;46;59;31m▀[38;2;169;163;156;48;2;144;144;124m▀[38;2;149;141;133;48;2;203;205;202m▀[38;2;124;118;117;48;2;163;161;163m▀[38;2;107;98;101;48;2;102;93;96m▀[38;2;105;94;95;48;2;121;109;113m▀[38;2;114;102;102;48;2;127;116;121m▀[38;2;93;84;89;48;2;125;113;121m▀[38;2;101;99;101;48;2;115;107;107m▀[38;2;77;96;68;48;2;101;96;98m▀[38;2;66;97;42;48;2;97;101;98m▀[38;2;59;92;39;48;2;74;95;63m▀[38;2;58;89;34;48;2;74;104;42m▀[38;2;61;92;37;48;2;96;125;101m▀[38;2;73;105;48;48;2;106;139;139m▀[38;2;63;98;37;48;2;70;107;37m▀[38;2;61;97;35;48;2;58;96;27m▀[38;2;59;94;29;48;2;50;85;16m▀[38;2;51;84;29;48;2;43;76;21m▀[38;2;49;78;35;48;2;37;71;17m▀[38;2;48;71;44;48;2;41;66;23m▀[38;2;48;66;66;48;2;41;68;32m▀[38;2;51;61;81;48;2;43;65;56m▀[38;2;48;57;78;48;2;49;65;77m▀[38;2;60;74;82;48;2;95;119;77m▀[38;2;99;113;98;48;2;186;208;169m▀[38;2;197;202;215;48;2;194;199;211m▀[38;2;188;208;150;48;2;224;237;217m▀[38;2;188;211;143;48;2;229;242;223m▀[38;2;198;221;160;48;2;216;232;202m▀[38;2;162;189;196;48;2;156;183;202m▀[38;2;109;134;130;48;2;115;139;145m▀[38;2;166;173;156;48;2;128;143;101m▀[38;2;184;184;196;48;2;198;198;210m▀[38;2;222;223;231;48;2;223;227;233m▀[38;2;184;183;198;48;2;212;213;223m▀[38;2;215;211;223;48;2;221;222;230m▀[38;2;165;160;181;48;2;181;176;194m▀[38;2;169;172;193;48;2;160;156;175m▀[38;2;162;165;187;48;2;159;160;180m▀[38;2;127;123;139;48;2;138;135;155m▀[38;2;104;94;107;48;2;119;115;133m▀[38;2;51;62;43;48;2;61;72;59m▀[38;2;24;46;5;48;2;20;43;0m▀[38;2;38;68;16;48;2;40;65;15m▀[38;2;79;104;65;48;2;75;95;53m▀[38;2;95;87;68;48;2;91;77;59m▀[38;2;108;103;107;48;2;110;112;132m▀[38;2;119;136;171;48;2;119;133;171m▀[38;2;97;120;112;48;2;99;122;124m▀[38;2;91;110;72;48;2;92;105;71m▀[38;2;94;106;72;48;2;76;97;55m▀[38;2;74;96;49;48;2;78;97;57m▀[38;2;70;94;57;48;2;71;93;47m▀[38;2;59;84;44;48;2;58;84;46m▀[0m
[38;2;71;91;65;48;2;93;111;114m▀[38;2;68;84;73;48;2;65;79;74m▀[38;2;31;48;50;48;2;31;47;46m▀[38;2;53;72;42;48;2;55;69;41m▀[38;2;67;76;41;48;2;46;49;21m▀[38;2;145;142;126;48;2;142;138;118m▀[38;2;118;108;107;48;2;174;169;169m▀[38;2;103;93;97;48;2;146;136;135m▀[38;2;123;113;122;48;2;134;123;130m▀[38;2;131;123;132;48;2;145;136;143m▀[38;2;136;126;133;48;2;138;129;135m▀[38;2;119;110;109;48;2;115;107;106m▀[38;2;98;92;92;48;2;95;89;91m▀[38;2;106;102;107;48;2;105;99;103m▀[38;2;104;104;106;48;2;111;106;110m▀[38;2;89;103;74;48;2;99;99;103m▀[38;2;112;139;131;48;2;128;146;168m▀[38;2;117;143;161;48;2;124;152;174m▀[38;2;60;95;19;48;2;74;109;34m▀[38;2;60;94;7;48;2;70;99;15m▀[38;2;50;85;6;48;2;79;105;26m▀[38;2;52;82;15;48;2;93;123;37m▀[38;2;59;89;24;48;2;90;125;30m▀[38;2;50;80;21;48;2;91;125;56m▀[38;2;43;68;29;48;2;63;90;44m▀[38;2;41;69;36;48;2;41;68;34m▀[38;2;57;83;57;48;2;57;87;60m▀[38;2;82;113;75;48;2;58;85;63m▀[38;2;127;150;114;48;2;96;107;100m▀[38;2;197;202;214;48;2;195;203;216m▀[38;2;229;242;225;48;2;205;218;207m▀[38;2;190;209;156;48;2;191;192;206m▀[38;2;187;202;178;48;2;183;192;209m▀[38;2;152;178;207;48;2;141;159;197m▀[38;2;144;162;185;48;2;134;153;189m▀[38;2;128;131;133;48;2;138;136;161m▀[38;2;190;189;202;48;2;171;171;191m▀[38;2;211;213;224;48;2;192;194;209m▀[38;2;214;216;226;48;2;203;208;220m▀[38;2;227;231;235;48;2;223;227;236m▀[38;2;203;205;217;48;2;212;217;225m▀[38;2;200;201;215;48;2;166;168;184m▀[38;2;166;168;187;48;2;155;150;163m▀[38;2;152;154;176;48;2;143;142;158m▀[38;2;129;129;147;48;2;127;123;141m▀[38;2;80;89;79;48;2;108;110;123m▀[38;2;40;62;0;48;2;34;51;7m▀[38;2;48;69;21;48;2;53;70;21m▀[38;2;69;80;44;48;2;85;101;47m▀[38;2;88;71;66;48;2;100;103;107m▀[38;2;122;129;162;48;2;120;136;170m▀[38;2;121;136;175;48;2;119;134;173m▀[38;2;108;126;149;48;2;119;135;170m▀[38;2;88;101;72;48;2;82;100;89m▀[38;2;73;93;56;48;2;67;94;44m▀[38;2;71;93;58;48;2;63;78;48m▀[38;2;60;72;44;48;2;53;52;34m▀[38;2;59;77;49;48;2;48;47;33m▀[0m
[38;2;97;115;128;48;2;99;116;138m▀[38;2;52;65;69;48;2;43;56;66m▀[38;2;29;43;43;48;2;29;44;37m▀[38;2;41;59;29;48;2;45;67;22m▀[38;2;38;53;18;48;2;63;85;42m▀[38;2;131;132;105;48;2;105;116;79m▀[38;2;191;193;191;48;2;174;172;170m▀[38;2;187;185;184;48;2;171;166;163m▀[38;2;175;171;174;48;2;181;180;178m▀[38;2;161;153;153;48;2;170;162;160m▀[38;2;141;132;132;48;2;126;117;120m▀[38;2;118;109;109;48;2;113;103;104m▀[38;2;116;108;110;48;2;113;105;108m▀[38;2;103;96;102;48;2;104;99;99m▀[38;2;101;94;99;48;2;97;89;92m▀[38;2;95;92;98;48;2;116;113;129m▀[38;2;139;159;185;48;2;145;170;198m▀[38;2;135;159;188;48;2;138;167;197m▀[38;2;80;104;71;48;2;92;104;118m▀[38;2;61;83;23;48;2;41;66;16m▀[38;2;70;97;21;48;2;35;65;10m▀[38;2;78;109;22;48;2;40;72;7m▀[38;2;83;117;31;48;2;58;91;19m▀[38;2;106;136;80;48;2;66;94;39m▀[38;2;86;113;70;48;2;59;82;48m▀[38;2;52;79;46;48;2;56;74;57m▀[38;2;55;75;65;48;2;174;182;194m▀[38;2;108;111;126;48;2;216;221;229m▀[38;2;157;160;177;48;2;177;174;193m▀[38;2;199;202;216;48;2;195;195;209m▀[38;2;196;197;213;48;2;167;161;181m▀[38;2;195;197;209;48;2;184;185;204m▀[38;2;164;175;200;48;2;145;161;193m▀[38;2;133;151;189;48;2;129;146;184m▀[38;2;136;157;192;48;2;138;157;194m▀[38;2;122;123;156;48;2;153;160;188m▀[38;2;157;153;177;48;2;186;188;204m▀[38;2;161;156;179;48;2;190;193;209m▀[38;2;188;196;210;48;2;172;178;193m▀[38;2;165;164;182;48;2;147;144;167m▀[38;2;179;179;195;48;2;148;145;166m▀[38;2;130;129;146;48;2;111;107;122m▀[38;2;165;164;180;48;2;125;121;139m▀[38;2;169;171;188;48;2;160;164;184m▀[38;2;150;152;173;48;2;152;156;177m▀[38;2;130;131;152;48;2;137;138;159m▀[38;2;86;94;96;48;2;124;127;147m▀[38;2;34;51;16;48;2;67;80;69m▀[38;2;42;59;21;48;2;48;61;33m▀[38;2;99;112;126;48;2;84;78;94m▀[38;2;120;136;170;48;2;125;143;173m▀[38;2;118;133;169;48;2;117;136;170m▀[38;2;119;137;169;48;2;109;130;150m▀[38;2;81;97;85;48;2;86;96;81m▀[38;2;60;77;19;48;2;73;60;44m▀[38;2;52;74;21;48;2;48;48;17m▀[38;2;52;51;28;48;2;45;64;13m▀[38;2;50;42;34;48;2;44;61;26m▀[0m
[38;2;109;124;153;48;2;119;136;165m▀[38;2;46;60;73;48;2;73;90;100m▀[38;2;38;53;40;48;2;63;82;45m▀[38;2;55;75;36;48;2;57;77;34m▀[38;2;61;82;37;48;2;61;83;33m▀[38;2;68;90;39;48;2;71;93;35m▀[38;2;113;111;93;48;2;49;66;27m▀[38;2;124;114;111;48;2;78;79;64m▀[38;2;150;141;140;48;2;103;95;93m▀[38;2;127;116;117;48;2;100;92;99m▀[38;2;107;97;99;48;2;97;87;91m▀[38;2;100;88;84;48;2;94;83;85m▀[38;2;95;85;82;48;2;90;79;78m▀[38;2;95;86;87;48;2;114;104;109m▀[38;2;110;102;106;48;2;119;110;114m▀[38;2;139;148;171;48;2;145;163;186m▀[38;2;139;163;195;48;2;133;157;189m▀[38;2;131;159;190;48;2;125;152;184m▀[38;2;113;127;159;48;2;109;123;150m▀[38;2;41;60;34;48;2;50;57;48m▀[38;2;28;59;6;48;2;20;49;1m▀[38;2;23;51;7;48;2;37;66;18m▀[38;2;34;67;12;48;2;21;49;13m▀[38;2;34;64;23;48;2;28;55;29m▀[38;2;29;54;26;48;2;31;54;27m▀[38;2;132;143;139;48;2;127;134;122m▀[38;2;204;209;216;48;2;189;195;199m▀[38;2;211;213;224;48;2;187;189;200m▀[38;2;169;163;180;48;2;167;162;177m▀[38;2;215;219;227;48;2;179;179;193m▀[38;2;183;181;197;48;2;192;194;205m▀[38;2;187;188;204;48;2;165;168;188m▀[38;2;169;186;210;48;2;158;175;198m▀[38;2;133;156;191;48;2;133;158;193m▀[38;2;147;169;200;48;2;138;164;193m▀[38;2;178;179;196;48;2;127;137;168m▀[38;2;169;168;181;48;2;139;142;167m▀[38;2;144;141;156;48;2;142;141;158m▀[38;2;142;137;155;48;2;137;132;148m▀[38;2;141;141;158;48;2;132;128;143m▀[38;2;129;123;139;48;2;116;111;122m▀[38;2;112;108;125;48;2;107;103;112m▀[38;2;120;117;135;48;2;126;123;141m▀[38;2;156;159;181;48;2;156;162;183m▀[38;2;154;157;180;48;2;148;154;175m▀[38;2;144;147;167;48;2;158;162;181m▀[38;2;129;131;151;48;2;150;155;174m▀[38;2;109;117;124;48;2;128;134;155m▀[38;2;73;87;93;48;2;100;116;141m▀[38;2;95;111;143;48;2;107;129;162m▀[38;2;121;147;177;48;2;119;144;175m▀[38;2;118;142;173;48;2;114;140;171m▀[38;2;114;137;163;48;2;107;128;159m▀[38;2;95;107;135;48;2;106;131;159m▀[38;2;90;87;91;48;2;80;100;95m▀[38;2;56;39;29;48;2;63;72;36m▀[38;2;26;25;1;48;2;43;54;17m▀[38;2;33;52;8;48;2;31;44;2m▀[0m
[38;2;116;141;167;48;2;110;136;159m▀[38;2;89;109;119;48;2;65;86;75m▀[38;2;61;75;44;48;2;58;69;46m▀[38;2;40;63;18;48;2;45;66;25m▀[38;2;54;77;27;48;2;53;78;31m▀[38;2;66;88;38;48;2;64;92;35m▀[38;2;37;59;24;48;2;68;97;44m▀[38;2;47;66;33;48;2;76;102;49m▀[38;2;101;96;92;48;2;143;141;131m▀[38;2;85;75;76;48;2;108;98;102m▀[38;2;97;86;87;48;2;118;106;107m▀[38;2;109;97;99;48;2;132;121;122m▀[38;2;123;114;123;48;2;158;152;154m▀[38;2;139;130;139;48;2;156;150;153m▀[38;2;127;119;121;48;2;132;133;149m▀[38;2;123;132;150;48;2;132;151;177m▀[38;2;140;167;195;48;2;142;168;194m▀[38;2;127;158;185;48;2;130;159;188m▀[38;2;102;111;130;48;2;110;130;163m▀[38;2;66;74;71;48;2;84;102;128m▀[38;2;35;58;22;48;2;45;70;36m▀[38;2;52;79;40;48;2;49;69;30m▀[38;2;20;39;8;48;2;38;58;24m▀[38;2;23;50;15;48;2;41;69;30m▀[38;2;39;66;32;48;2;69;97;62m▀[38;2;96;108;94;48;2;132;148;117m▀[38;2;183;188;192;48;2;128;134;125m▀[38;2;178;181;187;48;2;125;128;113m▀[38;2;186;187;190;48;2;131;129;121m▀[38;2;165;168;170;48;2;153;156;157m▀[38;2;150;152;163;48;2;151;161;176m▀[38;2;135;156;185;48;2;136;168;195m▀[38;2;137;164;196;48;2;128;160;187m▀[38;2;133;159;193;48;2;133;155;188m▀[38;2;135;163;195;48;2;132;159;188m▀[38;2;137;164;195;48;2;141;172;198m▀[38;2;139;154;178;48;2;137;161;188m▀[38;2;141;140;157;48;2;139;141;160m▀[38;2;132;128;142;48;2;134;129;144m▀[38;2;121;117;129;48;2;115;111;124m▀[38;2;105;99;109;48;2;108;101;115m▀[38;2;107;98;113;48;2;121;113;132m▀[38;2;130;125;147;48;2;136;132;154m▀[38;2;154;157;180;48;2;153;156;179m▀[38;2;153;158;179;48;2;154;159;180m▀[38;2;153;161;180;48;2;153;161;181m▀[38;2;151;157;177;48;2;146;151;172m▀[38;2;133;147;169;48;2;132;142;163m▀[38;2;122;143;171;48;2;115;131;154m▀[38;2;110;130;161;48;2;81;95;104m▀[38;2;114;136;163;48;2;100;116;136m▀[38;2;108;129;159;48;2;98;122;148m▀[38;2;97;127;147;48;2;68;91;78m▀[38;2;108;135;160;48;2;84;107;110m▀[38;2;95;122;139;48;2;79;98;88m▀[38;2;58;74;41;48;2;69;89;32m▀[38;2;51;70;30;48;2;57;79;19m▀[38;2;50;71;26;48;2;47;68;28m▀[0m
[38;2;100;125;150;48;2;97;120;147m▀[38;2;73;90;110;48;2;96;120;145m▀[38;2;64;87;78;48;2;71;97;92m▀[38;2;62;87;34;48;2;64;90;21m▀[38;2;62;91;28;48;2;62;89;26m▀[38;2;73;104;41;48;2;59;88;27m▀[38;2;73;105;41;48;2;68;97;50m▀[38;2;72;102;44;48;2;70;96;44m▀[38;2;148;148;133;48;2;137;141;115m▀[38;2;141;135;141;48;2;159;157;160m▀[38;2;133;121;120;48;2;128;117;118m▀[38;2;157;147;146;48;2;148;138;136m▀[38;2;171;167;163;48;2;156;148;146m▀[38;2;159;157;157;48;2;153;157;165m▀[38;2;130;138;161;48;2;148;168;190m▀[38;2;146;168;191;48;2;132;158;179m▀[38;2;145;167;192;48;2;139;162;186m▀[38;2;127;155;182;48;2;101;129;154m▀[38;2;118;151;177;48;2;107;135;155m▀[38;2;98;128;155;48;2;113;147;169m▀[38;2;56;79;42;48;2;65;90;74m▀[38;2;63;86;20;48;2;50;77;23m▀[38;2;49;72;24;48;2;50;82;11m▀[38;2;65;93;40;48;2;80;104;38m▀[38;2;93;120;64;48;2;85;114;41m▀[38;2;121;144;87;48;2;91;112;72m▀[38;2;86;99;86;48;2;81;92;65m▀[38;2;82;99;76;48;2;100;107;87m▀[38;2;119;124;110;48;2;127;146;85m▀[38;2;152;157;155;48;2;160;168;146m▀[38;2;151;167;184;48;2;171;178;182m▀[38;2;136;161;182;48;2;165;169;171m▀[38;2;131;146;164;48;2;156;163;172m▀[38;2;129;152;181;48;2;129;155;183m▀[38;2;120;137;158;48;2;135;146;165m▀[38;2;140;155;176;48;2;142;142;151m▀[38;2;137;152;175;48;2;137;137;154m▀[38;2;134;133;150;48;2;133;131;147m▀[38;2;127;123;139;48;2;123;119;136m▀[38;2;107;101;116;48;2;104;98;114m▀[38;2;112;105;125;48;2;113;107;127m▀[38;2;128;123;145;48;2;121;117;138m▀[38;2;138;138;160;48;2;141;141;163m▀[38;2;147;151;171;48;2;148;152;173m▀[38;2;152;158;178;48;2;149;154;172m▀[38;2;152;160;178;48;2;149;155;174m▀[38;2;146;149;169;48;2;142;146;165m▀[38;2;128;135;151;48;2;120;123;138m▀[38;2;106;110;116;48;2;82;79;81m▀[38;2;84;102;75;48;2;72;82;70m▀[38;2;99;120;139;48;2;104;130;153m▀[38;2;96;120;149;48;2;97;123;151m▀[38;2;65;90;70;48;2;72;99;76m▀[38;2;63;85;36;48;2;68;93;24m▀[38;2;64;85;28;48;2;58;83;18m▀[38;2;78;108;22;48;2;75;95;47m▀[38;2;79;107;25;48;2;89;110;76m▀[38;2;45;68;25;48;2;32;51;14m▀[0m
[38;2;85;110;132;48;2;51;67;71m▀[38;2;98;118;141;48;2;59;75;70m▀[38;2;90;105;120;48;2;60;78;55m▀[38;2;58;82;36;48;2;58;82;26m▀[38;2;55;83;28;48;2;55;82;26m▀[38;2;57;86;28;48;2;55;81;33m▀[38;2;55;79;35;48;2;55;79;32m▀[38;2;64;93;36;48;2;66;93;37m▀[38;2;107;120;77;48;2;62;83;35m▀[38;2;155;153;151;48;2;137;135;126m▀[38;2;120;110;114;48;2;126;119;123m▀[38;2;138;130;130;48;2;132;127;127m▀[38;2;144;138;138;48;2;133;135;126m▀[38;2;135;138;141;48;2;131;136;123m▀[38;2;118;132;143;48;2;103;101;91m▀[38;2;93;94;104;48;2;86;88;96m▀[38;2;132;158;179;48;2;119;152;175m▀[38;2;99;119;135;48;2;121;144;159m▀[38;2;51;60;48;48;2;120;140;122m▀[38;2;51;70;54;48;2;45;71;23m▀[38;2;60;78;45;48;2;52;78;31m▀[38;2;68;91;48;48;2;58;86;44m▀[38;2;67;91;32;48;2;65;90;38m▀[38;2;73;96;36;48;2;66;95;27m▀[38;2;76;99;39;48;2;78;82;52m▀[38;2;111;127;92;48;2;103;130;65m▀[38;2;106;123;75;48;2;103;125;68m▀[38;2;96;114;52;48;2;58;63;43m▀[38;2;95;109;52;48;2;83;93;67m▀[38;2;138;154;106;48;2;142;162;129m▀[38;2;170;175;175;48;2;169;178;171m▀[38;2;160;162;159;48;2;171;179;178m▀[38;2;156;168;179;48;2;156;173;187m▀[38;2;133;160;190;48;2;139;165;192m▀[38;2;132;153;173;48;2;145;162;184m▀[38;2;141;139;146;48;2;162;170;183m▀[38;2;133;133;149;48;2;154;163;180m▀[38;2;130;128;148;48;2;154;163;183m▀[38;2;126;124;145;48;2;133;139;164m▀[38;2;106;104;123;48;2;132;141;164m▀[38;2;110;103;125;48;2;113;118;146m▀[38;2;124;121;142;48;2;118;126;154m▀[38;2;133;134;154;48;2;126;141;166m▀[38;2;144;147;170;48;2;126;140;166m▀[38;2;144;150;168;48;2;128;143;168m▀[38;2;138;143;160;48;2;121;138;163m▀[38;2;131;135;154;48;2;117;135;160m▀[38;2;106;113;129;48;2;114;137;162m▀[38;2;82;83;98;48;2;110;131;157m▀[38;2;81;90;111;48;2;105;124;153m▀[38;2;100;124;151;48;2;105;122;152m▀[38;2;95;119;149;48;2;100;117;145m▀[38;2;77;102;115;48;2;98;114;141m▀[38;2;77;102;105;48;2;94;110;135m▀[38;2;77;99;109;48;2;91;107;131m▀[38;2;97;117;128;48;2;91;109;132m▀[38;2;86;108;124;48;2;88;107;129m▀[38;2;77;100;120;48;2;82;98;123m▀[0m
[38;2;48;69;67;48;2;50;71;87m▀[38;2;42;67;10;48;2;34;55;23m▀[38;2;50;75;17;48;2;46;69;25m▀[38;2;52;78;27;48;2;44;68;30m▀[38;2;45;67;28;48;2;53;73;42m▀[38;2;50;73;29;48;2;63;80;64m▀[38;2;51;80;27;48;2;73;89;79m▀[38;2;55;85;29;48;2;80;94;83m▀[38;2;57;83;35;48;2;89;106;93m▀[38;2;104;106;87;48;2;117;125;123m▀[38;2;130;126;126;48;2;143;144;153m▀[38;2;128;121;121;48;2;129;132;141m▀[38;2;120;127;104;48;2;134;142;146m▀[38;2;122;134;107;48;2;133;143;149m▀[38;2;111;114;96;48;2;127;134;149m▀[38;2;94;108;121;48;2;118;133;159m▀[38;2;119;152;177;48;2;115;138;165m▀[38;2;87;114;143;48;2;110;134;162m▀[38;2;107;118;108;48;2;110;129;153m▀[38;2;134;153;134;48;2;121;137;158m▀[38;2;84;106;78;48;2;126;141;160m▀[38;2;69;94;73;48;2;116;131;156m▀[38;2;74;99;83;48;2;117;132;157m▀[38;2;92;108;103;48;2;117;135;161m▀[38;2;108;124;117;48;2;115;133;158m▀[38;2;118;142;126;48;2;115;134;157m▀[38;2;108;118;137;48;2;119;138;159m▀[38;2;105;118;140;48;2;117;136;157m▀[38;2;108;121;146;48;2;118;134;155m▀[38;2;136;151;166;48;2;121;137;156m▀[38;2;152;166;183;48;2;125;141;159m▀[38;2;152;163;183;48;2;122;138;157m▀[38;2;147;160;183;48;2;134;151;172m▀[38;2;153;169;192;48;2;134;154;175m▀[38;2;157;173;194;48;2;115;130;150m▀[38;2;154;171;191;48;2;119;129;146m▀[38;2;148;163;184;48;2;103;113;125m▀[38;2;132;147;169;48;2;96;104;115m▀[38;2;117;131;156;48;2;96;104;114m▀[38;2;115;128;154;48;2;93;97;109m▀[38;2;120;134;156;48;2;96;98;110m▀[38;2;118;129;151;48;2;94;95;108m▀[38;2;119;132;152;48;2;92;93;105m▀[38;2;110;123;144;48;2;88;88;101m▀[38;2;103;115;137;48;2;105;108;123m▀[38;2;101;114;136;48;2;104;107;124m▀[38;2;97;111;132;48;2;106;109;127m▀[38;2;93;108;127;48;2;86;87;99m▀[38;2;89;103;122;48;2;89;90;104m▀[38;2;88;106;128;48;2;93;103;123m▀[38;2;97;120;144;48;2;100;123;147m▀[38;2;84;106;131;48;2;94;119;140m▀[38;2;68;82;103;48;2;70;89;92m▀[38;2;70;83;91;48;2;93;108;81m▀[38;2;71;83;92;48;2;104;118;89m▀[38;2;67;79;80;48;2;97;111;89m▀[38;2;58;71;76;48;2;70;92;83m▀[38;2;67;80;102;48;2;73;90;111m▀[0m
