[38;2;0;0;0;48;2;0;0;0m▀▀▀▀[38;2;3;3;3;48;2;3;0;0m▀▀[38;2;3;0;0;48;2;3;0;0m▀[38;2;9;12;9;48;2;3;0;0m▀[38;2;9;2;5;48;2;3;0;0m▀[38;2;6;0;3;48;2;6;0;3m▀▀[38;2;3;0;0;48;2;3;0;0m▀▀[38;2;3;0;0;48;2;7;0;3m▀[38;2;3;0;0;48;2;3;0;0m▀[38;2;6;0;3;48;2;3;0;0m▀[38;2;3;0;0;48;2;3;0;0m▀[38;2;3;0;0;48;2;7;0;3m▀[38;2;7;0;3;48;2;3;0;0m▀[38;2;7;0;3;48;2;7;0;3m▀[38;2;3;0;0;48;2;3;0;0m▀▀▀[38;2;7;0;3;48;2;7;0;3m▀▀▀[38;2;3;0;0;48;2;3;0;0m▀[38;2;7;0;3;48;2;3;0;3m▀[38;2;7;0;3;48;2;7;0;3m▀[38;2;7;0;3;48;2;3;0;0m▀[38;2;7;0;3;48;2;7;0;3m▀[38;2;3;0;0;48;2;3;0;0m▀▀[38;2;3;0;0;48;2;15;15;7m▀[38;2;7;0;3;48;2;7;0;3m▀▀[38;2;3;0;0;48;2;7;0;3m▀[38;2;7;0;3;48;2;7;0;3m▀▀▀[38;2;3;0;0;48;2;7;0;3m▀[38;2;7;0;3;48;2;7;0;0m▀[38;2;3;0;3;48;2;7;0;3m▀[38;2;6;0;3;48;2;9;2;6m▀[38;2;6;0;3;48;2;7;0;3m▀▀▀[38;2;3;0;0;48;2;3;0;0m▀[38;2;6;0;3;48;2;6;0;3m▀[38;2;3;0;0;48;2;6;0;3m▀▀▀[38;2;3;0;0;48;2;3;0;0m▀[38;2;6;0;3;48;2;3;0;0m▀[38;2;3;0;0;48;2;3;0;0m▀[38;2;3;0;0;48;2;6;0;3m▀▀[38;2;3;0;0;48;2;3;0;0m▀[0m
[38;2;0;0;0;48;2;3;0;0m▀[38;2;3;0;3;48;2;3;0;3m▀[38;2;31;35;37;48;2;122;141;144m▀[38;2;108;131;123;48;2;170;196;188m▀[38;2;47;65;59;48;2;109;145;140m▀[38;2;22;25;25;48;2;68;99;95m▀[38;2;3;0;0;48;2;7;0;3m▀[38;2;3;0;0;48;2;3;0;0m▀▀[38;2;7;0;3;48;2;7;0;3m▀▀[38;2;3;0;0;48;2;3;0;0m▀▀▀[38;2;7;0;3;48;2;3;0;0m▀[38;2;7;0;3;48;2;7;0;3m▀▀[38;2;7;0;3;48;2;3;0;0m▀[38;2;3;0;0;48;2;7;0;3m▀[38;2;7;0;3;48;2;3;0;0m▀[38;2;3;0;0;48;2;3;0;0m▀▀[38;2;7;0;3;48;2;7;0;3m▀[38;2;7;0;3;48;2;3;0;0m▀[38;2;3;0;0;48;2;7;0;3m▀[38;2;3;0;0;48;2;13;5;15m▀[38;2;11;0;3;48;2;35;40;38m▀[38;2;14;0;7;48;2;37;44;38m▀[38;2;14;0;10;48;2;21;30;27m▀[38;2;11;0;3;48;2;16;25;22m▀[38;2;7;0;3;48;2;11;14;14m▀[38;2;7;0;3;48;2;7;0;3m▀[38;2;10;2;6;48;2;13;2;10m▀[38;2;17;17;12;48;2;7;0;3m▀[38;2;7;0;3;48;2;7;0;3m▀▀[38;2;7;0;3;48;2;11;0;3m▀[38;2;10;2;6;48;2;41;63;63m▀[38;2;77;89;80;48;2;172;199;185m▀[38;2;91;105;96;48;2;183;207;192m▀[38;2;31;35;31;48;2;118;146;134m▀[38;2;7;0;3;48;2;31;41;38m▀[38;2;7;0;3;48;2;7;0;3m▀[38;2;19;19;13;48;2;10;2;6m▀[38;2;10;0;3;48;2;10;2;6m▀[38;2;3;0;0;48;2;7;0;3m▀[38;2;7;0;3;48;2;7;0;3m▀[38;2;3;0;0;48;2;7;0;3m▀[38;2;7;0;3;48;2;7;0;3m▀[38;2;10;0;3;48;2;11;8;11m▀[38;2;13;2;6;48;2;37;46;45m▀[38;2;3;0;0;48;2;55;68;67m▀[38;2;6;0;3;48;2;35;43;45m▀[38;2;6;0;3;48;2;6;0;3m▀[38;2;6;0;3;48;2;6;2;2m▀[38;2;6;0;3;48;2;6;0;6m▀[38;2;6;0;3;48;2;10;0;6m▀[38;2;3;0;0;48;2;6;0;3m▀[0m
[38;2;3;0;0;48;2;3;0;0m▀[38;2;13;10;17;48;2;7;0;7m▀[38;2;104;134;138;48;2;114;137;145m▀[38;2;108;138;139;48;2;144;176;175m▀[38;2;140;173;168;48;2;117;155;152m▀[38;2;77;111;111;48;2;23;39;41m▀[38;2;6;2;2;48;2;7;0;3m▀[38;2;3;0;0;48;2;7;0;3m▀[38;2;7;0;3;48;2;3;0;0m▀[38;2;3;0;0;48;2;3;0;0m▀[38;2;3;0;0;48;2;3;0;3m▀[38;2;7;0;3;48;2;7;0;3m▀[38;2;3;0;0;48;2;3;0;0m▀[38;2;3;0;0;48;2;7;0;3m▀[38;2;3;0;0;48;2;3;0;0m▀[38;2;7;0;3;48;2;7;0;3m▀▀[38;2;7;0;3;48;2;11;0;7m▀[38;2;3;0;0;48;2;14;2;6m▀[38;2;7;0;3;48;2;7;0;3m▀[38;2;3;0;0;48;2;7;0;3m▀▀[38;2;3;0;0;48;2;3;0;0m▀[38;2;7;0;3;48;2;7;0;3m▀[38;2;7;0;3;48;2;11;0;3m▀[38;2;9;5;9;48;2;13;5;9m▀[38;2;84;112;106;48;2;131;157;145m▀[38;2;165;193;182;48;2;181;206;191m▀[38;2;144;175;164;48;2;182;208;196m▀[38;2;126;156;144;48;2;110;135;122m▀[38;2;41;50;46;48;2;7;0;3m▀[38;2;14;11;11;48;2;10;2;6m▀[38;2;14;11;11;48;2;22;22;16m▀[38;2;10;2;6;48;2;13;5;9m▀[38;2;7;0;3;48;2;7;0;3m▀▀▀[38;2;44;69;70;48;2;80;110;113m▀[38;2;179;203;195;48;2;131;164;162m▀[38;2;166;196;188;48;2;178;202;193m▀[38;2;156;186;176;48;2;193;216;208m▀[38;2;86;115;111;48;2;108;138;134m▀[38;2;10;2;6;48;2;16;13;16m▀[38;2;10;2;6;48;2;14;0;7m▀[38;2;11;0;3;48;2;11;0;7m▀[38;2;7;0;3;48;2;11;0;3m▀▀[38;2;11;0;3;48;2;7;0;3m▀[38;2;13;2;6;48;2;12;8;8m▀[38;2;46;66;64;48;2;46;71;67m▀[38;2;177;199;195;48;2;180;201;201m▀[38;2;195;213;210;48;2;169;193;193m▀[38;2;129;156;157;48;2;168;194;191m▀[38;2;13;20;24;48;2;62;79;82m▀[38;2;3;0;0;48;2;7;0;3m▀[38;2;6;0;3;48;2;7;0;0m▀[38;2;10;0;6;48;2;7;0;3m▀[38;2;6;0;3;48;2;6;0;3m▀[0m
[38;2;3;0;0;48;2;3;0;0m▀[38;2;3;0;3;48;2;27;31;28m▀[38;2;121;139;146;48;2;44;64;57m▀[38;2;143;176;174;48;2;66;97;92m▀[38;2;72;111;108;48;2;51;78;70m▀[38;2;16;21;18;48;2;21;29;24m▀[38;2;3;0;0;48;2;7;0;0m▀[38;2;7;0;3;48;2;11;0;3m▀[38;2;3;0;0;48;2;11;0;3m▀[38;2;10;2;6;48;2;100;114;106m▀[38;2;7;0;3;48;2;75;94;83m▀[38;2;7;0;3;48;2;22;28;25m▀[38;2;7;0;3;48;2;10;2;6m▀[38;2;3;0;0;48;2;7;0;3m▀[38;2;7;0;3;48;2;7;0;3m▀[38;2;3;0;3;48;2;3;0;0m▀[38;2;11;0;3;48;2;7;0;3m▀[38;2;20;8;8;48;2;6;2;2m▀[38;2;20;8;12;48;2;14;2;6m▀[38;2;7;0;3;48;2;7;0;3m▀[38;2;7;0;3;48;2;3;0;0m▀[38;2;7;0;3;48;2;7;0;3m▀▀[38;2;7;0;3;48;2;3;0;0m▀[38;2;3;0;0;48;2;3;0;0m▀[38;2;10;2;6;48;2;7;0;3m▀[38;2;110;130;121;48;2;73;83;77m▀[38;2;201;222;210;48;2;199;221;208m▀[38;2;147;175;164;48;2;113;143;130m▀[38;2;30;32;32;48;2;14;11;11m▀[38;2;11;0;3;48;2;7;0;0m▀[38;2;7;0;3;48;2;7;0;3m▀[38;2;3;0;3;48;2;7;0;3m▀▀[38;2;7;0;3;48;2;7;0;3m▀▀▀[38;2;59;83;86;48;2;32;40;45m▀[38;2;149;182;182;48;2;172;203;206m▀[38;2;213;233;226;48;2;195;219;217m▀[38;2;183;210;202;48;2;135;171;169m▀[38;2;39;60;57;48;2;22;29;29m▀[38;2;14;11;8;48;2;7;0;3m▀[38;2;13;5;9;48;2;9;9;5m▀[38;2;7;0;3;48;2;11;16;11m▀[38;2;11;0;3;48;2;10;2;6m▀[38;2;14;0;7;48;2;7;0;3m▀[38;2;10;2;6;48;2;13;5;9m▀[38;2;12;12;12;48;2;12;19;10m▀[38;2;45;62;61;48;2;16;25;16m▀[38;2;158;186;185;48;2;128;163;166m▀[38;2;196;212;208;48;2;196;214;213m▀[38;2;194;212;209;48;2;136;168;164m▀[38;2;62;78;80;48;2;22;25;27m▀[38;2;6;2;2;48;2;27;51;25m▀[38;2;15;33;13;48;2;27;55;18m▀[38;2;6;2;2;48;2;8;8;5m▀[38;2;7;0;3;48;2;7;0;3m▀[0m
[38;2;7;0;3;48;2;3;0;0m▀[38;2;62;81;70;48;2;78;92;82m▀[38;2;113;136;119;48;2;95;121;103m▀[38;2;99;128;110;48;2;109;135;115m▀[38;2;36;57;46;48;2;49;81;68m▀[38;2;18;29;24;48;2;16;19;19m▀[38;2;7;0;3;48;2;7;0;3m▀[38;2;7;0;3;48;2;10;2;2m▀[38;2;14;2;6;48;2;11;0;3m▀[38;2;203;210;202;48;2;143;150;146m▀[38;2;190;210;196;48;2;181;200;188m▀[38;2;66;97;84;48;2;113;142;128m▀[38;2;21;26;26;48;2;21;33;25m▀[38;2;3;0;0;48;2;3;0;0m▀[38;2;3;0;0;48;2;13;5;9m▀[38;2;13;5;9;48;2;33;52;46m▀[38;2;12;8;8;48;2;25;47;40m▀[38;2;3;0;0;48;2;15;20;20m▀[38;2;11;0;3;48;2;11;0;3m▀[38;2;7;0;3;48;2;6;2;6m▀[38;2;7;0;3;48;2;7;0;3m▀[38;2;7;0;3;48;2;3;0;0m▀▀[38;2;7;0;3;48;2;7;0;3m▀[38;2;11;0;3;48;2;20;18;10m▀[38;2;6;2;6;48;2;24;31;24m▀[38;2;26;23;23;48;2;28;41;30m▀[38;2;106;131;119;48;2;43;65;47m▀[38;2;110;138;119;48;2;39;59;41m▀[38;2;49;60;52;48;2;19;22;19m▀[38;2;13;5;9;48;2;16;13;13m▀[38;2;7;0;3;48;2;7;0;3m▀[38;2;7;0;3;48;2;3;0;0m▀[38;2;3;0;0;48;2;7;0;3m▀[38;2;3;0;0;48;2;3;0;0m▀[38;2;3;0;0;48;2;7;0;3m▀[38;2;6;2;2;48;2;17;22;22m▀[38;2;18;27;27;48;2;26;53;48m▀[38;2;113;153;161;48;2;54;89;89m▀[38;2;155;192;189;48;2;70;101;99m▀[38;2;137;172;165;48;2;56;96;92m▀[38;2;37;58;54;48;2;27;67;63m▀[38;2;12;8;12;48;2;27;47;43m▀[38;2;15;40;13;48;2;27;47;22m▀[38;2;20;40;18;48;2;16;26;11m▀[38;2;9;5;9;48;2;16;11;11m▀[38;2;10;2;6;48;2;13;5;9m▀[38;2;12;8;8;48;2;13;5;5m▀[38;2;11;35;14;48;2;13;48;19m▀[38;2;22;54;19;48;2;38;94;43m▀[38;2;68;102;97;48;2;101;142;114m▀[38;2;161;190;186;48;2;170;199;195m▀[38;2;89;121;118;48;2;159;189;185m▀[38;2;25;48;48;48;2;136;170;167m▀[38;2;17;35;20;48;2;30;56;56m▀[38;2;28;45;30;48;2;8;11;11m▀[38;2;14;17;9;48;2;12;5;5m▀[38;2;7;0;3;48;2;7;0;3m▀[0m
[38;2;3;0;0;48;2;3;0;0m▀[38;2;18;10;13;48;2;3;0;0m▀[38;2;116;126;116;48;2;68;71;68m▀[38;2;134;168;150;48;2;127;158;137m▀[38;2;69;98;80;48;2;54;79;64m▀[38;2;13;2;6;48;2;7;0;3m▀[38;2;7;0;3;48;2;7;0;3m▀[38;2;13;5;5;48;2;7;0;3m▀[38;2;7;0;3;48;2;3;0;0m▀[38;2;73;73;71;48;2;10;2;2m▀[38;2;178;192;180;48;2;82;92;85m▀[38;2;124;151;136;48;2;76;97;85m▀[38;2;31;42;34;48;2;73;93;79m▀[38;2;17;17;20;48;2;34;49;40m▀[38;2;32;40;36;48;2;32;45;32m▀[38;2;92;115;101;48;2;62;62;51m▀[38;2;101;133;118;48;2;191;204;185m▀[38;2;32;62;54;48;2;60;84;68m▀[38;2;15;5;13;48;2;11;0;3m▀[38;2;10;2;6;48;2;11;0;3m▀[38;2;3;0;0;48;2;7;0;3m▀[38;2;7;0;3;48;2;3;0;3m▀[38;2;3;0;0;48;2;11;0;3m▀[38;2;10;2;6;48;2;11;0;7m▀[38;2;32;32;16;48;2;45;50;25m▀[38;2;98;114;83;48;2;42;44;31m▀[38;2;86;109;77;48;2;112;123;93m▀[38;2;81;101;71;48;2;138;159;116m▀[38;2;45;76;56;48;2;94;121;89m▀[38;2;24;34;30;48;2;15;18;15m▀[38;2;10;2;6;48;2;3;0;0m▀[38;2;7;0;3;48;2;7;0;3m▀▀[38;2;7;0;3;48;2;11;0;3m▀[38;2;7;0;3;48;2;11;0;7m▀[38;2;11;0;3;48;2;14;0;7m▀[38;2;14;11;14;48;2;11;0;3m▀[38;2;77;125;116;48;2;59;66;62m▀[38;2;95;145;133;48;2;144;179;169m▀[38;2;88;140;134;48;2;181;211;194m▀[38;2;122;167;153;48;2;140;178;162m▀[38;2;66;114;106;48;2;57;73;68m▀[38;2;21;35;34;48;2;11;0;3m▀[38;2;19;32;14;48;2;11;0;3m▀[38;2;15;20;10;48;2;14;0;7m▀[38;2;12;8;8;48;2;10;2;6m▀[38;2;15;8;4;48;2;13;5;5m▀[38;2;14;22;14;48;2;14;22;9m▀[38;2;14;47;22;48;2;14;34;14m▀[38;2;31;54;47;48;2;39;53;48m▀[38;2;156;187;177;48;2;160;190;182m▀[38;2;206;219;214;48;2;198;218;211m▀[38;2;215;226;221;48;2;201;219;212m▀[38;2;182;206;197;48;2;214;225;221m▀[38;2;99;137;136;48;2;129;141;137m▀[38;2;25;44;44;48;2;8;8;11m▀[38;2;7;0;3;48;2;3;0;0m▀▀[0m
[38;2;7;0;3;48;2;39;46;39m▀[38;2;8;5;8;48;2;65;77;59m▀[38;2;66;80;74;48;2;72;87;70m▀[38;2;103;124;108;48;2;43;63;51m▀[38;2;35;47;39;48;2;18;20;16m▀[38;2;7;0;3;48;2;9;5;5m▀[38;2;3;0;0;48;2;3;0;3m▀[38;2;11;0;3;48;2;3;0;0m▀[38;2;7;0;3;48;2;7;0;3m▀[38;2;18;5;9;48;2;7;0;3m▀[38;2;7;0;3;48;2;7;0;3m▀[38;2;6;2;2;48;2;7;0;3m▀[38;2;12;8;8;48;2;11;0;3m▀[38;2;28;43;34;48;2;39;42;30m▀[38;2;27;34;25;48;2;96;96;71m▀[38;2;68;64;55;48;2;130;129;103m▀[38;2;161;173;151;48;2;93;98;77m▀[38;2;80;95;80;48;2;38;40;32m▀[38;2;14;0;3;48;2;11;0;3m▀[38;2;11;0;3;48;2;14;0;7m▀[38;2;11;0;3;48;2;11;0;3m▀[38;2;7;0;3;48;2;11;0;3m▀[38;2;7;0;3;48;2;3;0;0m▀[38;2;14;2;6;48;2;11;0;3m▀[38;2;30;32;19;48;2;16;11;11m▀[38;2;6;2;2;48;2;25;19;14m▀[38;2;51;55;39;48;2;51;54;32m▀[38;2;134;147;103;48;2;59;64;43m▀[38;2;66;84;60;48;2;26;26;20m▀[38;2;11;0;3;48;2;16;2;6m▀[38;2;7;0;3;48;2;11;0;3m▀[38;2;11;0;3;48;2;7;0;3m▀[38;2;7;0;3;48;2;11;0;3m▀[38;2;7;0;3;48;2;7;0;3m▀[38;2;11;0;3;48;2;11;0;3m▀[38;2;14;0;7;48;2;14;0;7m▀[38;2;11;0;3;48;2;15;5;9m▀[38;2;7;0;3;48;2;13;16;13m▀[38;2;99;120;109;48;2;122;143;131m▀[38;2;192;218;205;48;2;171;192;176m▀[38;2;114;143;130;48;2;121;142;125m▀[38;2;7;0;3;48;2;20;17;17m▀[38;2;7;0;3;48;2;7;0;3m▀▀[38;2;11;0;7;48;2;7;0;3m▀[38;2;7;0;3;48;2;10;2;6m▀[38;2;10;2;6;48;2;14;2;6m▀[38;2;14;14;7;48;2;6;2;2m▀[38;2;13;5;5;48;2;13;5;9m▀[38;2;16;11;11;48;2;10;2;2m▀[38;2;57;57;59;48;2;10;2;6m▀[38;2;173;180;177;48;2;55;75;69m▀[38;2;207;223;221;48;2;212;222;218m▀[38;2;138;149;145;48;2;166;176;168m▀[38;2;7;0;3;48;2;19;24;19m▀[38;2;3;0;0;48;2;13;10;8m▀[38;2;7;0;3;48;2;7;0;3m▀▀[0m
[38;2;34;42;34;48;2;6;0;3m▀[38;2;119;127;102;48;2;100;105;84m▀[38;2;135;149;118;48;2;100;104;85m▀[38;2;102;124;93;48;2;73;77;63m▀[38;2;30;39;27;48;2;20;20;20m▀[38;2;12;5;9;48;2;7;0;3m▀[38;2;3;0;0;48;2;7;0;3m▀▀[38;2;3;0;0;48;2;3;0;0m▀▀[38;2;7;0;3;48;2;7;0;3m▀[38;2;7;0;3;48;2;3;0;3m▀[38;2;7;0;3;48;2;11;0;3m▀[38;2;82;80;65;48;2;19;15;13m▀[38;2;141;142;112;48;2;39;39;28m▀[38;2;91;91;68;48;2;52;69;37m▀[38;2;48;62;40;48;2;23;39;17m▀[38;2;16;24;14;48;2;16;16;13m▀[38;2;7;0;3;48;2;11;0;3m▀[38;2;11;0;3;48;2;7;0;3m▀▀[38;2;7;0;3;48;2;7;0;3m▀[38;2;10;2;6;48;2;7;0;3m▀▀[38;2;66;59;34;48;2;11;0;3m▀[38;2;66;60;33;48;2;14;0;7m▀[38;2;55;54;29;48;2;14;0;7m▀[38;2;37;35;18;48;2;14;0;7m▀[38;2;35;25;20;48;2;14;0;7m▀[38;2;20;8;14;48;2;11;0;7m▀[38;2;11;0;7;48;2;11;0;3m▀[38;2;7;0;3;48;2;7;0;3m▀[38;2;11;0;3;48;2;11;0;3m▀[38;2;11;0;3;48;2;7;0;3m▀[38;2;11;0;3;48;2;11;0;7m▀[38;2;14;0;7;48;2;14;2;6m▀[38;2;52;55;44;48;2;106;110;93m▀[38;2;108;121;98;48;2;194;194;166m▀[38;2;133;150;125;48;2;212;211;182m▀[38;2;130;149;128;48;2;202;202;174m▀[38;2;95;111;92;48;2;145;160;131m▀[38;2;32;40;28;48;2;78;87;67m▀[38;2;18;13;11;48;2;32;34;26m▀[38;2;10;2;6;48;2;7;0;3m▀[38;2;6;2;6;48;2;11;0;3m▀[38;2;13;2;10;48;2;10;2;6m▀[38;2;14;0;7;48;2;7;0;3m▀[38;2;7;0;3;48;2;7;0;3m▀[38;2;10;2;6;48;2;15;12;12m▀[38;2;36;34;32;48;2;158;171;152m▀[38;2;74;81;68;48;2;191;197;179m▀[38;2;80;97;82;48;2;195;202;191m▀[38;2;104;121;104;48;2;174;183;166m▀[38;2;73;88;71;48;2;148;156;132m▀[38;2;48;58;48;48;2;137;141;127m▀[38;2;13;10;10;48;2;14;12;12m▀[38;2;9;2;6;48;2;3;0;0m▀[38;2;3;0;0;48;2;3;0;0m▀[0m
[38;2;3;0;0;48;2;0;0;0m▀[38;2;5;2;2;48;2;0;0;0m▀[38;2;6;0;0;48;2;3;0;0m▀▀[38;2;3;0;0;48;2;3;0;0m▀▀▀▀▀▀▀▀[38;2;3;0;3;48;2;3;0;0m▀[38;2;7;0;3;48;2;3;0;0m▀▀[38;2;11;0;3;48;2;7;0;3m▀[38;2;3;0;3;48;2;3;0;0m▀[38;2;7;0;3;48;2;3;0;0m▀▀▀▀[38;2;7;0;3;48;2;3;0;3m▀[38;2;3;0;0;48;2;3;0;0m▀[38;2;3;0;0;48;2;7;0;3m▀[38;2;7;0;3;48;2;3;0;0m▀[38;2;7;0;3;48;2;7;0;3m▀▀[38;2;11;0;3;48;2;3;0;0m▀[38;2;7;0;3;48;2;7;0;3m▀[38;2;11;0;3;48;2;11;0;3m▀[38;2;11;0;3;48;2;7;0;3m▀[38;2;11;0;7;48;2;7;0;3m▀[38;2;14;2;6;48;2;7;0;3m▀[38;2;17;0;6;48;2;7;0;3m▀[38;2;16;2;9;48;2;7;0;3m▀[38;2;20;13;16;48;2;11;0;3m▀[38;2;17;8;8;48;2;11;0;3m▀[38;2;119;114;93;48;2;46;39;33m▀[38;2;219;212;177;48;2;123;112;94m▀[38;2;204;199;161;48;2;154;142;113m▀[38;2;166;166;129;48;2;127;120;96m▀[38;2;59;59;43;48;2;41;38;27m▀[38;2;3;0;3;48;2;13;2;6m▀[38;2;7;0;3;48;2;7;0;3m▀[38;2;13;2;2;48;2;18;10;7m▀[38;2;12;5;5;48;2;10;0;3m▀[38;2;7;0;3;48;2;7;0;3m▀[38;2;7;0;3;48;2;3;0;0m▀[38;2;13;2;6;48;2;10;0;7m▀[38;2;32;24;20;48;2;8;5;5m▀[38;2;69;69;54;48;2;14;12;7m▀[38;2;123;128;102;48;2;124;127;98m▀[38;2;142;147;119;48;2;125;131;101m▀[38;2;124;128;105;48;2;114;118;92m▀[38;2;96;97;79;48;2;59;61;44m▀[38;2;12;10;7;48;2;8;5;8m▀[38;2;3;0;0;48;2;6;0;3m▀[38;2;3;0;0;48;2;3;0;0m▀[0m
[38;2;0;0;0;48;2;0;0;0m▀▀▀▀[38;2;3;0;0;48;2;0;0;0m▀[38;2;3;0;0;48;2;3;0;0m▀[38;2;3;0;0;48;2;0;0;0m▀[38;2;3;0;0;48;2;3;0;0m▀▀[38;2;3;0;0;48;2;0;0;0m▀[38;2;3;0;0;48;2;3;0;0m▀▀▀▀▀▀▀▀▀[38;2;7;0;3;48;2;3;0;0m▀▀[38;2;3;0;0;48;2;3;0;0m▀▀▀▀▀▀▀▀▀▀▀▀[38;2;7;0;3;48;2;3;0;3m▀[38;2;7;0;0;48;2;3;0;0m▀[38;2;3;0;0;48;2;3;0;0m▀[38;2;3;0;0;48;2;7;0;3m▀[38;2;3;0;3;48;2;3;0;0m▀[38;2;7;0;3;48;2;7;0;3m▀[38;2;13;0;7;48;2;7;0;3m▀[38;2;7;0;3;48;2;3;0;0m▀[38;2;7;0;3;48;2;7;0;3m▀[38;2;3;0;0;48;2;3;0;0m▀[38;2;7;0;3;48;2;3;0;0m▀[38;2;9;2;2;48;2;3;0;3m▀[38;2;13;2;6;48;2;3;0;3m▀[38;2;10;0;7;48;2;6;0;3m▀[38;2;13;0;6;48;2;6;0;3m▀[38;2;10;0;3;48;2;6;0;3m▀[38;2;6;0;3;48;2;6;0;3m▀[38;2;9;2;5;48;2;6;0;3m▀[38;2;72;86;62;48;2;23;28;20m▀[38;2;111;119;89;48;2;27;31;20m▀[38;2;103;109;82;48;2;45;45;32m▀[38;2;71;76;58;48;2;56;62;44m▀[38;2;11;13;9;48;2;11;11;6m▀[38;2;3;0;0;48;2;6;0;3m▀[38;2;3;0;0;48;2;0;0;0m▀[0m
