[38;2;90;61;0;48;2;85;57;0m▀[38;2;93;62;2;48;2;95;64;2m▀[38;2;93;61;5;48;2;93;62;1m▀[38;2;90;60;6;48;2;85;57;7m▀[38;2;83;56;10;48;2;90;60;12m▀[38;2;87;56;12;48;2;99;66;16m▀[38;2;93;61;16;48;2;102;68;19m▀[38;2;96;63;18;48;2;103;69;20m▀[38;2;98;65;20;48;2;100;66;21m▀[38;2;97;64;24;48;2;89;60;22m▀[38;2;88;59;20;48;2;95;63;20m▀[38;2;88;59;22;48;2;106;71;25m▀[38;2;98;64;18;48;2;107;72;24m▀[38;2;104;69;25;48;2;108;73;24m▀[38;2;101;68;21;48;2;106;71;25m▀[38;2;95;62;20;48;2;109;73;26m▀[38;2;97;64;20;48;2;107;71;25m▀[38;2;105;68;21;48;2;102;68;23m▀[38;2;106;68;23;48;2;105;69;23m▀[38;2;101;65;20;48;2;111;72;23m▀[38;2;97;64;21;48;2;111;73;24m▀[38;2;103;67;23;48;2;108;71;27m▀[38;2;105;69;25;48;2;107;71;26m▀[38;2;110;72;23;48;2;106;71;26m▀[38;2;109;71;22;48;2;106;70;23m▀[38;2;96;66;23;48;2;111;74;25m▀[38;2;111;74;25;48;2;118;79;28m▀[38;2;112;74;26;48;2;108;73;27m▀[38;2;102;68;27;48;2;114;77;25m▀[38;2;113;75;24;48;2;123;83;28m▀[38;2;120;81;30;48;2;120;81;30m▀[38;2;123;84;29;48;2;115;77;31m▀[38;2;122;83;29;48;2;118;80;30m▀[38;2;122;83;28;48;2;119;81;30m▀[38;2;125;83;29;48;2;121;82;31m▀[38;2;129;86;35;48;2;124;85;38m▀[38;2;129;87;31;48;2;127;85;34m▀[38;2;128;85;33;48;2;125;86;34m▀[38;2;129;88;32;48;2;127;88;32m▀[38;2;128;88;32;48;2;130;89;34m▀[38;2;131;90;35;48;2;133;91;38m▀[38;2;131;90;35;48;2;132;89;37m▀[38;2;129;89;30;48;2;133;91;36m▀[38;2;128;87;31;48;2;138;96;34m▀[38;2;127;87;30;48;2;123;85;32m▀[38;2;117;80;28;48;2;121;83;32m▀[38;2;115;78;27;48;2;115;80;33m▀[38;2;115;79;29;48;2;82;58;35m▀[38;2;80;55;34;48;2;56;38;17m▀[38;2;56;38;19;48;2;57;36;18m▀[38;2;44;30;12;48;2;88;62;36m▀[38;2;73;51;28;48;2;97;72;41m▀[38;2;89;66;36;48;2;77;56;34m▀[38;2;77;56;26;48;2;72;50;23m▀[38;2;62;43;22;48;2;78;53;22m▀[38;2;62;43;18;48;2;76;54;23m▀[38;2;65;44;19;48;2;70;49;24m▀[38;2;60;39;16;48;2;65;48;22m▀[0m
[38;2;98;67;0;48;2;97;66;0m▀[38;2;91;61;2;48;2;109;73;9m▀[38;2;87;58;1;48;2;107;73;16m▀[38;2;99;66;8;48;2;112;76;14m▀[38;2;105;69;15;48;2;113;76;18m▀[38;2;105;71;19;48;2;108;74;20m▀[38;2;107;72;20;48;2;102;68;20m▀[38;2;102;69;21;48;2;102;69;19m▀[38;2;94;63;21;48;2;111;75;27m▀[38;2;105;69;26;48;2;114;78;29m▀[38;2;110;74;21;48;2;116;79;25m▀[38;2;112;75;23;48;2;109;74;25m▀[38;2;108;73;22;48;2;102;69;26m▀[38;2;99;66;27;48;2;113;77;30m▀[38;2;100;68;23;48;2;118;80;28m▀[38;2;100;67;26;48;2;114;79;31m▀[38;2;107;71;25;48;2;111;74;29m▀[38;2;114;77;31;48;2;106;72;30m▀[38;2;113;75;25;48;2;112;75;27m▀[38;2;110;72;23;48;2;120;81;26m▀[38;2;105;70;27;48;2;121;82;31m▀[38;2;111;73;26;48;2;118;80;26m▀[38;2;115;77;29;48;2;118;79;31m▀[38;2;116;78;27;48;2;113;76;28m▀[38;2;119;81;30;48;2;112;74;31m▀[38;2;120;82;30;48;2;114;78;31m▀[38;2;119;79;30;48;2;119;81;30m▀[38;2;107;72;28;48;2;119;80;27m▀[38;2;121;82;31;48;2;112;76;30m▀[38;2;128;88;32;48;2;127;86;32m▀[38;2;122;82;34;48;2;131;90;34m▀[38;2;109;74;32;48;2;122;84;32m▀[38;2;126;84;31;48;2;115;79;32m▀[38;2;129;86;30;48;2;137;94;32m▀[38;2;128;85;35;48;2;143;100;38m▀[38;2;126;86;35;48;2;144;101;39m▀[38;2;129;87;35;48;2;145;102;39m▀[38;2;128;88;34;48;2;150;105;39m▀[38;2;129;89;34;48;2;148;105;43m▀[38;2;132;90;38;48;2;136;94;37m▀[38;2;126;86;35;48;2;130;90;37m▀[38;2;125;86;36;48;2;150;105;44m▀[38;2;145;102;39;48;2;135;93;37m▀[38;2;131;90;34;48;2;140;97;32m▀[38;2;132;89;35;48;2;111;78;38m▀[38;2;112;78;38;48;2;80;58;37m▀[38;2;84;59;40;48;2;58;36;18m▀[38;2;54;33;14;48;2;83;58;34m▀[38;2;70;48;25;48;2;114;84;50m▀[38;2;106;77;46;48;2;101;74;45m▀[38;2;104;75;47;48;2;83;58;35m▀[38;2;76;55;35;48;2;82;57;30m▀[38;2;69;49;25;48;2;71;50;27m▀[38;2;84;59;26;48;2;73;52;28m▀[38;2;84;58;28;48;2;87;62;33m▀[38;2;82;58;27;48;2;65;46;22m▀[38;2;72;50;26;48;2;62;40;25m▀[38;2;52;35;19;48;2;55;36;20m▀[0m
[38;2;88;60;9;48;2;65;47;17m▀[38;2;107;70;10;48;2;88;60;14m▀[38;2;114;78;17;48;2;115;77;15m▀[38;2;116;79;19;48;2;106;73;16m▀[38;2;109;75;16;48;2;111;75;21m▀[38;2;104;71;21;48;2;126;86;27m▀[38;2;114;77;26;48;2;129;89;30m▀[38;2;118;81;31;48;2;125;87;30m▀[38;2;122;84;32;48;2;116;79;32m▀[38;2;117;80;27;48;2;115;79;29m▀[38;2;108;74;25;48;2;125;85;29m▀[38;2;113;77;30;48;2;126;87;30m▀[38;2;118;82;30;48;2;126;87;33m▀[38;2;121;83;31;48;2;116;82;30m▀[38;2;118;81;31;48;2;117;80;32m▀[38;2;112;78;31;48;2;115;80;34m▀[38;2;121;83;31;48;2;124;86;34m▀[38;2;123;84;34;48;2;128;88;36m▀[38;2;107;73;33;48;2;111;77;33m▀[38;2;124;84;31;48;2;127;89;31m▀[38;2;122;83;32;48;2;126;87;32m▀[38;2;105;71;25;48;2;115;79;32m▀[38;2;118;80;31;48;2;130;90;35m▀[38;2;121;82;30;48;2;129;88;35m▀[38;2;124;84;31;48;2;127;87;33m▀[38;2;117;81;32;48;2;131;91;35m▀[38;2;119;82;32;48;2;125;86;36m▀[38;2;127;87;32;48;2;124;86;33m▀[38;2;124;86;32;48;2;135;93;35m▀[38;2;118;80;28;48;2;131;90;36m▀[38;2;133;92;35;48;2;123;85;31m▀[38;2;137;95;34;48;2;141;99;38m▀[38;2;130;90;33;48;2;148;104;38m▀[38;2;124;85;34;48;2;138;96;39m▀[38;2;143;100;38;48;2;129;89;36m▀[38;2;149;105;42;48;2;150;105;37m▀[38;2;151;106;43;48;2;154;110;42m▀[38;2;152;108;38;48;2;140;99;39m▀[38;2;142;98;35;48;2;143;100;35m▀[38;2;136;94;37;48;2;160;113;44m▀[38;2;154;108;41;48;2;145;101;39m▀[38;2;136;94;39;48;2;149;106;42m▀[38;2;146;102;39;48;2;102;74;42m▀[38;2;106;74;41;48;2;70;48;28m▀[38;2;76;54;32;48;2;69;46;21m▀[38;2;62;38;19;48;2;109;80;48m▀[38;2;96;68;42;48;2;121;89;55m▀[38;2;119;89;54;48;2;95;70;44m▀[38;2;98;73;47;48;2;85;60;35m▀[38;2;87;61;35;48;2;78;55;32m▀[38;2;97;67;37;48;2;101;70;41m▀[38;2;98;68;35;48;2;102;72;39m▀[38;2;83;58;31;48;2;75;54;31m▀[38;2;73;52;24;48;2;78;54;31m▀[38;2;62;42;25;48;2;63;43;24m▀[38;2;70;47;28;48;2;31;18;8m▀[38;2;45;30;15;48;2;26;16;9m▀[38;2;21;11;4;48;2;51;34;20m▀[0m
[38;2;49;31;2;48;2;77;52;15m▀[38;2;73;52;18;48;2;58;39;9m▀[38;2;81;56;20;48;2;78;54;22m▀[38;2;124;84;16;48;2;77;54;28m▀[38;2;132;90;22;48;2;107;74;25m▀[38;2;135;94;26;48;2;131;89;30m▀[38;2;128;87;27;48;2;128;89;30m▀[38;2;120;82;28;48;2;144;101;31m▀[38;2;129;89;30;48;2;146;103;36m▀[38;2;136;96;36;48;2;137;98;36m▀[38;2;136;96;35;48;2;128;90;36m▀[38;2;127;89;33;48;2;132;93;35m▀[38;2;119;82;34;48;2;140;100;41m▀[38;2;126;89;35;48;2;142;102;39m▀[38;2;134;95;38;48;2;141;101;39m▀[38;2;126;88;37;48;2;139;98;38m▀[38;2;121;86;36;48;2;124;88;35m▀[38;2;134;95;36;48;2;142;101;42m▀[38;2;118;82;33;48;2;126;90;36m▀[38;2;132;92;37;48;2;136;95;40m▀[38;2;132;93;37;48;2;141;100;40m▀[38;2;123;85;34;48;2;126;88;31m▀[38;2;136;96;37;48;2;141;100;39m▀[38;2;127;88;35;48;2;130;90;36m▀[38;2;122;84;32;48;2;137;96;34m▀[38;2;132;92;36;48;2;134;92;33m▀[38;2;140;98;40;48;2;135;93;36m▀[38;2;132;91;35;48;2;144;102;39m▀[38;2;130;90;33;48;2;139;96;35m▀[38;2;146;103;36;48;2;136;95;35m▀[38;2;141;99;35;48;2;151;107;38m▀[38;2;129;89;35;48;2;148;105;38m▀[38;2;146;101;41;48;2;137;96;38m▀[38;2;155;110;43;48;2;152;107;40m▀[38;2;144;101;40;48;2;162;115;43m▀[38;2;134;93;34;48;2;153;108;40m▀[38;2;143;99;36;48;2;161;115;43m▀[38;2;151;106;40;48;2;159;114;41m▀[38;2;160;114;43;48;2;153;108;41m▀[38;2;145;103;40;48;2;140;101;42m▀[38;2;147;106;45;48;2;96;69;41m▀[38;2;98;71;43;48;2;68;46;22m▀[38;2;66;46;23;48;2;94;64;37m▀[38;2;76;53;28;48;2;125;91;54m▀[38;2;119;87;53;48;2;112;82;50m▀[38;2;119;87;49;48;2;90;67;40m▀[38;2;92;67;42;48;2;86;63;35m▀[38;2;101;72;41;48;2;108;77;42m▀[38;2;100;72;41;48;2;108;79;46m▀[38;2;95;65;33;48;2;87;60;35m▀[38;2;81;58;33;48;2;87;62;42m▀[38;2;71;50;31;48;2;70;47;32m▀[38;2;77;55;36;48;2;32;19;10m▀[38;2;48;32;17;48;2;38;24;15m▀[38;2;26;16;9;48;2;74;49;28m▀[38;2;41;26;17;48;2;105;68;33m▀[38;2;76;50;24;48;2;100;64;29m▀[38;2;101;63;28;48;2;97;61;30m▀[0m
[38;2;75;53;20;48;2;104;75;25m▀[38;2;79;56;25;48;2;79;57;28m▀[38;2;65;46;17;48;2;71;51;24m▀[38;2;54;34;8;48;2;83;59;27m▀[38;2;64;44;20;48;2;79;53;23m▀[38;2;75;53;29;48;2;64;43;16m▀[38;2;100;71;40;48;2;66;43;13m▀[38;2;119;83;35;48;2;72;48;23m▀[38;2;140;102;37;48;2;83;59;35m▀[38;2;147;104;41;48;2;109;79;44m▀[38;2;145;102;39;48;2;125;90;43m▀[38;2;143;102;39;48;2;149;107;43m▀[38;2;148;106;40;48;2;154;110;39m▀[38;2;151;110;43;48;2;152;110;40m▀[38;2;151;110;45;48;2;153;108;43m▀[38;2;148;109;43;48;2;154;110;40m▀[38;2;132;93;37;48;2;146;106;39m▀[38;2;145;105;42;48;2;147;108;41m▀[38;2;138;98;39;48;2;153;110;42m▀[38;2;137;95;37;48;2;138;98;37m▀[38;2;145;102;42;48;2;152;110;40m▀[38;2;129;90;34;48;2;138;98;37m▀[38;2;148;107;39;48;2;158;112;41m▀[38;2;135;95;33;48;2;140;99;37m▀[38;2;147;104;37;48;2;153;111;41m▀[38;2;150;107;41;48;2;157;114;42m▀[38;2;143;101;41;48;2;156;114;41m▀[38;2;139;98;37;48;2;153;111;41m▀[38;2;153;109;39;48;2;144;102;35m▀[38;2;149;105;39;48;2;157;113;39m▀[38;2;140;100;42;48;2;160;115;39m▀[38;2;152;111;42;48;2;149;106;39m▀[38;2;157;114;41;48;2;157;112;38m▀[38;2;146;104;40;48;2;167;120;38m▀[38;2;155;109;40;48;2;157;111;39m▀[38;2;168;120;43;48;2;155;110;39m▀[38;2;157;111;38;48;2;165;118;44m▀[38;2;160;114;41;48;2;125;89;43m▀[38;2;133;94;44;48;2;90;62;36m▀[38;2;91;66;40;48;2;81;55;27m▀[38;2;70;47;23;48;2;115;82;46m▀[38;2;103;74;43;48;2;124;89;51m▀[38;2;127;92;57;48;2;103;73;44m▀[38;2;103;75;46;48;2;99;70;38m▀[38;2;105;74;41;48;2;100;73;41m▀[38;2;110;80;43;48;2;119;85;49m▀[38;2;97;69;39;48;2;94;68;40m▀[38;2;90;66;38;48;2;93;66;44m▀[38;2;79;57;37;48;2;70;48;32m▀[38;2;82;59;39;48;2;34;21;13m▀[38;2;46;31;19;48;2;49;32;21m▀[38;2;31;19;14;48;2;103;69;36m▀[38;2;63;42;26;48;2;132;87;44m▀[38;2;105;71;36;48;2;118;77;35m▀[38;2;114;76;37;48;2;111;72;34m▀[38;2;105;66;33;48;2;107;68;30m▀[38;2;108;67;28;48;2;97;61;30m▀[38;2;103;65;29;48;2;92;60;32m▀[0m
[38;2;97;71;23;48;2;83;62;26m▀[38;2;90;66;25;48;2;88;63;24m▀[38;2;96;70;30;48;2;107;79;38m▀[38;2;87;61;29;48;2;111;80;40m▀[38;2;88;63;33;48;2;94;68;33m▀[38;2;94;68;38;48;2;100;73;37m▀[38;2;98;70;39;48;2;105;78;40m▀[38;2;94;66;35;48;2;99;73;45m▀[38;2;73;50;25;48;2;106;80;50m▀[38;2;68;46;17;48;2;104;77;50m▀[38;2;76;53;26;48;2;105;77;46m▀[38;2;89;65;40;48;2;89;62;31m▀[38;2;117;86;49;48;2;75;49;19m▀[38;2;131;95;47;48;2;80;57;27m▀[38;2;154;113;44;48;2;87;64;37m▀[38;2;160;116;43;48;2;112;83;46m▀[38;2;157;115;46;48;2;126;92;45m▀[38;2;151;111;44;48;2;153;112;46m▀[38;2;163;120;45;48;2;166;120;45m▀[38;2;145;104;40;48;2;151;109;40m▀[38;2;165;119;45;48;2;172;124;43m▀[38;2;145;103;37;48;2;157;114;39m▀[38;2;163;120;44;48;2;164;121;41m▀[38;2;149;108;40;48;2;168;122;41m▀[38;2;155;112;41;48;2;160;116;39m▀[38;2;157;114;43;48;2;161;118;40m▀[38;2;157;113;42;48;2;165;121;41m▀[38;2;156;113;42;48;2;169;122;40m▀[38;2;158;112;38;48;2;163;117;40m▀[38;2;156;113;39;48;2;148;107;38m▀[38;2;168;122;41;48;2;139;97;40m▀[38;2;165;119;39;48;2;133;96;39m▀[38;2;155;109;36;48;2;127;92;40m▀[38;2;163;117;38;48;2;113;84;39m▀[38;2;172;124;43;48;2;99;70;35m▀[38;2;155;112;39;48;2;88;63;36m▀[38;2;112;80;41;48;2;84;60;30m▀[38;2;85;62;29;48;2;106;75;37m▀[38;2;97;66;35;48;2;125;88;45m▀[38;2;120;86;46;48;2;109;78;45m▀[38;2;114;84;45;48;2;115;85;44m▀[38;2;101;73;41;48;2;113;79;44m▀[38;2;122;87;49;48;2;111;80;46m▀[38;2;123;87;49;48;2;106;76;44m▀[38;2;103;74;43;48;2;93;65;43m▀[38;2;88;63;42;48;2;69;49;31m▀[38;2;84;59;40;48;2;42;26;17m▀[38;2;46;30;19;48;2;67;45;30m▀[38;2;38;23;18;48;2;124;85;44m▀[38;2;87;59;34;48;2;135;93;51m▀[38;2;133;91;48;48;2;108;78;49m▀[38;2;128;87;47;48;2;89;67;46m▀[38;2;93;67;43;48;2;104;73;44m▀[38;2;101;71;44;48;2;100;67;33m▀[38;2;103;65;32;48;2;70;45;25m▀[38;2;72;44;20;48;2;42;22;6m▀[38;2;60;35;15;48;2;56;30;2m▀[38;2;57;35;15;48;2;49;29;11m▀[0m
[38;2;53;37;15;48;2;36;22;16m▀[38;2;66;46;22;48;2;29;19;11m▀[38;2;72;50;30;48;2;33;20;9m▀[38;2;85;61;37;48;2;46;29;14m▀[38;2;94;67;35;48;2;68;46;25m▀[38;2;109;81;46;48;2;77;54;32m▀[38;2;127;93;51;48;2;93;67;40m▀[38;2;107;80;41;48;2;103;76;45m▀[38;2;112;84;50;48;2;111;84;50m▀[38;2;122;93;55;48;2;132;104;63m▀[38;2;108;80;47;48;2;110;81;44m▀[38;2;114;85;54;48;2;132;100;60m▀[38;2;115;86;55;48;2;130;100;57m▀[38;2;114;85;52;48;2;108;79;46m▀[38;2;95;67;37;48;2;120;89;51m▀[38;2;77;52;22;48;2;115;87;53m▀[38;2;82;57;24;48;2;106;78;46m▀[38;2;82;59;32;48;2;97;69;39m▀[38;2;107;79;42;48;2;79;55;24m▀[38;2;127;92;42;48;2;82;59;30m▀[38;2;159;116;40;48;2;80;59;30m▀[38;2;160;117;37;48;2;93;69;40m▀[38;2;144;104;39;48;2;92;67;33m▀[38;2;133;95;34;48;2;95;70;36m▀[38;2;129;96;39;48;2;91;66;33m▀[38;2;121;91;44;48;2;81;58;27m▀[38;2;109;81;40;48;2;85;61;27m▀[38;2;97;69;36;48;2;93;66;32m▀[38;2;85;60;30;48;2;89;66;32m▀[38;2;82;58;30;48;2;100;75;39m▀[38;2;82;59;26;48;2;104;78;44m▀[38;2;83;58;23;48;2;104;78;44m▀[38;2;82;57;26;48;2;104;76;42m▀[38;2;79;52;24;48;2;107;81;47m▀[38;2;86;60;30;48;2;107;79;43m▀[38;2;95;68;37;48;2;107;78;43m▀[38;2;106;77;42;48;2;111;83;46m▀[38;2;119;85;44;48;2;105;78;41m▀[38;2;108;78;42;48;2;132;97;51m▀[38;2;108;78;40;48;2;126;95;51m▀[38;2;125;92;50;48;2;107;77;45m▀[38;2;125;90;50;48;2;98;69;41m▀[38;2;102;73;41;48;2;70;51;28m▀[38;2;89;61;37;48;2;50;34;19m▀[38;2;53;36;19;48;2;100;68;36m▀[38;2;59;40;25;48;2;142;97;46m▀[38;2;108;75;44;48;2;132;91;55m▀[38;2;135;96;49;48;2;101;74;48m▀[38;2;114;81;50;48;2;98;72;47m▀[38;2;90;67;46;48;2;103;69;38m▀[38;2;98;71;46;48;2;71;41;19m▀[38;2;99;66;34;48;2;52;29;10m▀[38;2;76;48;24;48;2;77;40;8m▀[38;2;52;29;18;48;2;74;37;13m▀[38;2;57;31;10;48;2;61;31;10m▀[38;2;68;35;6;48;2;81;42;12m▀[38;2;61;31;4;48;2;80;41;14m▀[38;2;44;25;10;48;2;61;36;13m▀[0m
[38;2;114;73;5;48;2;109;70;15m▀[38;2;107;67;18;48;2;120;75;21m▀[38;2;96;64;24;48;2;130;83;28m▀[38;2;71;47;25;48;2;139;89;33m▀[38;2;41;29;22;48;2;136;89;35m▀[38;2;37;23;17;48;2;125;82;34m▀[38;2;35;20;9;48;2;112;79;39m▀[38;2;56;39;21;48;2;84;59;34m▀[38;2;79;56;35;48;2;52;37;25m▀[38;2;88;63;42;48;2;42;27;20m▀[38;2;107;79;52;48;2;44;27;15m▀[38;2;119;91;58;48;2;65;46;31m▀[38;2;123;93;55;48;2;83;59;42m▀[38;2;123;95;57;48;2;97;72;48m▀[38;2;141;107;61;48;2;110;84;55m▀[38;2;122;91;51;48;2;113;84;51m▀[38;2;115;86;47;48;2;126;96;57m▀[38;2;113;86;51;48;2;126;95;54m▀[38;2;107;79;48;48;2;117;88;45m▀[38;2;97;73;42;48;2;132;97;50m▀[38;2;99;75;41;48;2;111;83;47m▀[38;2;114;85;45;48;2;121;93;52m▀[38;2;118;87;45;48;2;123;94;53m▀[38;2;114;82;42;48;2;116;88;50m▀[38;2;106;77;41;48;2;133;103;53m▀[38;2;108;81;46;48;2;111;83;42m▀[38;2;110;80;43;48;2;129;98;48m▀[38;2;105;77;41;48;2;118;88;45m▀[38;2;106;80;42;48;2;124;92;44m▀[38;2;101;76;42;48;2;119;90;44m▀[38;2;104;76;41;48;2;118;89;46m▀[38;2;112;83;43;48;2;127;95;47m▀[38;2;103;78;41;48;2;107;79;43m▀[38;2;124;93;51;48;2;116;87;47m▀[38;2;114;85;46;48;2;112;83;48m▀[38;2;125;95;52;48;2;111;82;47m▀[38;2;133;103;59;48;2;112;82;48m▀[38;2;124;92;47;48;2;105;76;43m▀[38;2;120;89;48;48;2;99;73;44m▀[38;2;104;75;46;48;2;74;52;31m▀[38;2;91;65;36;48;2;67;44;28m▀[38;2;59;42;23;48;2;117;78;40m▀[38;2;76;51;30;48;2;141;95;48m▀[38;2;133;88;45;48;2;134;89;43m▀[38;2;139;93;47;48;2;134;90;44m▀[38;2;108;79;51;48;2;115;77;41m▀[38;2;102;75;47;48;2;94;57;32m▀[38;2;107;71;41;48;2;71;40;20m▀[38;2;84;48;23;48;2;94;51;15m▀[38;2;54;30;11;48;2;93;48;12m▀[38;2;80;43;15;48;2;71;35;10m▀[38;2;85;42;13;48;2;109;66;28m▀[38;2;63;27;9;48;2;153;103;49m▀[38;2;93;52;19;48;2;147;104;55m▀[38;2;126;80;33;48;2;135;93;50m▀[38;2;109;72;33;48;2;114;79;43m▀[38;2;56;31;13;48;2;65;38;15m▀[38;2;55;33;11;48;2;54;28;11m▀[0m
[38;2;72;47;15;48;2;72;45;11m▀[38;2;91;58;16;48;2;82;52;5m▀[38;2;98;59;21;48;2;90;48;6m▀[38;2;113;72;31;48;2;71;43;7m▀[38;2;123;83;36;48;2;66;43;20m▀[38;2;118;75;28;48;2;80;49;24m▀[38;2;119;83;43;48;2;80;52;26m▀[38;2;120;85;45;48;2;99;69;41m▀[38;2;140;101;51;48;2;107;76;48m▀[38;2;136;96;46;48;2;109;79;52m▀[38;2;121;86;49;48;2;113;83;56m▀[38;2;87;63;39;48;2;121;91;57m▀[38;2;51;37;25;48;2;134;99;54m▀[38;2;45;30;22;48;2;127;91;49m▀[38;2;47;30;14;48;2;115;84;46m▀[38;2;72;51;31;48;2;86;60;33m▀[38;2;86;63;40;48;2;56;38;24m▀[38;2;102;74;46;48;2;54;36;23m▀[38;2;108;80;48;48;2;65;43;21m▀[38;2;124;92;46;48;2;83;59;31m▀[38;2;127;96;53;48;2;95;70;40m▀[38;2;142;112;61;48;2;102;77;43m▀[38;2;147;117;65;48;2;101;76;42m▀[38;2;117;91;51;48;2;94;69;38m▀[38;2;128;96;50;48;2;85;61;31m▀[38;2;110;82;47;48;2;71;53;27m▀[38;2;109;81;43;48;2;61;43;22m▀[38;2;104;78;43;48;2;56;38;19m▀[38;2;92;69;39;48;2;55;36;17m▀[38;2;87;64;35;48;2;48;32;14m▀[38;2;87;64;35;48;2;52;33;17m▀[38;2;82;56;32;48;2;62;39;22m▀[38;2;81;56;28;48;2;73;48;25m▀[38;2;80;55;29;48;2;91;60;30m▀[38;2;73;49;25;48;2;107;71;36m▀[38;2;65;43;19;48;2;116;79;41m▀[38;2;62;42;18;48;2;117;80;41m▀[38;2;67;47;28;48;2;119;81;40m▀[38;2;53;36;24;48;2;124;82;41m▀[38;2;97;67;38;48;2;125;83;37m▀[38;2;136;87;43;48;2;130;86;35m▀[38;2;139;90;43;48;2;134;88;39m▀[38;2;135;91;44;48;2;132;91;46m▀[38;2;133;88;45;48;2;124;78;34m▀[38;2;118;78;42;48;2;85;50;17m▀[38;2;86;51;22;48;2;89;45;13m▀[38;2;80;41;13;48;2;94;49;13m▀[38;2;102;56;16;48;2;135;86;39m▀[38;2;89;46;22;48;2;177;128;68m▀[38;2;124;76;32;48;2;178;132;76m▀[38;2;165;117;61;48;2;167;123;71m▀[38;2;162;121;68;48;2;169;123;70m▀[38;2;162;117;65;48;2;154;113;62m▀[38;2;149;103;55;48;2;139;96;50m▀[38;2;142;98;50;48;2;142;98;50m▀[38;2;124;85;48;48;2;140;96;49m▀[38;2;74;45;20;48;2;90;58;23m▀[38;2;56;30;13;48;2;60;33;13m▀[0m
[38;2;83;48;10;48;2;74;47;1m▀[38;2;86;54;4;48;2;91;53;5m▀[38;2;87;53;6;48;2;80;50;6m▀[38;2;76;44;9;48;2;68;40;16m▀[38;2;63;39;14;48;2;84;50;15m▀[38;2;68;35;9;48;2;103;61;22m▀[38;2;69;39;13;48;2;108;73;22m▀[38;2;70;39;13;48;2;93;60;21m▀[38;2;80;44;13;48;2;76;41;20m▀[38;2;83;52;22;48;2;76;37;17m▀[38;2;85;57;32;48;2;80;42;19m▀[38;2;97;67;41;48;2;83;45;17m▀[38;2;110;79;47;48;2;90;46;14m▀[38;2;105;77;50;48;2;83;51;23m▀[38;2;109;80;52;48;2;91;60;22m▀[38;2;147;101;45;48;2;106;68;31m▀[38;2;147;98;42;48;2;128;85;35m▀[38;2;130;87;38;48;2;146;96;37m▀[38;2;112;76;37;48;2;139;90;35m▀[38;2;81;56;31;48;2;134;88;32m▀[38;2;52;36;24;48;2;123;80;23m▀[38;2;70;52;32;48;2;128;81;31m▀[38;2;74;52;27;48;2;136;91;34m▀[38;2;84;59;28;48;2;140;95;39m▀[38;2;94;64;33;48;2;136;93;39m▀[38;2;103;70;36;48;2;125;87;36m▀[38;2;108;77;38;48;2;122;87;48m▀[38;2;111;79;40;48;2;100;73;44m▀[38;2;119;82;41;48;2;113;83;47m▀[38;2;129;92;49;48;2;117;86;46m▀[38;2;130;94;51;48;2;125;93;47m▀[38;2;131;95;53;48;2;120;87;45m▀[38;2;130;95;53;48;2;123;84;39m▀[38;2;140;98;45;48;2;114;78;37m▀[38;2;147;99;43;48;2;115;75;33m▀[38;2;149;99;44;48;2;121;75;31m▀[38;2;148;98;40;48;2;114;70;33m▀[38;2;137;87;35;48;2;120;79;34m▀[38;2;117;75;32;48;2;121;75;23m▀[38;2;123;85;40;48;2;65;40;15m▀[38;2;110;73;39;48;2;50;32;11m▀[38;2;119;74;35;48;2;98;57;19m▀[38;2;91;55;23;48;2;93;54;23m▀[38;2;104;58;15;48;2;105;61;17m▀[38;2;96;58;21;48;2;100;56;19m▀[38;2;100;55;19;48;2;79;50;22m▀[38;2;110;67;32;48;2;88;54;22m▀[38;2;169;120;67;48;2;138;94;51m▀[38;2;161;116;62;48;2;148;104;53m▀[38;2;145;108;60;48;2;151;110;62m▀[38;2;145;109;60;48;2;147;108;63m▀[38;2;141;93;48;48;2;145;101;56m▀[38;2;137;98;50;48;2;114;73;39m▀[38;2;133;95;53;48;2;125;92;49m▀[38;2;143;101;53;48;2;136;100;53m▀[38;2;146;101;50;48;2;141;103;53m▀[38;2;113;73;35;48;2;127;87;41m▀[38;2;60;33;11;48;2;63;38;15m▀[0m
[38;2;79;52;0;48;2;91;56;1m▀[38;2;95;51;6;48;2;95;57;6m▀[38;2;76;44;4;48;2;84;49;10m▀[38;2;69;45;18;48;2;70;43;16m▀[38;2;73;43;12;48;2;77;47;15m▀[38;2;97;69;25;48;2;117;88;36m▀[38;2;130;108;37;48;2;130;108;45m▀[38;2;129;104;34;48;2;133;110;47m▀[38;2;125;101;34;48;2;133;112;54m▀[38;2;127;101;41;48;2;170;148;96m▀[38;2;126;99;45;48;2;157;131;72m▀[38;2;103;75;30;48;2;136;110;47m▀[38;2;94;59;21;48;2;132;111;45m▀[38;2;86;48;19;48;2;124;102;38m▀[38;2;86;46;16;48;2;97;57;21m▀[38;2;78;46;20;48;2;95;54;25m▀[38;2;107;62;14;48;2;110;63;14m▀[38;2;116;66;16;48;2;115;66;17m▀[38;2;117;71;30;48;2;101;63;24m▀[38;2;120;77;26;48;2;109;66;14m▀[38;2;103;73;33;48;2;48;32;11m▀[38;2;108;75;30;48;2;78;47;11m▀[38;2;122;84;36;48;2;112;73;27m▀[38;2;119;81;30;48;2;110;71;20m▀[38;2;121;77;24;48;2;120;70;20m▀[38;2;108;71;29;48;2;100;61;25m▀[38;2;113;74;27;48;2;113;69;19m▀[38;2;107;68;24;48;2;109;66;20m▀[38;2;86;54;23;48;2;93;58;22m▀[38;2;107;65;17;48;2;122;72;18m▀[38;2;87;54;19;48;2;98;62;21m▀[38;2;92;60;19;48;2;100;62;22m▀[38;2;113;69;17;48;2;121;70;19m▀[38;2;92;55;22;48;2;98;59;23m▀[38;2;106;67;26;48;2;109;69;29m▀[38;2;121;69;20;48;2;125;70;16m▀[38;2;103;59;27;48;2;106;61;27m▀[38;2;114;73;27;48;2;111;70;25m▀[38;2;131;77;18;48;2;139;79;25m▀[38;2;79;49;18;48;2;87;55;23m▀[38;2;54;35;13;48;2;57;36;16m▀[38;2;96;59;21;48;2;97;60;21m▀[38;2;96;56;25;48;2;100;59;29m▀[38;2;107;61;18;48;2;109;62;20m▀[38;2;105;59;18;48;2;116;67;24m▀[38;2;89;52;27;48;2;90;50;23m▀[38;2;92;57;25;48;2;96;56;24m▀[38;2;123;86;44;48;2;154;112;62m▀[38;2;167;120;67;48;2;195;145;83m▀[38;2;172;132;78;48;2;183;143;89m▀[38;2;140;97;57;48;2;146;111;66m▀[38;2;157;95;41;48;2;146;89;40m▀[38;2;152;94;40;48;2;157;105;51m▀[38;2;125;93;51;48;2;130;97;53m▀[38;2;131;99;56;48;2;137;104;62m▀[38;2;144;104;58;48;2;143;110;63m▀[38;2;133;96;52;48;2;128;98;57m▀[38;2;76;47;18;48;2;86;59;29m▀[0m
[38;2;111;65;10;48;2;135;89;35m▀[38;2;96;59;4;48;2;107;65;11m▀[38;2;87;49;17;48;2;94;61;28m▀[38;2;80;47;18;48;2;90;53;19m▀[38;2;84;50;15;48;2;99;63;21m▀[38;2;103;81;32;48;2;123;103;46m▀[38;2;151;128;73;48;2;158;136;85m▀[38;2;162;140;87;48;2;177;158;115m▀[38;2;175;154;108;48;2;164;137;92m▀[38;2;175;148;104;48;2;158;103;44m▀[38;2;177;95;25;48;2;133;78;24m▀[38;2;189;97;22;48;2;183;91;3m▀[38;2;193;131;64;48;2;187;96;4m▀[38;2;133;100;49;48;2;151;95;43m▀[38;2;84;49;17;48;2;83;49;20m▀[38;2;90;51;22;48;2;90;51;22m▀[38;2;113;67;17;48;2;115;67;16m▀[38;2;109;60;13;48;2;113;68;19m▀[38;2;102;63;24;48;2;103;60;21m▀[38;2;104;66;14;48;2;101;64;17m▀[38;2;50;33;12;48;2;52;35;11m▀[38;2;86;55;13;48;2;94;62;17m▀[38;2;110;70;25;48;2;112;71;27m▀[38;2;118;74;22;48;2;122;74;23m▀[38;2;122;72;20;48;2;122;74;19m▀[38;2;104;65;24;48;2;107;67;23m▀[38;2;118;70;20;48;2;119;74;18m▀[38;2;111;69;21;48;2;112;70;25m▀[38;2;97;60;22;48;2;97;60;21m▀[38;2;124;73;22;48;2;125;73;23m▀[38;2;98;61;21;48;2;97;61;22m▀[38;2;100;61;25;48;2;98;60;22m▀[38;2;124;74;22;48;2;126;75;21m▀[38;2;103;64;24;48;2;105;66;25m▀[38;2;109;69;25;48;2;107;67;25m▀[38;2;132;75;19;48;2;136;79;22m▀[38;2;109;66;26;48;2;111;69;24m▀[38;2;112;67;25;48;2;117;70;28m▀[38;2;138;80;21;48;2;140;81;20m▀[38;2;99;64;25;48;2;109;73;27m▀[38;2;58;39;15;48;2;61;42;18m▀[38;2;95;58;23;48;2;87;52;17m▀[38;2;99;60;27;48;2;104;66;28m▀[38;2;110;66;30;48;2;97;58;22m▀[38;2;116;65;17;48;2;121;67;19m▀[38;2;94;51;21;48;2;97;53;24m▀[38;2;92;56;22;48;2;90;53;26m▀[38;2;147;107;56;48;2;120;85;43m▀[38;2;198;146;83;48;2;182;137;79m▀[38;2;176;134;79;48;2;166;128;75m▀[38;2;135;105;63;48;2;102;71;40m▀[38;2;124;88;51;48;2;109;75;43m▀[38;2;127;89;55;48;2;118;80;45m▀[38;2;104;73;43;48;2;155;106;52m▀[38;2;107;73;43;48;2;123;85;46m▀[38;2;144;109;64;48;2;129;92;53m▀[38;2;140;109;66;48;2;157;124;74m▀[38;2;114;83;46;48;2;141;106;60m▀[0m
[38;2;113;77;18;48;2;133;92;29m▀[38;2;124;74;25;48;2;143;92;35m▀[38;2;98;64;28;48;2;119;79;31m▀[38;2;90;53;20;48;2;101;59;21m▀[38;2;118;87;37;48;2;135;109;53m▀[38;2;170;148;99;48;2;173;149;102m▀[38;2;180;152;108;48;2;179;123;69m▀[38;2;172;144;104;48;2;167;113;64m▀[38;2;157;127;83;48;2;171;131;78m▀[38;2;160;112;56;48;2;162;129;86m▀[38;2;150;115;72;48;2;178;143;100m▀[38;2;187;106;27;48;2;178;156;114m▀[38;2;198;99;0;48;2;182;149;94m▀[38;2;134;71;17;48;2;110;75;35m▀[38;2;78;47;16;48;2;79;47;20m▀[38;2;93;54;19;48;2;104;64;24m▀[38;2;125;68;15;48;2;127;72;14m▀[38;2;108;65;23;48;2;102;64;21m▀[38;2;105;62;21;48;2;110;69;23m▀[38;2;97;60;14;48;2;93;55;12m▀[38;2;56;36;11;48;2;54;35;11m▀[38;2;104;68;17;48;2;112;73;20m▀[38;2;120;78;31;48;2;117;72;28m▀[38;2;125;75;21;48;2;127;75;21m▀[38;2;122;72;22;48;2;115;68;19m▀[38;2;110;70;25;48;2;106;68;28m▀[38;2;122;72;23;48;2;115;68;20m▀[38;2;109;71;24;48;2;104;67;25m▀[38;2;96;59;23;48;2;94;58;23m▀[38;2;123;73;22;48;2;119;72;23m▀[38;2;94;60;25;48;2;94;59;23m▀[38;2;94;58;23;48;2;93;56;23m▀[38;2;123;73;22;48;2;120;70;22m▀[38;2;101;64;25;48;2;95;59;21m▀[38;2;103;65;24;48;2;98;61;26m▀[38;2;133;76;22;48;2;139;85;30m▀[38;2;112;70;25;48;2;118;72;30m▀[38;2;112;65;28;48;2;109;64;28m▀[38;2;136;80;21;48;2;131;80;25m▀[38;2;116;74;23;48;2;120;75;24m▀[38;2;91;61;33;48;2;69;43;19m▀[38;2;116;77;39;48;2;125;86;29m▀[38;2;113;70;28;48;2;116;67;22m▀[38;2;101;58;25;48;2;109;64;27m▀[38;2;128;71;19;48;2;130;75;24m▀[38;2;113;66;31;48;2;118;69;29m▀[38;2;93;54;24;48;2;109;64;28m▀[38;2;123;84;43;48;2;128;84;36m▀[38;2;165;129;79;48;2;163;128;78m▀[38;2;158;122;75;48;2;145;112;69m▀[38;2;137;93;49;48;2;144;105;61m▀[38;2;149;100;54;48;2;145;107;60m▀[38;2;174;123;63;48;2;147;110;65m▀[38;2;157;109;57;48;2;160;121;71m▀[38;2;142;100;57;48;2;141;108;65m▀[38;2;132;95;57;48;2;118;91;56m▀[38;2;154;121;75;48;2;121;89;50m▀[38;2;173;136;79;48;2;115;72;28m▀[0m
[38;2;95;60;4;48;2;103;63;5m▀[38;2;83;55;15;48;2;74;52;22m▀[38;2;100;62;18;48;2;134;90;36m▀[38;2;118;80;29;48;2;160;120;59m▀[38;2;149;123;59;48;2;182;163;109m▀[38;2;178;156;107;48;2;185;169;124m▀[38;2;183;148;91;48;2;188;169;126m▀[38;2;173;140;96;48;2;175;153;115m▀[38;2;122;92;65;48;2;135;108;88m▀[38;2;169;127;72;48;2;172;151;117m▀[38;2;179;129;82;48;2;188;174;137m▀[38;2;179;155;114;48;2;181;168;127m▀[38;2;179;162;125;48;2;173;154;114m▀[38;2;96;64;32;48;2;100;64;27m▀[38;2;83;53;25;48;2;93;58;26m▀[38;2;112;67;19;48;2;116;65;19m▀[38;2;152;97;43;48;2;126;66;16m▀[38;2;111;65;23;48;2;109;66;24m▀[38;2;121;77;23;48;2;121;72;22m▀[38;2;83;47;13;48;2;71;43;14m▀[38;2;52;35;11;48;2;52;35;11m▀[38;2;120;75;19;48;2;126;76;21m▀[38;2;136;82;30;48;2;117;68;24m▀[38;2;126;75;22;48;2;127;75;23m▀[38;2;117;71;24;48;2;115;73;28m▀[38;2;99;62;24;48;2;94;58;21m▀[38;2;116;69;19;48;2;117;67;24m▀[38;2;99;64;25;48;2;95;59;26m▀[38;2;91;58;25;48;2;90;57;28m▀[38;2;119;70;25;48;2;114;67;29m▀[38;2;92;56;27;48;2;86;56;28m▀[38;2;91;55;23;48;2;86;54;26m▀[38;2;118;68;20;48;2;112;66;25m▀[38;2;92;58;22;48;2;90;57;23m▀[38;2;94;57;25;48;2;84;51;26m▀[38;2;117;71;24;48;2;110;65;24m▀[38;2;119;72;24;48;2;112;67;24m▀[38;2;109;64;28;48;2;108;66;29m▀[38;2;130;79;29;48;2;125;75;26m▀[38;2;127;77;25;48;2;133;82;25m▀[38;2;67;41;15;48;2;76;46;20m▀[38;2;109;73;24;48;2;100;66;21m▀[38;2;117;68;22;48;2;116;71;23m▀[38;2;113;69;29;48;2;109;66;30m▀[38;2;129;77;25;48;2;119;68;22m▀[38;2;125;75;25;48;2;128;80;29m▀[38;2;127;77;31;48;2;121;72;27m▀[38;2;154;101;40;48;2;136;89;37m▀[38;2;171;135;79;48;2;141;94;42m▀[38;2;174;140;87;48;2;136;84;22m▀[38;2;143;108;65;48;2;133;81;19m▀[38;2;119;90;53;48;2;146;90;28m▀[38;2;120;82;40;48;2;154;100;35m▀[38;2;120;73;23;48;2;130;83;35m▀[38;2;124;76;22;48;2;118;72;26m▀[38;2;130;78;21;48;2;133;81;23m▀[38;2;144;89;27;48;2;130;79;16m▀[38;2;125;79;26;48;2;140;79;5m▀[0m
[38;2;117;76;17;48;2;120;85;26m▀[38;2;90;57;17;48;2;135;85;15m▀[38;2;98;59;11;48;2;127;76;16m▀[38;2;102;62;19;48;2;127;78;21m▀[38;2;125;88;43;48;2;108;65;21m▀[38;2;137;102;52;48;2;102;63;25m▀[38;2;143;106;55;48;2;111;74;33m▀[38;2;146;116;73;48;2;117;78;44m▀[38;2;141;121;89;48;2;126;87;53m▀[38;2;139;126;106;48;2;133;91;45m▀[38;2;159;151;124;48;2;133;89;41m▀[38;2;182;170;129;48;2;125;77;27m▀[38;2;171;148;103;48;2;110;62;16m▀[38;2;136;89;37;48;2;89;53;19m▀[38;2;112;68;26;48;2;113;69;27m▀[38;2;128;81;27;48;2;128;80;23m▀[38;2;115;61;17;48;2;68;40;18m▀[38;2;107;65;24;48;2;102;64;25m▀[38;2;120;70;15;48;2;109;67;19m▀[38;2;64;43;15;48;2;56;37;13m▀[38;2;62;39;12;48;2;73;44;17m▀[38;2;129;78;20;48;2;108;68;25m▀[38;2;117;68;22;48;2;107;64;24m▀[38;2;124;73;21;48;2;125;75;23m▀[38;2;108;70;31;48;2;95;60;26m▀[38;2;86;53;24;48;2;87;57;27m▀[38;2;113;67;25;48;2;116;68;27m▀[38;2;89;57;25;48;2;90;58;30m▀[38;2;86;57;27;48;2;91;60;27m▀[38;2;112;65;29;48;2;119;71;30m▀[38;2;85;54;31;48;2;98;66;33m▀[38;2;86;55;30;48;2;97;65;32m▀[38;2;110;65;24;48;2;120;74;31m▀[38;2;90;58;27;48;2;102;69;35m▀[38;2;83;51;24;48;2;100;64;33m▀[38;2;101;63;26;48;2;98;66;31m▀[38;2;94;51;23;48;2;67;38;23m▀[38;2;107;69;32;48;2;110;73;34m▀[38;2;118;68;22;48;2;83;46;22m▀[38;2;130;79;25;48;2;61;40;21m▀[38;2;79;47;22;48;2;74;51;28m▀[38;2;54;37;19;48;2;69;48;29m▀[38;2;124;88;39;48;2;109;75;31m▀[38;2;103;61;27;48;2;99;57;24m▀[38;2;116;72;26;48;2;109;72;29m▀[38;2;132;81;24;48;2;138;83;17m▀[38;2;123;74;24;48;2;135;89;30m▀[38;2;149;85;11;48;2;159;95;12m▀[38;2;152;86;6;48;2;183;115;11m▀[38;2;124;75;23;48;2;174;119;24m▀[38;2;138;86;26;48;2;161;105;22m▀[38;2;148;92;23;48;2;169;108;21m▀[38;2;146;89;14;48;2;176;123;23m▀[38;2;156;107;24;48;2;174;122;23m▀[38;2;171;110;18;48;2;175;116;23m▀[38;2;164;111;22;48;2;151;113;32m▀[38;2;162;118;27;48;2;164;105;20m▀[38;2;175;104;1;48;2;172;112;9m▀[0m
[38;2;138;109;36;48;2;132;99;28m▀[38;2;152;104;26;48;2;151;113;36m▀[38;2;171;112;16;48;2;172;109;15m▀[38;2;159;114;30;48;2;160;113;28m▀[38;2;152;103;28;48;2;152;117;44m▀[38;2;162;108;29;48;2;160;107;23m▀[38;2;168;116;24;48;2;170;105;12m▀[38;2;159;110;34;48;2;160;114;33m▀[38;2;159;99;22;48;2;174;125;35m▀[38;2;139;90;28;48;2;166;116;36m▀[38;2;130;84;27;48;2;162;111;29m▀[38;2;138;89;23;48;2;168;120;27m▀[38;2;147;92;20;48;2;167;118;25m▀[38;2;130;82;23;48;2;158;112;32m▀[38;2;136;91;31;48;2;167;118;31m▀[38;2;144;88;19;48;2;165;105;15m▀[38;2;73;52;28;48;2;66;51;26m▀[38;2;68;45;21;48;2;48;36;23m▀[38;2;50;34;18;48;2;28;21;18m▀[38;2;37;24;12;48;2;29;19;19m▀[38;2;53;34;16;48;2;26;19;16m▀[38;2;76;50;22;48;2;36;27;20m▀[38;2;92;58;25;48;2;79;54;27m▀[38;2;118;70;23;48;2;127;79;25m▀[38;2;93;60;26;48;2;113;76;36m▀[38;2;99;68;32;48;2;122;85;35m▀[38;2;127;78;29;48;2;149;97;31m▀[38;2;104;69;31;48;2;130;92;42m▀[38;2;108;75;37;48;2;137;100;47m▀[38;2;136;87;32;48;2;158;104;39m▀[38;2;113;78;37;48;2;135;95;44m▀[38;2;117;81;42;48;2;140;99;50m▀[38;2;138;89;36;48;2;161;106;38m▀[38;2;125;90;45;48;2;150;111;51m▀[38;2;115;78;39;48;2;135;95;41m▀[38;2;124;84;35;48;2;149;107;45m▀[38;2;63;38;21;48;2;125;87;35m▀[38;2;48;32;20;48;2;91;64;33m▀[38;2;23;17;15;48;2;9;6;9m▀[38;2;59;45;32;48;2;38;28;23m▀[38;2;42;36;25;48;2;11;8;8m▀[38;2;26;18;14;48;2;72;54;37m▀[38;2;114;79;42;48;2;75;48;29m▀[38;2;94;58;25;48;2;76;48;26m▀[38;2;104;68;26;48;2;109;67;28m▀[38;2;152;93;15;48;2;169;117;29m▀[38;2;160;110;31;48;2;160;110;30m▀[38;2;154;108;33;48;2;131;98;37m▀[38;2;173;124;21;48;2;114;81;15m▀[38;2;175;124;20;48;2;94;66;14m▀[38;2;171;110;22;48;2;64;41;15m▀[38;2;163;106;20;48;2;34;20;11m▀[38;2;159;109;27;48;2;8;4;4m▀[38;2;144;93;17;48;2;6;1;5m▀[38;2;114;71;19;48;2;5;1;6m▀[38;2;92;67;20;48;2;6;1;6m▀[38;2;85;52;12;48;2;8;1;4m▀[38;2;58;39;12;48;2;8;1;4m▀[0m
[38;2;8;1;1;48;2;0;0;0m▀▀▀[38;2;14;5;5;48;2;2;0;0m▀[38;2;28;21;11;48;2;2;0;0m▀[38;2;43;28;12;48;2;2;0;0m▀[38;2;60;35;9;48;2;2;0;0m▀[38;2;68;47;21;48;2;2;0;0m▀[38;2;87;61;25;48;2;2;0;0m▀[38;2;100;67;21;48;2;2;2;0m▀[38;2;111;77;20;48;2;5;0;0m▀[38;2;120;82;17;48;2;5;0;2m▀[38;2;132;93;23;48;2;2;0;2m▀[38;2;145;107;36;48;2;5;1;1m▀[38;2;154;109;24;48;2;5;5;1m▀[38;2;158;106;19;48;2;5;5;1m▀[38;2;126;80;32;48;2;7;1;5m▀[38;2;44;33;20;48;2;9;4;7m▀[38;2;12;10;12;48;2;9;6;9m▀[38;2;14;12;14;48;2;8;8;11m▀[38;2;39;27;23;48;2;12;8;8m▀[38;2;60;45;32;48;2;27;24;22m▀[38;2;111;83;45;48;2;35;27;21m▀[38;2;169;114;26;48;2;41;29;13m▀[38;2;161;110;33;48;2;35;25;17m▀[38;2;172;127;50;48;2;30;24;21m▀[38;2;185;127;32;48;2;29;22;21m▀[38;2;170;122;44;48;2;26;19;23m▀[38;2;177;134;54;48;2;20;16;20m▀[38;2;193;131;39;48;2;17;15;23m▀[38;2;177;131;59;48;2;17;14;23m▀[38;2;174;126;53;48;2;14;14;17m▀[38;2;187;127;34;48;2;15;12;21m▀[38;2;180;134;54;48;2;14;12;21m▀[38;2;164;124;58;48;2;10;10;18m▀[38;2;174;127;49;48;2;13;10;15m▀[38;2;169;121;41;48;2;14;8;12m▀[38;2;146;104;39;48;2;8;8;12m▀[38;2;38;27;18;48;2;6;6;9m▀[38;2;7;4;9;48;2;8;8;12m▀[38;2;5;5;5;48;2;9;6;9m▀[38;2;29;21;18;48;2;7;7;7m▀[38;2;59;43;32;48;2;5;1;7m▀[38;2;53;44;36;48;2;5;5;5m▀[38;2;30;20;15;48;2;5;1;5m▀[38;2;15;9;12;48;2;5;1;7m▀[38;2;8;6;6;48;2;7;1;5m▀[38;2;8;4;7;48;2;7;1;5m▀[38;2;8;4;7;48;2;6;1;1m▀[38;2;10;6;6;48;2;6;1;1m▀[38;2;8;4;4;48;2;6;4;4m▀[38;2;6;1;5;48;2;5;1;1m▀[38;2;9;1;5;48;2;2;2;2m▀[38;2;6;1;5;48;2;2;2;0m▀[38;2;6;1;4;48;2;2;0;0m▀[38;2;6;1;4;48;2;4;0;0m▀[38;2;6;1;0;48;2;2;0;0m▀[38;2;6;1;0;48;2;2;0;2m▀[0m
[38;2;0;0;0;48;2;0;0;0m▀▀▀[38;2;0;0;0;48;2;7;3;0m▀[38;2;0;0;0;48;2;8;4;0m▀[38;2;0;0;0;48;2;4;0;0m▀▀[38;2;0;0;0;48;2;4;1;0m▀[38;2;2;0;0;48;2;10;5;0m▀[38;2;5;0;0;48;2;5;1;0m▀▀[38;2;2;2;0;48;2;5;1;0m▀[38;2;2;0;0;48;2;5;1;0m▀[38;2;5;1;1;48;2;1;5;1m▀[38;2;5;5;0;48;2;1;5;1m▀[38;2;5;5;5;48;2;5;5;5m▀[38;2;5;5;5;48;2;4;4;7m▀[38;2;7;4;4;48;2;5;1;7m▀[38;2;9;6;9;48;2;1;5;7m▀[38;2;6;6;10;48;2;1;5;7m▀[38;2;10;12;15;48;2;4;7;10m▀[38;2;4;4;9;48;2;8;8;12m▀[38;2;1;5;11;48;2;4;6;13m▀[38;2;6;9;12;48;2;6;8;15m▀[38;2;6;8;15;48;2;16;18;29m▀[38;2;6;6;19;48;2;10;14;23m▀[38;2;8;10;20;48;2;8;12;21m▀[38;2;10;12;21;48;2;23;27;45m▀[38;2;12;13;26;48;2;14;27;49m▀[38;2;12;14;27;48;2;10;24;43m▀[38;2;13;16;29;48;2;12;27;49m▀[38;2;13;13;27;48;2;25;41;67m▀[38;2;10;12;24;48;2;10;21;40m▀[38;2;10;12;23;48;2;8;21;40m▀[38;2;11;13;23;48;2;10;20;36m▀[38;2;8;10;18;48;2;21;27;39m▀[38;2;11;8;16;48;2;9;6;13m▀[38;2;10;6;15;48;2;9;6;13m▀[38;2;12;10;14;48;2;8;6;13m▀[38;2;8;8;12;48;2;11;11;17m▀[38;2;7;4;9;48;2;4;4;7m▀[38;2;5;1;9;48;2;1;1;5m▀[38;2;5;1;7;48;2;2;0;5m▀[38;2;1;1;5;48;2;1;1;5m▀[38;2;2;2;2;48;2;2;2;2m▀[38;2;2;2;2;48;2;1;1;5m▀[38;2;5;1;1;48;2;1;5;1m▀[38;2;2;2;2;48;2;2;2;2m▀[38;2;2;2;2;48;2;5;1;1m▀[38;2;1;1;5;48;2;5;1;0m▀[38;2;2;2;2;48;2;4;0;0m▀[38;2;2;2;2;48;2;4;1;0m▀[38;2;2;2;0;48;2;4;1;0m▀[38;2;2;0;0;48;2;6;1;0m▀[38;2;2;0;0;48;2;4;0;0m▀[38;2;4;0;0;48;2;4;0;0m▀[38;2;2;0;0;48;2;2;0;0m▀▀[0m
[38;2;0;0;0;48;2;0;0;0m▀▀[38;2;2;0;0;48;2;2;0;0m▀[38;2;11;5;0;48;2;8;1;0m▀[38;2;8;1;0;48;2;4;0;0m▀[38;2;6;1;0;48;2;6;1;0m▀▀[38;2;8;4;0;48;2;8;4;0m▀[38;2;14;7;0;48;2;12;4;0m▀[38;2;8;4;0;48;2;6;1;0m▀▀▀[38;2;14;7;0;48;2;10;5;0m▀[38;2;10;6;6;48;2;8;4;4m▀[38;2;8;4;4;48;2;10;5;5m▀[38;2;10;6;6;48;2;13;7;10m▀[38;2;14;9;12;48;2;14;9;12m▀[38;2;12;7;12;48;2;13;7;13m▀[38;2;10;6;10;48;2;10;7;12m▀[38;2;10;7;12;48;2;10;7;12m▀[38;2;19;17;22;48;2;21;18;21m▀[38;2;24;23;26;48;2;25;29;36m▀[38;2;73;90;102;48;2;56;80;98m▀[38;2;50;52;63;48;2;42;91;131m▀[38;2;75;109;133;48;2;49;107;148m▀[38;2;96;113;127;48;2;68;105;127m▀[38;2;119;110;102;48;2;82;92;98m▀[38;2;100;120;123;48;2;113;141;155m▀[38;2;89;124;130;48;2;99;148;165m▀[38;2;74;118;132;48;2;42;145;183m▀[38;2;74;116;130;48;2;56;151;187m▀[38;2;78;116;128;48;2;61;134;162m▀[38;2;83;119;127;48;2;75;67;61m▀[38;2;89;120;124;48;2;67;59;54m▀[38;2;90;113;114;48;2;74;67;61m▀[38;2;97;83;65;48;2;82;67;51m▀[38;2;153;124;80;48;2;114;91;65m▀[38;2;160;127;75;48;2;90;70;54m▀[38;2;156;124;76;48;2;120;94;62m▀[38;2;89;62;38;48;2;73;52;35m▀[38;2;18;18;25;48;2;30;28;32m▀[38;2;10;6;10;48;2;10;6;8m▀[38;2;8;4;10;48;2;10;5;10m▀[38;2;6;4;8;48;2;6;4;8m▀[38;2;4;4;6;48;2;4;4;6m▀[38;2;8;4;8;48;2;8;4;8m▀[38;2;6;4;4;48;2;8;4;6m▀[38;2;6;1;1;48;2;8;4;6m▀[38;2;8;4;4;48;2;6;1;6m▀[38;2;8;4;1;48;2;8;4;4m▀[38;2;6;1;1;48;2;6;1;1m▀[38;2;6;1;1;48;2;6;1;0m▀[38;2;6;1;1;48;2;4;0;0m▀[38;2;7;3;1;48;2;6;1;0m▀[38;2;6;1;0;48;2;6;1;0m▀[38;2;4;0;0;48;2;2;0;0m▀[38;2;4;0;0;48;2;4;0;0m▀▀[0m
[38;2;0;0;0;48;2;0;0;0m▀▀[38;2;2;0;0;48;2;0;0;0m▀[38;2;4;0;0;48;2;2;0;0m▀▀[38;2;4;0;0;48;2;4;0;0m▀[38;2;6;1;0;48;2;4;0;0m▀[38;2;8;1;0;48;2;6;0;0m▀[38;2;6;1;0;48;2;4;0;0m▀[38;2;4;0;0;48;2;4;0;0m▀[38;2;6;1;0;48;2;4;0;0m▀[38;2;8;1;0;48;2;6;1;0m▀[38;2;10;4;0;48;2;19;4;0m▀[38;2;6;4;1;48;2;41;8;4m▀[38;2;6;4;4;48;2;37;9;9m▀[38;2;11;7;10;48;2;13;9;9m▀[38;2;13;9;11;48;2;11;7;9m▀[38;2;11;7;11;48;2;10;5;11m▀[38;2;10;7;10;48;2;8;5;10m▀[38;2;8;6;12;48;2;8;5;10m▀[38;2;16;13;18;48;2;16;13;16m▀[38;2;21;34;49;48;2;22;44;63m▀[38;2;43;100;140;48;2;34;92;136m▀[38;2;53;113;160;48;2;54;108;150m▀[38;2;83;155;193;48;2;89;160;194m▀[38;2;103;148;163;48;2;123;166;174m▀[38;2;65;83;97;48;2;61;82;98m▀[38;2;125;160;174;48;2;132;168;179m▀[38;2;142;199;210;48;2;134;193;204m▀[38;2;126;195;210;48;2;127;192;207m▀[38;2;146;203;213;48;2;155;202;209m▀[38;2;92;166;188;48;2;85;164;188m▀[38;2;58;56;55;48;2;50;52;53m▀[38;2;66;59;52;48;2;59;53;51m▀[38;2;71;66;65;48;2;59;59;59m▀[38;2;63;52;45;48;2;59;55;53m▀[38;2;101;81;63;48;2;89;74;57m▀[38;2;67;56;45;48;2;88;73;60m▀[38;2;86;66;50;48;2;90;71;57m▀[38;2;66;51;39;48;2;89;71;57m▀[38;2;45;40;41;48;2;50;42;42m▀[38;2;10;5;10;48;2;11;9;14m▀[38;2;10;7;7;48;2;9;5;8m▀[38;2;6;4;6;48;2;4;1;1m▀[38;2;4;4;4;48;2;4;4;4m▀[38;2;8;4;8;48;2;8;4;6m▀[38;2;8;4;6;48;2;6;4;4m▀[38;2;8;4;6;48;2;4;4;4m▀[38;2;6;1;4;48;2;6;3;3m▀[38;2;6;1;4;48;2;6;1;1m▀[38;2;4;0;2;48;2;6;1;0m▀[38;2;6;1;0;48;2;4;0;0m▀[38;2;4;0;0;48;2;4;0;0m▀▀▀[38;2;2;0;0;48;2;2;0;0m▀[38;2;4;0;0;48;2;2;0;0m▀[38;2;2;0;0;48;2;0;0;0m▀[0m
