[38;2;20;17;15;48;2;32;35;36m▀[38;2;16;12;9;48;2;26;26;24m▀[38;2;16;14;9;48;2;17;14;10m▀[38;2;25;23;22;48;2;21;19;16m▀[38;2;32;34;34;48;2;30;30;30m▀[38;2;22;18;15;48;2;35;36;39m▀[38;2;31;28;30;48;2;42;38;41m▀[38;2;122;126;134;48;2;136;140;147m▀[38;2;163;168;171;48;2;167;172;175m▀[38;2;175;179;182;48;2;178;183;185m▀[38;2;186;186;186;48;2;189;192;192m▀[38;2;186;187;190;48;2;190;193;194m▀[38;2;195;193;193;48;2;198;198;196m▀[38;2;195;195;193;48;2;198;197;196m▀[38;2;194;193;192;48;2;195;193;192m▀[38;2;197;193;193;48;2;197;194;193m▀[38;2;126;123;122;48;2;117;113;112m▀[38;2;31;27;23;48;2;56;49;47m▀[38;2;37;30;27;48;2;48;44;44m▀[38;2;49;44;46;48;2;77;73;75m▀[38;2;50;51;53;48;2;70;68;70m▀[38;2;50;52;57;48;2;63;63;63m▀[38;2;37;40;42;48;2;42;49;48m▀[38;2;56;54;58;48;2;51;48;53m▀[38;2;61;57;63;48;2;64;53;53m▀[38;2;34;34;39;48;2;36;35;27m▀[38;2;33;31;33;48;2;41;25;27m▀[38;2;34;38;43;48;2;23;13;12m▀[38;2;47;45;49;48;2;107;52;46m▀[38;2;68;78;74;48;2;79;42;42m▀[38;2;43;43;39;48;2;44;52;45m▀[38;2;32;27;23;48;2;42;38;41m▀[38;2;101;104;104;48;2;65;68;70m▀[38;2;153;157;159;48;2;113;119;121m▀[38;2;170;176;179;48;2;173;179;182m▀[38;2;181;186;187;48;2;183;188;190m▀[38;2;188;191;192;48;2;189;194;195m▀[38;2;180;177;176;48;2;182;179;179m▀[38;2;198;198;198;48;2;203;203;202m▀[38;2;199;197;193;48;2;204;201;199m▀[38;2;84;76;76;48;2;103;98;97m▀[38;2;59;46;37;48;2;38;31;27m▀[38;2;43;34;29;48;2;63;50;37m▀[38;2;35;28;26;48;2;36;30;28m▀[38;2;32;28;25;48;2;31;27;24m▀[38;2;32;27;23;48;2;29;26;22m▀[38;2;33;29;25;48;2;26;22;19m▀[38;2;36;31;25;48;2;27;23;19m▀[38;2;39;33;27;48;2;54;48;36m▀[38;2;54;47;37;48;2;66;58;44m▀[38;2;67;60;47;48;2;71;64;54m▀[38;2;82;77;67;48;2;83;77;68m▀[38;2;94;91;83;48;2;85;80;71m▀[38;2;92;89;80;48;2;96;95;87m▀[38;2;90;86;77;48;2;109;110;105m▀[38;2;92;88;79;48;2;116;117;112m▀[38;2;95;91;82;48;2;125;124;117m▀[38;2;96;91;80;48;2;131;126;122m▀[0m
[38;2;17;14;9;48;2;29;26;24m▀[38;2;17;14;11;48;2;20;17;15m▀[38;2;33;35;35;48;2;16;12;9m▀[38;2;30;30;30;48;2;25;24;22m▀[38;2;29;28;26;48;2;34;34;34m▀[38;2;23;20;17;48;2;22;19;16m▀[38;2;45;46;51;48;2;53;51;56m▀[38;2;148;153;159;48;2;160;165;171m▀[38;2;171;176;180;48;2;177;181;185m▀[38;2;181;186;188;48;2;186;190;192m▀[38;2;195;196;196;48;2;198;200;200m▀[38;2;195;196;199;48;2;198;201;202m▀[38;2;201;201;200;48;2;202;202;204m▀[38;2;198;198;200;48;2;199;199;199m▀[38;2;193;193;194;48;2;188;189;189m▀[38;2;192;190;192;48;2;179;179;183m▀[38;2;129;126;128;48;2;109;104;104m▀[38;2;82;74;73;48;2;73;94;88m▀[38;2;49;46;49;48;2;56;74;75m▀[38;2;30;34;38;48;2;66;68;65m▀[38;2;92;77;75;48;2;76;53;53m▀[38;2;62;48;51;48;2;36;29;34m▀[38;2;33;42;39;48;2;42;48;57m▀[38;2;28;31;29;48;2;25;29;33m▀[38;2;31;28;25;48;2;18;16;18m▀[38;2;12;7;7;48;2;10;8;10m▀[38;2;42;22;24;48;2;16;12;15m▀[38;2;67;37;41;48;2;22;11;12m▀[38;2;45;17;22;48;2;56;21;28m▀[38;2;42;29;29;48;2;22;12;16m▀[38;2;59;56;53;48;2;43;35;35m▀[38;2;49;33;35;48;2;58;21;26m▀[38;2;38;34;36;48;2;72;53;55m▀[38;2;45;48;49;48;2;44;46;46m▀[38;2;157;163;166;48;2;105;99;99m▀[38;2;187;191;194;48;2;141;141;143m▀[38;2;192;198;200;48;2;164;169;171m▀[38;2;187;184;184;48;2;190;187;185m▀[38;2;207;207;205;48;2;210;209;210m▀[38;2;209;206;204;48;2;211;209;208m▀[38;2;123;118;118;48;2;142;139;139m▀[38;2;38;32;28;48;2;38;32;29m▀[38;2;62;50;38;48;2;38;32;26m▀[38;2;37;31;27;48;2;59;47;35m▀[38;2;31;26;24;48;2;28;24;21m▀[38;2;28;23;19;48;2;30;24;21m▀[38;2;28;23;20;48;2;28;23;20m▀[38;2;39;34;27;48;2;27;24;19m▀[38;2;62;53;41;48;2;46;41;32m▀[38;2;62;55;43;48;2;53;47;39m▀[38;2;66;58;49;48;2;57;51;41m▀[38;2;71;65;56;48;2;65;60;49m▀[38;2;93;91;83;48;2;96;94;87m▀[38;2;111;113;109;48;2;111;113;109m▀[38;2;119;122;119;48;2;126;130;129m▀[38;2;120;120;118;48;2;137;142;141m▀[38;2;123;123;118;48;2;145;148;146m▀[38;2;139;137;133;48;2;150;150;147m▀[0m
[38;2;14;10;8;48;2;19;15;15m▀[38;2;34;37;39;48;2;27;27;27m▀[38;2;32;36;36;48;2;25;25;23m▀[38;2;23;20;19;48;2;30;30;27m▀[38;2;30;29;27;48;2;31;31;28m▀[38;2;29;31;29;48;2;24;21;18m▀[38;2;67;67;77;48;2;73;74;84m▀[38;2;170;175;182;48;2;177;182;187m▀[38;2;182;186;190;48;2;187;191;195m▀[38;2;189;193;196;48;2;192;196;199m▀[38;2;200;202;202;48;2;203;205;206m▀[38;2;202;202;205;48;2;200;203;205m▀[38;2;203;206;207;48;2;206;208;209m▀[38;2;196;196;196;48;2;189;189;192m▀[38;2;182;185;186;48;2;178;178;182m▀[38;2;140;144;146;48;2;74;74;78m▀[38;2;72;80;82;48;2;25;30;34m▀[38;2;53;73;72;48;2;34;35;43m▀[38;2;63;65;60;48;2;46;36;34m▀[38;2;79;66;66;48;2;75;40;45m▀[38;2;23;16;18;48;2;18;23;19m▀[38;2;17;14;16;48;2;59;36;37m▀[38;2;40;44;48;48;2;42;50;50m▀[38;2;60;65;70;48;2;87;95;98m▀[38;2;57;57;65;48;2;96;100;108m▀[38;2;45;46;50;48;2;85;90;101m▀[38;2;25;28;30;48;2;50;57;67m▀[38;2;23;21;24;48;2;48;53;63m▀[38;2;15;11;11;48;2;51;52;60m▀[38;2;58;26;35;48;2;32;29;32m▀[38;2;61;29;33;48;2;24;22;24m▀[38;2;43;11;16;48;2;8;4;6m▀[38;2;44;19;19;48;2;29;10;12m▀[38;2;40;34;35;48;2;56;27;34m▀[38;2;61;38;40;48;2;71;58;60m▀[38;2;46;36;35;48;2;60;74;69m▀[38;2;98;93;91;48;2;43;43;49m▀[38;2;186;180;180;48;2;178;168;165m▀[38;2;185;180;183;48;2;202;204;202m▀[38;2;214;212;211;48;2;213;215;215m▀[38;2;162;159;159;48;2;181;178;178m▀[38;2;36;32;28;48;2;35;30;28m▀[38;2;50;46;43;48;2;67;62;56m▀[38;2;82;68;58;48;2;99;90;84m▀[38;2;33;27;21;48;2;55;43;33m▀[38;2;29;22;19;48;2;34;29;24m▀[38;2;30;25;22;48;2;36;31;27m▀[38;2;34;29;25;48;2;34;29;25m▀[38;2;36;31;27;48;2;37;33;27m▀[38;2;37;32;28;48;2;37;32;27m▀[38;2;42;35;30;48;2;36;30;27m▀[38;2;62;58;48;48;2;50;44;36m▀[38;2;98;97;89;48;2;105;107;103m▀[38;2;126;130;130;48;2;131;136;137m▀[38;2;140;145;146;48;2;144;148;150m▀[38;2;150;155;155;48;2;154;159;159m▀[38;2;159;163;163;48;2;161;166;166m▀[38;2;163;165;164;48;2;166;168;169m▀[0m
[38;2;26;24;24;48;2;28;25;25m▀[38;2;30;30;30;48;2;26;26;25m▀[38;2;13;10;8;48;2;26;23;22m▀[38;2;15;11;10;48;2;14;10;8m▀[38;2;19;14;13;48;2;20;16;16m▀[38;2;36;38;40;48;2;33;29;29m▀[38;2;91;93;103;48;2;103;108;116m▀[38;2;182;187;192;48;2;186;191;196m▀[38;2;193;196;200;48;2;198;201;206m▀[38;2;195;198;201;48;2;196;200;202m▀[38;2;206;206;210;48;2;208;208;213m▀[38;2;201;202;203;48;2;198;200;202m▀[38;2;207;210;212;48;2;208;213;215m▀[38;2;184;184;187;48;2;177;178;182m▀[38;2;168;173;175;48;2;154;160;165m▀[38;2;48;50;52;48;2;60;62;67m▀[38;2;33;37;42;48;2;26;26;32m▀[38;2;27;27;30;48;2;47;49;56m▀[38;2;73;61;58;48;2;45;30;36m▀[38;2;81;48;54;48;2;67;57;62m▀[38;2;43;36;35;48;2;56;53;58m▀[38;2;59;63;65;48;2;69;70;80m▀[38;2;73;74;86;48;2;98;103;118m▀[38;2;96;120;117;48;2;107;115;130m▀[38;2;123;129;141;48;2;148;157;173m▀[38;2;120;127;141;48;2;150;163;181m▀[38;2;68;78;93;48;2;88;100;118m▀[38;2;78;87;102;48;2;104;116;133m▀[38;2;95;101;111;48;2;169;182;199m▀[38;2;75;77;85;48;2;157;167;183m▀[38;2;57;58;63;48;2;117;125;137m▀[38;2;25;23;25;48;2;69;72;83m▀[38;2;8;5;8;48;2;30;31;35m▀[38;2;1;0;0;48;2;13;10;13m▀[38;2;13;12;12;48;2;53;28;32m▀[38;2;27;32;27;48;2;64;40;42m▀[38;2;30;30;30;48;2;30;44;36m▀[38;2;106;88;79;48;2;86;76;66m▀[38;2;146;148;148;48;2;116;112;115m▀[38;2;209;212;212;48;2;142;140;144m▀[38;2;198;196;196;48;2;179;181;181m▀[38;2;39;33;30;48;2;40;32;32m▀[38;2;69;63;58;48;2;61;56;51m▀[38;2;96;91;87;48;2;97;92;90m▀[38;2;72;59;45;48;2;107;98;92m▀[38;2;36;32;28;48;2;60;49;41m▀[38;2;36;32;28;48;2;37;30;26m▀[38;2;86;80;78;48;2;118;115;112m▀[38;2;37;31;28;48;2;39;33;29m▀[38;2;35;29;25;48;2;43;38;31m▀[38;2;37;33;28;48;2;83;76;62m▀[38;2;52;46;35;48;2;87;78;58m▀[38;2;107;109;104;48;2;109;111;104m▀[38;2;133;139;140;48;2;135;141;142m▀[38;2;145;151;153;48;2;148;154;157m▀[38;2;154;161;161;48;2;157;162;163m▀[38;2;162;168;168;48;2;165;170;172m▀[38;2;169;173;173;48;2;171;175;175m▀[0m
[38;2;17;13;8;48;2;19;14;7m▀[38;2;17;14;8;48;2;20;16;8m▀[38;2;20;16;13;48;2;19;16;11m▀[38;2;31;31;28;48;2;21;16;11m▀[38;2;38;43;45;48;2;33;32;31m▀[38;2;30;27;29;48;2;38;41;44m▀[38;2;123;125;136;48;2;140;146;155m▀[38;2;185;191;197;48;2;187;193;200m▀[38;2;203;207;210;48;2;206;209;214m▀[38;2;198;200;204;48;2;199;202;205m▀[38;2;210;211;215;48;2;209;214;217m▀[38;2;196;198;200;48;2;196;198;200m▀[38;2;209;213;217;48;2;207;212;215m▀[38;2;169;170;176;48;2;168;171;174m▀[38;2;142;148;152;48;2;134;140;144m▀[38;2;52;56;59;48;2;48;49;52m▀[38;2;44;39;45;48;2;63;46;52m▀[38;2;47;48;56;48;2;76;73;82m▀[38;2;29;15;20;48;2;48;37;44m▀[38;2;48;49;60;48;2;36;41;46m▀[38;2;59;63;73;48;2;91;73;77m▀[38;2;81;83;96;48;2;92;98;106m▀[38;2;104;110;125;48;2;70;76;85m▀[38;2;90;102;121;48;2;88;96;109m▀[38;2;141;154;173;48;2;102;114;134m▀[38;2;199;213;231;48;2;117;131;154m▀[38;2;146;162;181;48;2;105;121;142m▀[38;2;85;99;116;48;2;104;119;140m▀[38;2;185;198;213;48;2;171;183;201m▀[38;2;203;215;229;48;2;201;213;226m▀[38;2;178;190;207;48;2;187;200;216m▀[38;2;118;129;145;48;2;161;175;195m▀[38;2;74;79;91;48;2;101;113;131m▀[38;2;33;36;38;48;2;60;69;80m▀[38;2;23;15;16;48;2;27;28;32m▀[38;2;48;23;31;48;2;10;5;5m▀[38;2;33;21;23;48;2;64;43;50m▀[38;2;78;63;56;48;2;88;67;60m▀[38;2;45;28;30;48;2;52;30;31m▀[38;2;83;69;76;48;2;64;44;49m▀[38;2;135;135;141;48;2;91;95;99m▀[38;2;41;36;36;48;2;50;51;57m▀[38;2;37;35;34;48;2;32;29;26m▀[38;2;53;55;57;48;2;42;41;37m▀[38;2;106;105;99;48;2;88;88;81m▀[38;2;85;71;60;48;2;92;85;77m▀[38;2;32;28;23;48;2;56;47;38m▀[38;2;113;115;111;48;2;43;47;49m▀[38;2;65;58;53;48;2;88;85;80m▀[38;2;123;113;95;48;2;135;128;119m▀[38;2;118;108;90;48;2;101;96;80m▀[38;2;102;94;76;48;2;143;134;120m▀[38;2;115;115;107;48;2;128;125;116m▀[38;2;138;143;145;48;2;139;145;147m▀[38;2;150;156;158;48;2;151;157;159m▀[38;2;158;163;165;48;2;160;166;169m▀[38;2;165;172;175;48;2;171;179;180m▀[38;2;175;180;180;48;2;179;182;182m▀[0m
[38;2;19;14;10;48;2;55;60;54m▀[38;2;14;11;8;48;2;46;49;43m▀[38;2;15;11;6;48;2;39;36;31m▀[38;2;21;16;11;48;2;44;40;37m▀[38;2;35;35;31;48;2;50;47;44m▀[38;2;44;47;49;48;2;54;52;54m▀[38;2;157;163;172;48;2;171;177;185m▀[38;2;190;195;201;48;2;193;197;202m▀[38;2;206;211;216;48;2;207;211;216m▀[38;2;201;204;207;48;2;202;206;209m▀[38;2;211;215;219;48;2;211;216;219m▀[38;2;194;197;198;48;2;196;198;200m▀[38;2;204;209;214;48;2;203;208;212m▀[38;2;171;172;176;48;2;174;177;181m▀[38;2;130;134;139;48;2;115;120;124m▀[38;2;48;53;58;48;2;51;56;60m▀[38;2;38;34;38;48;2;36;30;36m▀[38;2;45;43;48;48;2;40;32;39m▀[38;2;36;33;38;48;2;37;38;44m▀[38;2;43;43;51;48;2;56;60;69m▀[38;2;84;86;97;48;2;86;92;103m▀[38;2;120;124;138;48;2;121;125;139m▀[38;2;139;146;160;48;2;154;164;180m▀[38;2;119;131;146;48;2;172;185;205m▀[38;2;145;156;173;48;2;208;221;239m▀[38;2;138;151;171;48;2;186;201;221m▀[38;2;163;178;199;48;2;174;191;210m▀[38;2;106;122;144;48;2;108;122;144m▀[38;2;126;138;156;48;2;106;116;135m▀[38;2;191;202;217;48;2;221;229;239m▀[38;2;197;207;221;48;2;206;216;229m▀[38;2;209;221;237;48;2;211;223;238m▀[38;2;164;178;198;48;2;195;208;223m▀[38;2;107;120;137;48;2;169;181;198m▀[38;2;63;73;82;48;2;111;124;140m▀[38;2;25;27;28;48;2;57;61;70m▀[38;2;11;7;7;48;2;11;9;9m▀[38;2;74;58;51;48;2;44;37;32m▀[38;2;39;23;21;48;2;43;38;35m▀[38;2;31;27;24;48;2;55;26;30m▀[38;2;20;18;20;48;2;38;32;33m▀[38;2;59;52;50;48;2;51;56;58m▀[38;2;49;51;52;48;2;33;33;28m▀[38;2;44;41;40;48;2;38;34;30m▀[38;2;43;47;43;48;2;30;27;26m▀[38;2;68;72;70;48;2;68;72;72m▀[38;2;77;66;52;48;2;69;62;51m▀[38;2;58;62;62;48;2;63;60;56m▀[38;2;71;68;62;48;2;79;86;80m▀[38;2;132;127;122;48;2;135;135;132m▀[38;2;66;64;55;48;2;68;68;63m▀[38;2;103;102;93;48;2;75;77;70m▀[38;2;125;125;120;48;2;88;89;85m▀[38;2;135;141;143;48;2;131;137;137m▀[38;2;153;159;162;48;2;155;162;165m▀[38;2;165;172;175;48;2;170;178;181m▀[38;2;175;181;182;48;2;175;180;181m▀[38;2;179;184;184;48;2;181;185;186m▀[0m
[38;2;52;52;49;48;2;52;49;41m▀[38;2;59;63;54;48;2;67;69;64m▀[38;2;61;66;60;48;2;77;85;80m▀[38;2;62;68;62;48;2;64;67;62m▀[38;2;57;61;55;48;2;34;30;25m▀[38;2;69;72;72;48;2;78;84;85m▀[38;2;182;187;195;48;2;187;193;201m▀[38;2;195;199;204;48;2;197;202;205m▀[38;2;207;212;216;48;2;206;212;217m▀[38;2;206;208;212;48;2;208;212;214m▀[38;2;213;217;220;48;2;213;218;221m▀[38;2;196;200;201;48;2;198;201;203m▀[38;2;201;207;210;48;2;199;204;208m▀[38;2;179;182;186;48;2;181;185;188m▀[38;2;103;106;111;48;2;94;99;105m▀[38;2;52;50;55;48;2;61;63;74m▀[38;2;61;68;78;48;2;23;24;25m▀[38;2;47;47;52;48;2;52;44;49m▀[38;2;52;62;75;48;2;63;60;66m▀[38;2;71;76;86;48;2;65;70;80m▀[38;2;97;100;112;48;2;79;85;98m▀[38;2;123;129;141;48;2;101;108;120m▀[38;2;137;148;164;48;2;113;124;140m▀[38;2;169;183;201;48;2;136;149;171m▀[38;2;187;202;221;48;2;201;216;235m▀[38;2;166;181;202;48;2;213;227;243m▀[38;2;195;207;225;48;2;222;230;242m▀[38;2;218;229;241;48;2;209;218;230m▀[38;2;197;209;225;48;2;204;215;225m▀[38;2;198;211;226;48;2;194;207;223m▀[38;2;196;208;223;48;2;183;195;212m▀[38;2;208;223;240;48;2;198;212;229m▀[38;2;203;215;227;48;2;202;214;229m▀[38;2;184;196;213;48;2;194;205;220m▀[38;2;134;147;165;48;2;166;177;194m▀[38;2;82;93;105;48;2;96;107;120m▀[38;2;30;28;34;48;2;48;49;56m▀[38;2;30;25;23;48;2;26;23;23m▀[38;2;49;41;34;48;2;65;57;49m▀[38;2;18;12;13;48;2;31;39;42m▀[38;2;72;56;61;48;2;73;51;61m▀[38;2;73;63;70;48;2;58;53;55m▀[38;2;48;48;51;48;2;46;43;46m▀[38;2;34;30;26;48;2;48;45;44m▀[38;2;44;42;41;48;2;39;35;32m▀[38;2;86;93;94;48;2;73;75;72m▀[38;2;80;80;75;48;2;84;88;83m▀[38;2;82;75;65;48;2;69;62;54m▀[38;2;72;75;72;48;2;61;60;50m▀[38;2;146;150;147;48;2;69;77;81m▀[38;2;99;102;98;48;2;85;88;83m▀[38;2;72;74;68;48;2;112;117;114m▀[38;2;79;82;77;48;2;109;115;110m▀[38;2;133;139;140;48;2;139;141;141m▀[38;2;156;163;165;48;2;159;164;167m▀[38;2;170;177;180;48;2;170;176;178m▀[38;2;174;180;180;48;2;175;179;181m▀[38;2;181;186;188;48;2;181;186;188m▀[0m
[38;2;57;57;53;48;2;50;52;47m▀[38;2;66;71;65;48;2;37;40;34m▀[38;2;70;75;73;48;2;63;68;68m▀[38;2;84;93;87;48;2;77;90;86m▀[38;2;35;29;21;48;2;15;12;11m▀[38;2;88;92;96;48;2;137;141;146m▀[38;2;189;195;203;48;2;195;201;208m▀[38;2;199;205;207;48;2;202;206;210m▀[38;2;206;213;216;48;2;205;212;216m▀[38;2;210;214;216;48;2;212;216;218m▀[38;2;213;216;220;48;2;208;213;216m▀[38;2;201;202;207;48;2;204;207;209m▀[38;2;198;202;206;48;2;196;199;203m▀[38;2;171;176;179;48;2;178;182;185m▀[38;2;57;57;62;48;2;51;55;58m▀[38;2;44;38;39;48;2;96;82;73m▀[38;2;42;37;37;48;2;26;22;22m▀[38;2;31;23;22;48;2;25;23;26m▀[38;2;34;29;33;48;2;34;32;38m▀[38;2;66;68;75;48;2;28;28;32m▀[38;2;80;84;97;48;2;65;71;79m▀[38;2;47;49;55;48;2;52;53;62m▀[38;2;143;149;163;48;2;119;124;136m▀[38;2;166;180;202;48;2;145;158;176m▀[38;2;188;203;223;48;2;163;178;201m▀[38;2;190;205;225;48;2;189;205;223m▀[38;2;217;228;241;48;2;207;220;235m▀[38;2;228;236;246;48;2;193;208;227m▀[38;2;182;194;209;48;2;201;214;228m▀[38;2;215;228;245;48;2;201;214;230m▀[38;2;220;232;245;48;2;202;214;227m▀[38;2;209;221;234;48;2;192;207;226m▀[38;2;184;198;215;48;2;172;185;203m▀[38;2;194;206;223;48;2;180;194;213m▀[38;2;204;216;232;48;2;198;213;230m▀[38;2;154;164;180;48;2;175;185;201m▀[38;2;74;78;87;48;2;81;87;98m▀[38;2;32;29;32;48;2;34;34;39m▀[38;2;80;71;62;48;2;78;65;56m▀[38;2;51;55;60;48;2;32;33;38m▀[38;2;58;50;54;48;2;63;38;45m▀[38;2;36;42;37;48;2;24;23;16m▀[38;2;49;43;46;48;2;44;46;43m▀[38;2;39;36;32;48;2;54;54;52m▀[38;2;31;26;21;48;2;53;51;49m▀[38;2;50;50;47;48;2;49;51;48m▀[38;2;77;79;76;48;2;103;109;109m▀[38;2;74;77;74;48;2;79;83;81m▀[38;2;69;61;47;48;2;52;50;38m▀[38;2;92;99;100;48;2;117;124;123m▀[38;2;89;92;87;48;2;92;96;89m▀[38;2;95;99;94;48;2;85;88;81m▀[38;2;85;88;84;48;2;75;75;70m▀[38;2;146;149;147;48;2;145;147;144m▀[38;2;153;157;160;48;2;147;152;153m▀[38;2;169;174;176;48;2;168;173;175m▀[38;2;175;180;182;48;2;174;180;183m▀[38;2;180;185;188;48;2;181;186;188m▀[0m
[38;2;49;49;44;48;2;82;86;79m▀[38;2;54;59;57;48;2;65;69;67m▀[38;2;68;75;72;48;2;81;91;89m▀[38;2;63;71;66;48;2;61;68;64m▀[38;2;18;15;14;48;2;19;16;18m▀[38;2;153;157;164;48;2;165;169;177m▀[38;2;199;204;210;48;2;200;207;211m▀[38;2;204;208;213;48;2;207;210;215m▀[38;2;205;211;215;48;2;206;211;215m▀[38;2;214;215;219;48;2;216;219;221m▀[38;2;209;214;216;48;2;208;213;215m▀[38;2;207;208;213;48;2;209;212;215m▀[38;2;193;198;201;48;2;192;195;198m▀[38;2;187;193;196;48;2;190;195;199m▀[38;2;80;83;85;48;2;103;106;107m▀[38;2;69;62;58;48;2;70;79;67m▀[38;2;37;33;36;48;2;96;84;78m▀[38;2;34;39;46;48;2;43;47;53m▀[38;2;24;25;30;48;2;42;43;47m▀[38;2;34;34;40;48;2;32;25;29m▀[38;2;114;63;70;48;2;53;45;52m▀[38;2;84;81;84;48;2;55;53;61m▀[38;2;95;98;110;48;2;55;55;63m▀[38;2;135;137;154;48;2;99;74;83m▀[38;2;154;168;188;48;2;145;157;173m▀[38;2;193;210;229;48;2;191;205;223m▀[38;2;177;192;214;48;2;181;196;216m▀[38;2;181;196;218;48;2;174;188;210m▀[38;2;150;163;183;48;2;164;179;199m▀[38;2;187;199;215;48;2;159;169;181m▀[38;2;192;202;217;48;2;166;180;198m▀[38;2;175;190;208;48;2;173;189;209m▀[38;2;182;197;217;48;2;197;212;230m▀[38;2;152;167;187;48;2;177;194;212m▀[38;2;157;170;186;48;2;153;165;180m▀[38;2;153;161;176;48;2;106;116;128m▀[38;2;81;86;97;48;2;75;80;89m▀[38;2;31;32;37;48;2;32;32;37m▀[38;2;76;65;55;48;2;79;68;60m▀[38;2;18;15;15;48;2;30;23;24m▀[38;2;41;29;31;48;2;61;27;34m▀[38;2;42;38;35;48;2;24;20;20m▀[38;2;42;50;45;48;2;40;32;33m▀[38;2;43;41;39;48;2;51;48;45m▀[38;2;36;32;27;48;2;46;45;39m▀[38;2;39;38;33;48;2;54;53;48m▀[38;2;97;102;102;48;2;102;106;106m▀[38;2;62;64;59;48;2;72;75;71m▀[38;2;41;44;40;48;2;52;56;51m▀[38;2;102;104;97;48;2;109;113;109m▀[38;2;73;73;67;48;2;59;52;48m▀[38;2;47;42;37;48;2;37;31;27m▀[38;2;40;34;30;48;2;37;33;26m▀[38;2;70;77;79;48;2;62;64;65m▀[38;2;136;142;143;48;2;132;136;136m▀[38;2;165;170;171;48;2;162;168;170m▀[38;2;173;179;183;48;2;175;183;186m▀[38;2;186;191;192;48;2;185;189;190m▀[0m
[38;2;71;69;61;48;2;67;74;73m▀[38;2;71;73;64;48;2;62;68;65m▀[38;2;91;99;95;48;2;76;88;88m▀[38;2;59;65;59;48;2;58;64;64m▀[38;2;31;28;26;48;2;77;73;67m▀[38;2;177;182;188;48;2;184;188;195m▀[38;2;199;205;210;48;2;196;203;207m▀[38;2;208;213;218;48;2;211;215;219m▀[38;2;204;211;215;48;2;204;211;214m▀[38;2;217;220;223;48;2;218;221;224m▀[38;2;208;212;213;48;2;208;211;213m▀[38;2;212;216;219;48;2;214;217;221m▀[38;2;190;193;195;48;2;190;192;193m▀[38;2;194;198;201;48;2;198;202;206m▀[38;2;103;120;120;48;2;113;114;117m▀[38;2;61;60;54;48;2;79;75;74m▀[38;2;99;77;57;48;2;45;42;38m▀[38;2;149;128;101;48;2;112;94;80m▀[38;2;56;49;45;48;2;61;45;35m▀[38;2;20;17;21;48;2;24;24;28m▀[38;2;20;23;24;48;2;24;28;32m▀[38;2;28;20;23;48;2;29;32;35m▀[38;2;54;49;52;48;2;40;29;35m▀[38;2;27;27;30;48;2;73;67;66m▀[38;2;69;76;84;48;2;73;82;81m▀[38;2;118;126;142;48;2;92;97;107m▀[38;2;133;145;163;48;2;126;115;121m▀[38;2;152;168;187;48;2;104;96;104m▀[38;2;135;139;153;48;2;110;84;81m▀[38;2;66;67;79;48;2;24;24;29m▀[38;2;123;106;112;48;2;77;81;87m▀[38;2;154;162;177;48;2;112;104;110m▀[38;2;189;203;220;48;2;129;116;122m▀[38;2;185;196;213;48;2;129;131;141m▀[38;2;139;150;165;48;2;141;149;160m▀[38;2;116;123;136;48;2;113;109;119m▀[38;2;65;70;78;48;2;83;77;81m▀[38;2;29;29;34;48;2;32;28;30m▀[38;2;111;92;71;48;2;134;105;74m▀[38;2;70;57;55;48;2;119;95;69m▀[38;2;51;40;46;48;2;71;59;51m▀[38;2;45;39;44;48;2;57;45;50m▀[38;2;84;52;55;48;2;106;63;71m▀[38;2;71;59;52;48;2;55;42;43m▀[38;2;32;27;22;48;2;31;26;22m▀[38;2;31;27;21;48;2;28;24;19m▀[38;2;114;122;119;48;2;96;102;99m▀[38;2;72;75;69;48;2;82;86;81m▀[38;2;42;44;40;48;2;41;43;37m▀[38;2;101;113;113;48;2;101;112;111m▀[38;2;76;69;59;48;2;63;57;52m▀[38;2;35;30;25;48;2;44;37;29m▀[38;2;36;31;27;48;2;35;30;26m▀[38;2;83;87;85;48;2;81;85;83m▀[38;2;132;136;134;48;2;132;137;138m▀[38;2;163;169;171;48;2;166;173;177m▀[38;2;179;185;188;48;2;174;181;184m▀[38;2;182;186;186;48;2;178;183;183m▀[0m
[38;2;54;62;61;48;2;31;35;35m▀[38;2;48;57;56;48;2;65;74;71m▀[38;2;73;84;85;48;2;45;52;55m▀[38;2;48;54;57;48;2;39;44;46m▀[38;2;85;81;79;48;2;100;98;98m▀[38;2;186;192;197;48;2;187;192;198m▀[38;2;194;200;205;48;2;193;200;204m▀[38;2;213;217;222;48;2;212;217;222m▀[38;2;204;210;213;48;2;204;209;211m▀[38;2;219;223;225;48;2;219;223;226m▀[38;2;207;210;211;48;2;208;209;210m▀[38;2;215;219;222;48;2;218;220;225m▀[38;2;191;191;192;48;2;190;192;190m▀[38;2;198;203;207;48;2;200;205;209m▀[38;2;118;116;116;48;2;132;130;129m▀[38;2;83;81;80;48;2;80;75;74m▀[38;2;71;70;61;48;2;71;65;52m▀[38;2;47;42;45;48;2;61;61;58m▀[38;2;18;13;10;48;2;53;39;31m▀[38;2;10;5;8;48;2;16;12;12m▀[38;2;6;4;4;48;2;26;19;20m▀[38;2;17;17;21;48;2;62;54;54m▀[38;2;31;32;37;48;2;45;42;44m▀[38;2;81;77;72;48;2;38;34;34m▀[38;2;78;76;74;48;2;76;70;64m▀[38;2;77;77;75;48;2;20;20;20m▀[38;2;73;66;70;48;2;38;32;31m▀[38;2;55;66;71;48;2;79;67;65m▀[38;2;86;61;61;48;2;113;82;78m▀[38;2;26;24;29;48;2;43;38;43m▀[38;2;31;37;40;48;2;16;20;23m▀[38;2;37;37;40;48;2;24;25;30m▀[38;2;53;46;47;48;2;29;33;35m▀[38;2;73;85;85;48;2;38;44;40m▀[38;2;134;134;132;48;2;45;40;37m▀[38;2;89;87;93;48;2;80;58;51m▀[38;2;81;76;83;48;2;129;104;104m▀[38;2;112;88;88;48;2;96;73;73m▀[38;2;115;86;67;48;2;120;95;74m▀[38;2;92;72;54;48;2;101;86;69m▀[38;2;41;34;34;48;2;85;77;69m▀[38;2;59;50;54;48;2;61;48;52m▀[38;2;74;53;59;48;2;59;52;51m▀[38;2;104;82;72;48;2;54;43;39m▀[38;2;49;46;44;48;2;32;27;23m▀[38;2;43;41;38;48;2;31;26;22m▀[38;2;84;90;90;48;2;77;81;79m▀[38;2;75;78;74;48;2;87;94;93m▀[38;2;47;49;44;48;2;60;64;59m▀[38;2;77;89;82;48;2;70;77;75m▀[38;2;59;57;55;48;2;73;73;71m▀[38;2;59;47;33;48;2;57;51;47m▀[38;2;32;29;25;48;2;52;46;37m▀[38;2;71;75;74;48;2;60;58;57m▀[38;2;136;143;143;48;2;139;143;143m▀[38;2;163;171;174;48;2;160;167;170m▀[38;2;170;177;180;48;2;167;173;175m▀[38;2;176;180;182;48;2;174;178;181m▀[0m
[38;2;57;65;64;48;2;79;87;84m▀[38;2;86;97;94;48;2;84;95;90m▀[38;2;61;71;73;48;2;72;84;82m▀[38;2;30;36;38;48;2;35;38;42m▀[38;2;114;112;112;48;2;135;134;133m▀[38;2;188;194;200;48;2;188;194;201m▀[38;2;193;199;206;48;2;193;199;204m▀[38;2;211;216;221;48;2;210;214;220m▀[38;2;206;210;211;48;2;207;210;212m▀[38;2;220;222;226;48;2;217;222;226m▀[38;2;209;209;211;48;2;209;211;211m▀[38;2;219;222;226;48;2;219;223;226m▀[38;2;193;193;193;48;2;198;198;198m▀[38;2;200;206;208;48;2;202;206;209m▀[38;2;147;147;144;48;2;162;161;157m▀[38;2;83;79;75;48;2;92;87;83m▀[38;2;72;64;51;48;2;52;46;41m▀[38;2;58;52;42;48;2;30;29;23m▀[38;2;47;36;32;48;2;51;45;37m▀[38;2;24;17;16;48;2;46;40;36m▀[38;2;16;16;16;48;2;17;15;15m▀[38;2;19;19;23;48;2;67;62;62m▀[38;2;52;49;51;48;2;40;40;43m▀[38;2;47;50;55;48;2;83;89;105m▀[38;2;95;81;83;48;2;118;102;108m▀[38;2;95;98;110;48;2;109;110;122m▀[38;2;64;66;77;48;2;100;106;117m▀[38;2;31;31;35;48;2;88;93;103m▀[38;2;20;17;20;48;2;75;66;72m▀[38;2;15;15;17;48;2;50;51;57m▀[38;2;10;10;14;48;2;27;27;32m▀[38;2;20;17;21;48;2;16;13;16m▀[38;2;17;20;20;48;2;10;10;10m▀[38;2;14;12;12;48;2;3;3;3m▀[38;2;21;21;19;48;2;11;9;9m▀[38;2;46;37;33;48;2;26;20;17m▀[38;2;142;122;100;48;2;63;61;52m▀[38;2;68;55;45;48;2;88;82;72m▀[38;2;57;43;33;48;2;47;53;50m▀[38;2;106;81;57;48;2;72;61;50m▀[38;2;102;77;61;48;2;49;49;44m▀[38;2;63;67;62;48;2;88;88;83m▀[38;2;56;54;53;48;2;166;168;165m▀[38;2;37;31;23;48;2;79;81;76m▀[38;2;38;33;30;48;2;67;65;61m▀[38;2;28;23;19;48;2;45;41;34m▀[38;2;72;72;69;48;2;64;61;56m▀[38;2;83;88;84;48;2;67;59;50m▀[38;2;60;63;59;48;2;64;50;46m▀[38;2;66;77;74;48;2;65;76;77m▀[38;2;77;81;77;48;2;85;91;90m▀[38;2;36;33;30;48;2;40;39;35m▀[38;2;59;53;42;48;2;41;36;31m▀[38;2;40;39;33;48;2;42;36;27m▀[38;2;138;142;142;48;2;130;134;132m▀[38;2;155;163;167;48;2;152;160;163m▀[38;2;163;168;171;48;2;160;165;167m▀[38;2;171;177;179;48;2;168;175;178m▀[0m
[38;2;83;93;89;48;2;75;82;76m▀[38;2;79;88;85;48;2;90;100;95m▀[38;2;54;64;65;48;2;92;102;97m▀[38;2;43;43;48;48;2;65;68;68m▀[38;2;145;145;145;48;2;151;154;156m▀[38;2;189;195;202;48;2;190;196;203m▀[38;2;194;199;204;48;2;194;199;204m▀[38;2;208;213;218;48;2;206;211;216m▀[38;2;208;210;212;48;2;208;211;211m▀[38;2;216;221;225;48;2;215;219;223m▀[38;2;211;213;213;48;2;213;213;212m▀[38;2;221;224;226;48;2;221;223;226m▀[38;2;204;204;202;48;2;208;205;204m▀[38;2;203;206;209;48;2;204;205;207m▀[38;2;173;171;169;48;2;182;180;178m▀[38;2;105;101;96;48;2;111;108;105m▀[38;2;30;25;24;48;2;54;51;48m▀[38;2;20;20;16;48;2;33;33;29m▀[38;2;34;31;29;48;2;38;35;34m▀[38;2;34;31;31;48;2;28;25;24m▀[38;2;23;20;17;48;2;16;13;13m▀[38;2;32;29;27;48;2;45;50;57m▀[38;2;55;58;69;48;2;72;78;94m▀[38;2;107;110;125;48;2;110;105;117m▀[38;2;137;114;122;48;2;130;113;122m▀[38;2;108;110;123;48;2;114;115;129m▀[38;2;67;72;81;48;2;150;162;174m▀[38;2;82;87;97;48;2;110;121;132m▀[38;2;108;102;110;48;2;70;74;83m▀[38;2;100;105;115;48;2;93;98;108m▀[38;2;82;78;84;48;2;59;59;64m▀[38;2;53;49;53;48;2;70;70;77m▀[38;2;55;56;62;48;2;87;93;101m▀[38;2;59;62;66;48;2;94;96;107m▀[38;2;41;39;41;48;2;78;70;74m▀[38;2;34;32;32;48;2;91;93;103m▀[38;2;52;44;39;48;2;120;109;105m▀[38;2;73;75;71;48;2;90;83;88m▀[38;2;38;43;39;48;2;53;41;40m▀[38;2;81;62;49;48;2;67;51;44m▀[38;2;49;52;49;48;2;74;63;57m▀[38;2;115;115;112;48;2;192;188;186m▀[38;2;179;179;177;48;2;196;194;193m▀[38;2;87;90;83;48;2;97;100;93m▀[38;2;72;74;68;48;2;64;67;57m▀[38;2;71;68;63;48;2;51;44;36m▀[38;2;62;50;40;48;2;71;55;45m▀[38;2;40;27;20;48;2;30;27;30m▀[38;2;31;26;24;48;2;36;34;34m▀[38;2;23;28;28;48;2;16;14;14m▀[38;2;37;37;40;48;2;19;14;14m▀[38;2;41;34;30;48;2;51;28;30m▀[38;2;42;34;31;48;2;83;43;41m▀[38;2;54;45;34;48;2;57;47;37m▀[38;2;117;119;119;48;2;108;107;100m▀[38;2;148;155;159;48;2;146;151;153m▀[38;2;157;162;164;48;2;156;160;163m▀[38;2;169;175;180;48;2;170;177;180m▀[0m
[38;2;80;81;84;48;2;165;160;157m▀[38;2;40;43;46;48;2;179;175;174m▀[38;2;32;37;39;48;2;174;174;173m▀[38;2;66;70;68;48;2;153;153;151m▀[38;2;123;133;134;48;2;141;146;147m▀[38;2;191;197;203;48;2;194;197;202m▀[38;2;193;198;203;48;2;194;197;203m▀[38;2;204;210;215;48;2;202;207;212m▀[38;2;209;211;212;48;2;209;209;211m▀[38;2;213;217;222;48;2;211;215;219m▀[38;2;214;212;211;48;2;216;213;213m▀[38;2;219;222;226;48;2;219;220;225m▀[38;2;206;203;202;48;2;207;204;203m▀[38;2;203;204;206;48;2;201;201;203m▀[38;2;187;185;183;48;2;190;188;187m▀[38;2;115;113;106;48;2;122;117;113m▀[38;2;45;45;42;48;2;97;102;109m▀[38;2;75;80;89;48;2;100;107;122m▀[38;2;103;99;110;48;2;108;93;101m▀[38;2;102;106;117;48;2;106;112;127m▀[38;2;88;94;106;48;2;108;115;131m▀[38;2;86;94;107;48;2;115;123;139m▀[38;2;95;100;114;48;2;115;113;126m▀[38;2;125;119;133;48;2;119;114;127m▀[38;2;120;114;125;48;2;108;110;123m▀[38;2;112;116;129;48;2;110;117;130m▀[38;2;174;188;205;48;2;171;184;201m▀[38;2;178;194;213;48;2;160;176;195m▀[38;2;125;138;154;48;2;125;139;156m▀[38;2;134;141;153;48;2;141;149;161m▀[38;2;153;166;178;48;2;181;196;210m▀[38;2;121;133;141;48;2;188;202;217m▀[38;2;72;80;90;48;2;116;131;149m▀[38;2;73;77;86;48;2;154;164;177m▀[38;2;56;54;61;48;2;157;157;162m▀[38;2;117;107;99;48;2;118;118;122m▀[38;2;121;122;130;48;2;108;114;127m▀[38;2;127;114;121;48;2;129;121;129m▀[38;2;71;68;72;48;2;134;132;135m▀[38;2;80;76;72;48;2;114;107;101m▀[38;2;156;143;132;48;2;127;110;100m▀[38;2;198;193;189;48;2;154;137;129m▀[38;2;207;206;202;48;2;210;209;205m▀[38;2;80;79;73;48;2;88;88;81m▀[38;2;66;68;58;48;2;62;61;48m▀[38;2;31;30;24;48;2;25;23;21m▀[38;2;45;38;34;48;2;62;42;36m▀[38;2;37;35;34;48;2;68;45;40m▀[38;2;47;49;46;48;2;91;87;83m▀[38;2;30;30;26;48;2;58;62;56m▀[38;2;12;12;12;48;2;53;59;55m▀[38;2;12;9;9;48;2;13;13;13m▀[38;2;35;25;26;48;2;26;20;20m▀[38;2;67;61;54;48;2;62;46;44m▀[38;2;87;74;60;48;2;75;70;60m▀[38;2;129;128;123;48;2;63;66;60m▀[38;2;156;162;165;48;2;155;162;165m▀[38;2;168;174;178;48;2;162;168;171m▀[0m
[38;2;133;123;115;48;2;178;174;169m▀[38;2;135;125;117;48;2;167;163;158m▀[38;2;132;123;116;48;2;162;155;148m▀[38;2;148;141;137;48;2;152;145;137m▀[38;2;165;160;156;48;2;142;135;126m▀[38;2;180;176;176;48;2;144;135;124m▀[38;2;191;191;189;48;2;161;159;158m▀[38;2;198;202;206;48;2;193;196;201m▀[38;2;209;211;211;48;2;207;207;210m▀[38;2;210;213;217;48;2;208;211;215m▀[38;2;215;213;212;48;2;211;210;210m▀[38;2;218;220;222;48;2;213;217;219m▀[38;2;205;202;202;48;2;198;195;195m▀[38;2;201;199;201;48;2;192;193;197m▀[38;2;188;185;184;48;2;183;181;181m▀[38;2;127;125;128;48;2;117;120;126m▀[38;2;106;113;128;48;2;103;110;125m▀[38;2;100;106;120;48;2;102;94;106m▀[38;2;125;110;118;48;2;118;105;116m▀[38;2;86;93;103;48;2;91;95;103m▀[38;2;57;59;69;48;2;99;100;106m▀[38;2;81;85;98;48;2;73;76;79m▀[38;2;95;88;98;48;2;50;50;52m▀[38;2;111;106;117;48;2;43;43;47m▀[38;2;106;108;121;48;2;53;53;57m▀[38;2;105;101;112;48;2;70;65;73m▀[38;2;117;124;139;48;2;91;95;109m▀[38;2;141;149;165;48;2;110;117;133m▀[38;2;106;116;132;48;2;115;119;133m▀[38;2;139;147;159;48;2;113;112;126m▀[38;2;175;190;204;48;2;126;133;149m▀[38;2;179;193;210;48;2;171;177;190m▀[38;2;120;133;149;48;2;141;132;131m▀[38;2;161;158;162;48;2;163;169;181m▀[38;2;191;198;208;48;2;187;199;215m▀[38;2;141;156;174;48;2;148;162;180m▀[38;2;101;108;122;48;2;94;104;117m▀[38;2;127;114;124;48;2;121;116;127m▀[38;2;131;125;131;48;2;121;116;124m▀[38;2;125;115;108;48;2;131;126;120m▀[38;2;197;190;185;48;2;209;205;202m▀[38;2;209;202;196;48;2;187;178;174m▀[38;2;216;214;211;48;2;218;215;212m▀[38;2;73;76;74;48;2;112;116;113m▀[38;2;53;57;51;48;2;54;58;50m▀[38;2;31;30;25;48;2;23;23;19m▀[38;2;65;30;29;48;2;37;29;27m▀[38;2;59;35;32;48;2;75;47;34m▀[38;2;82;81;75;48;2;79;81;75m▀[38;2;69;73;68;48;2;78;80;73m▀[38;2;73;84;79;48;2;62;70;66m▀[38;2;28;28;29;48;2;48;50;50m▀[38;2;66;34;33;48;2;40;33;36m▀[38;2;72;45;43;48;2;47;35;34m▀[38;2;83;82;71;48;2;79;85;76m▀[38;2;74;74;66;48;2;111;109;105m▀[38;2;147;154;157;48;2;144;150;153m▀[38;2;157;162;164;48;2;151;156;158m▀[0m
[38;2;157;150;146;48;2;176;172;167m▀[38;2;169;163;160;48;2;164;161;154m▀[38;2;182;178;175;48;2;153;146;138m▀[38;2;185;184;179;48;2;151;144;137m▀[38;2;184;182;176;48;2;155;149;142m▀[38;2;171;168;164;48;2;165;161;158m▀[38;2;192;196;201;48;2;195;199;204m▀[38;2;197;200;204;48;2;195;198;202m▀[38;2;203;205;207;48;2;200;201;205m▀[38;2;204;208;212;48;2;199;205;207m▀[38;2;204;202;204;48;2;196;196;198m▀[38;2;207;210;215;48;2;201;205;209m▀[38;2;186;184;186;48;2;183;181;183m▀[38;2;183;186;189;48;2;175;177;182m▀[38;2;170;167;169;48;2;155;157;158m▀[38;2;105;110;120;48;2;96;102;113m▀[38;2;99;105;117;48;2;98;104;117m▀[38;2;120;107;120;48;2;118;105;117m▀[38;2;111;107;121;48;2;109;108;123m▀[38;2;117;122;133;48;2;118;123;135m▀[38;2;137;147;159;48;2;154;163;179m▀[38;2;139;149;161;48;2;150;164;179m▀[38;2;152;160;172;48;2;153;167;186m▀[38;2;142;147;155;48;2;156;170;186m▀[38;2;105;106;113;48;2;141;153;167m▀[38;2;99;102;106;48;2;152;166;182m▀[38;2;69;69;73;48;2;169;179;193m▀[38;2;53;54;60;48;2;136;145;158m▀[38;2;56;57;64;48;2;141;146;156m▀[38;2;57;50;55;48;2;101;106;112m▀[38;2;48;49;60;48;2;61;68;73m▀[38;2;104;102;110;48;2;137;143;155m▀[38;2;179;170;186;48;2;192;177;194m▀[38;2;187;200;215;48;2;201;205;222m▀[38;2;170;181;198;48;2;207;169;190m▀[38;2;160;171;188;48;2;203;213;225m▀[38;2;111;120;136;48;2;190;202;216m▀[38;2;120;122;134;48;2;164;176;190m▀[38;2;124;124;136;48;2;140;146;159m▀[38;2;113;118;128;48;2;107;114;129m▀[38;2;165;164;169;48;2;99;92;104m▀[38;2;164;159;159;48;2;118;124;139m▀[38;2;211;206;201;48;2;130;125;125m▀[38;2;129;132;129;48;2;113;116;120m▀[38;2;67;72;67;48;2;66;69;65m▀[38;2;40;41;36;48;2;69;74;68m▀[38;2;19;16;15;48;2;31;31;28m▀[38;2;41;30;25;48;2;32;36;34m▀[38;2;82;56;46;48;2;48;40;37m▀[38;2;72;76;71;48;2;63;52;48m▀[38;2;37;40;41;48;2;72;70;69m▀[38;2;25;22;21;48;2;46;49;49m▀[38;2;21;21;21;48;2;66;46;42m▀[38;2;69;50;49;48;2;35;34;30m▀[38;2;81;86;81;48;2;72;80;74m▀[38;2;106;105;99;48;2;101;100;92m▀[38;2;139;144;147;48;2;134;139;141m▀[38;2;146;150;150;48;2;141;145;146m▀[0m
[38;2;179;175;173;48;2;175;173;170m▀[38;2;179;176;173;48;2;176;172;171m▀[38;2;179;177;173;48;2;176;175;172m▀[38;2;181;176;172;48;2;178;175;172m▀[38;2;177;174;167;48;2;178;175;171m▀[38;2;174;174;174;48;2;178;181;181m▀[38;2;193;197;201;48;2;190;195;199m▀[38;2;192;195;198;48;2;188;192;195m▀[38;2;197;200;203;48;2;195;198;202m▀[38;2;195;200;202;48;2;190;195;198m▀[38;2;193;194;197;48;2;189;192;195m▀[38;2;195;200;205;48;2;191;195;199m▀[38;2;178;180;181;48;2;177;177;179m▀[38;2;167;172;176;48;2;163;166;169m▀[38;2;143;146;148;48;2;135;139;142m▀[38;2;93;100;113;48;2;89;98;113m▀[38;2;96;102;117;48;2;94;101;116m▀[38;2;102;90;99;48;2;109;104;116m▀[38;2;108;110;126;48;2;109;113;128m▀[38;2;106;112;124;48;2;109;117;132m▀[38;2;132;139;151;48;2;118;125;134m▀[38;2;133;145;162;48;2;164;173;184m▀[38;2;162;175;192;48;2;179;190;202m▀[38;2;171;183;200;48;2;176;188;204m▀[38;2;177;190;205;48;2;179;192;208m▀[38;2;172;186;205;48;2;153;166;184m▀[38;2;197;211;228;48;2;198;211;228m▀[38;2;174;187;204;48;2;171;184;201m▀[38;2;160;175;191;48;2;161;175;192m▀[38;2;150;162;178;48;2;144;160;177m▀[38;2;134;152;173;48;2;140;160;182m▀[38;2;143;148;164;48;2;150;150;165m▀[38;2;171;164;179;48;2;191;156;176m▀[38;2;205;169;188;48;2;206;191;207m▀[38;2;208;186;201;48;2;205;188;205m▀[38;2;210;180;197;48;2;203;190;205m▀[38;2;217;166;182;48;2;205;190;205m▀[38;2;202;213;227;48;2;203;209;220m▀[38;2;199;194;210;48;2;211;170;188m▀[38;2;184;195;209;48;2;202;208;218m▀[38;2;134;139;152;48;2;187;162;180m▀[38;2;118;120;133;48;2;183;166;183m▀[38;2;114;107;108;48;2;138;145;159m▀[38;2;111;104;111;48;2;120;109;113m▀[38;2;89;95;88;48;2;90;94;90m▀[38;2;74;79;75;48;2;77;87;81m▀[38;2;53;56;53;48;2;70;76;72m▀[38;2;47;42;39;48;2;73;75;70m▀[38;2;44;47;50;48;2;62;71;79m▀[38;2;125;119;107;48;2;66;66;64m▀[38;2;134;130;122;48;2;98;95;88m▀[38;2;104;103;93;48;2;78;75;72m▀[38;2;64;49;45;48;2;50;51;52m▀[38;2;70;70;66;48;2;68;73;69m▀[38;2;70;76;70;48;2;63;69;65m▀[38;2;90;94;89;48;2;85;91;87m▀[38;2;129;134;137;48;2;123;129;130m▀[38;2;137;142;143;48;2;135;140;143m▀[0m
[38;2;100;92;90;48;2;47;38;31m▀[38;2;123;117;116;48;2;49;40;34m▀[38;2;146;141;139;48;2;52;43;37m▀[38;2;167;163;160;48;2;60;52;45m▀[38;2;175;172;169;48;2;108;104;104m▀[38;2;177;180;181;48;2;165;166;171m▀[38;2;188;192;197;48;2;184;188;194m▀[38;2;184;188;190;48;2;180;183;186m▀[38;2;192;195;199;48;2;188;192;197m▀[38;2;186;189;193;48;2;181;184;186m▀[38;2;187;189;193;48;2;183;186;190m▀[38;2;186;191;193;48;2;181;184;188m▀[38;2;175;175;179;48;2;172;173;177m▀[38;2;157;161;164;48;2;151;155;157m▀[38;2;126;130;134;48;2;115;118;125m▀[38;2;89;96;109;48;2;73;80;91m▀[38;2;90;96;107;48;2;48;45;48m▀[38;2;102;95;105;48;2;56;48;53m▀[38;2;110;107;120;48;2;67;67;74m▀[38;2;104;112;127;48;2;80;85;96m▀[38;2;99;105;119;48;2;93;86;95m▀[38;2;110;116;127;48;2;96;89;97m▀[38;2;121;125;138;48;2;96;100;115m▀[38;2;124;130;141;48;2;91;96;109m▀[38;2;146;151;164;48;2;96;97;109m▀[38;2;171;180;194;48;2;98;100;112m▀[38;2;178;189;203;48;2;107;110;123m▀[38;2;166;178;192;48;2;123;127;140m▀[38;2;173;187;201;48;2;130;136;148m▀[38;2;158;172;189;48;2;120;127;139m▀[38;2;131;147;167;48;2;96;103;119m▀[38;2;159;147;163;48;2;69;71;82m▀[38;2;185;187;205;48;2;106;107;119m▀[38;2;195;187;203;48;2;162;165;179m▀[38;2;209;179;197;48;2;201;174;191m▀[38;2;208;215;225;48;2;208;213;223m▀[38;2;203;188;204;48;2;201;174;192m▀[38;2;199;178;195;48;2;203;186;200m▀[38;2;204;168;186;48;2;199;185;200m▀[38;2;197;204;218;48;2;197;191;206m▀[38;2;194;174;190;48;2;184;184;202m▀[38;2;191;186;200;48;2;182;171;187m▀[38;2;150;159;175;48;2;134;140;153m▀[38;2;127;129;141;48;2;108;104;112m▀[38;2;104;109;108;48;2;104;109;111m▀[38;2;94;100;95;48;2;103;109;106m▀[38;2;63;71;68;48;2;108;116;112m▀[38;2;83;85;76;48;2;98;101;95m▀[38;2;40;44;40;48;2;68;72;66m▀[38;2;28;30;30;48;2;47;56;64m▀[38;2;68;63;53;48;2;44;50;56m▀[38;2;38;38;35;48;2;65;74;77m▀[38;2;53;59;58;48;2;83;88;85m▀[38;2;77;84;77;48;2;77;83;78m▀[38;2;70;74;68;48;2;74;84;79m▀[38;2;66;70;66;48;2;71;77;72m▀[38;2;117;123;123;48;2;108;114;114m▀[38;2;137;142;144;48;2;136;142;145m▀[0m
[38;2;33;24;20;48;2;21;17;12m▀[38;2;35;28;22;48;2;24;18;15m▀[38;2;39;30;25;48;2;26;20;17m▀[38;2;67;59;52;48;2;98;94;92m▀[38;2;144;145;152;48;2;154;159;166m▀[38;2;164;168;171;48;2;162;165;167m▀[38;2;180;185;191;48;2;176;181;186m▀[38;2;176;179;180;48;2;172;174;175m▀[38;2;185;189;194;48;2;181;185;190m▀[38;2;176;179;182;48;2;172;173;177m▀[38;2;181;183;187;48;2;179;179;185m▀[38;2;175;179;182;48;2;170;173;176m▀[38;2;171;171;175;48;2;169;171;172m▀[38;2;145;148;151;48;2;142;142;144m▀[38;2;106;107;111;48;2;115;115;115m▀[38;2;42;39;38;48;2;66;60;57m▀[38;2;28;24;22;48;2;51;45;42m▀[38;2;26;21;20;48;2;51;44;42m▀[38;2;25;20;18;48;2;46;40;38m▀[38;2;27;22;21;48;2;39;34;32m▀[38;2;39;29;28;48;2;29;25;21m▀[38;2;41;36;38;48;2;22;18;17m▀[38;2;48;47;53;48;2;23;20;18m▀[38;2;58;58;65;48;2;25;20;17m▀[38;2;68;58;64;48;2;25;20;18m▀[38;2;78;78;89;48;2;25;20;20m▀[38;2;89;86;96;48;2;29;22;22m▀[38;2;97;88;99;48;2;46;39;43m▀[38;2;95;101;115;48;2;60;59;66m▀[38;2;92;98;109;48;2;69;74;81m▀[38;2;84;89;98;48;2;80;82;92m▀[38;2;72;77;85;48;2;87;76;87m▀[38;2;53;54;59;48;2;95;97;109m▀[38;2;31;31;34;48;2;84;86;96m▀[38;2;56;53;60;48;2;63;62;68m▀[38;2;118;120;131;48;2;41;44;46m▀[38;2;176;172;185;48;2;28;26;30m▀[38;2;195;204;216;48;2;61;62;71m▀[38;2;196;170;187;48;2;124;124;136m▀[38;2;192;174;189;48;2;176;183;197m▀[38;2;189;200;213;48;2;183;162;179m▀[38;2;186;164;181;48;2;173;165;181m▀[38;2;128;136;151;48;2;122;127;138m▀[38;2;92;85;91;48;2;103;100;107m▀[38;2;139;140;143;48;2;123;119;118m▀[38;2;132;136;138;48;2;149;143;136m▀[38;2;96;102;105;48;2;167;163;159m▀[38;2;87;90;86;48;2;175;172;169m▀[38;2;86;91;87;48;2;169;167;165m▀[38;2;75;84;90;48;2;145;146;144m▀[38;2;76;89;102;48;2;99;110;123m▀[38;2;77;92;105;48;2;98;111;125m▀[38;2;87;97;98;48;2;103;115;127m▀[38;2;79;85;82;48;2;85;89;87m▀[38;2;81;88;84;48;2;93;98;95m▀[38;2;62;68;65;48;2;87;95;92m▀[38;2;105;109;109;48;2;98;102;100m▀[38;2;130;136;140;48;2;123;129;132m▀[0m
[38;2;20;16;13;48;2;19;14;12m▀[38;2;21;17;14;48;2;21;16;13m▀[38;2;25;20;18;48;2;28;22;21m▀[38;2;115;117;118;48;2;125;125;130m▀[38;2;156;161;169;48;2;156;161;166m▀[38;2;159;162;164;48;2;156;158;161m▀[38;2;171;176;183;48;2;167;171;175m▀[38;2;168;169;170;48;2;164;164;167m▀[38;2;178;181;186;48;2;173;177;182m▀[38;2;168;169;170;48;2;163;165;165m▀[38;2;175;178;181;48;2;172;175;178m▀[38;2;165;168;170;48;2;161;164;164m▀[38;2;167;167;170;48;2;165;165;168m▀[38;2;139;139;139;48;2;137;135;134m▀[38;2;117;112;110;48;2;117;112;109m▀[38;2;64;58;52;48;2;65;58;51m▀[38;2;37;28;24;48;2;32;26;20m▀[38;2;41;32;26;48;2;37;30;26m▀[38;2;47;38;30;48;2;43;33;27m▀[38;2;51;42;33;48;2;45;37;28m▀[38;2;53;45;37;48;2;45;36;28m▀[38;2;51;44;38;48;2;44;34;27m▀[38;2;47;39;36;48;2;42;32;26m▀[38;2;41;35;32;48;2;40;31;24m▀[38;2;34;29;27;48;2;40;31;27m▀[38;2;29;24;22;48;2;44;34;28m▀[38;2;22;18;17;48;2;47;38;32m▀[38;2;21;15;15;48;2;45;38;32m▀[38;2;23;18;17;48;2;43;37;33m▀[38;2;26;20;19;48;2;41;37;33m▀[38;2;30;22;25;48;2;39;34;32m▀[38;2;36;30;32;48;2;33;28;25m▀[38;2;47;45;49;48;2;32;25;23m▀[38;2;57;57;63;48;2;33;28;27m▀[38;2;64;57;62;48;2;37;31;28m▀[38;2;72;70;76;48;2;38;32;32m▀[38;2;74;77;85;48;2;41;37;36m▀[38;2;63;66;70;48;2;51;47;50m▀[38;2;39;37;39;48;2;55;52;54m▀[38;2;32;29;33;48;2;57;55;58m▀[38;2;75;76;86;48;2;49;49;52m▀[38;2;116;116;126;48;2;61;57;59m▀[38;2;108;110;121;48;2;88;89;98m▀[38;2;106;104;114;48;2;91;92;100m▀[38;2;135;133;136;48;2;116;112;115m▀[38;2;164;159;152;48;2;174;170;166m▀[38;2;147;141;132;48;2;188;185;182m▀[38;2;131;125;113;48;2;189;186;184m▀[38;2;123;118;108;48;2;171;170;166m▀[38;2;123;118;111;48;2;119;116;113m▀[38;2;100;103;105;48;2;102;104;105m▀[38;2;96;107;118;48;2;82;93;103m▀[38;2;108;118;130;48;2;83;92;101m▀[38;2;122;126;127;48;2;100;103;104m▀[38;2;101;101;98;48;2;124;120;114m▀[38;2;69;71;68;48;2;137;135;131m▀[38;2;63;68;63;48;2;143;141;139m▀[38;2;107;115;117;48;2;141;143;142m▀[0m
